sep=;
unknown1; unknown2; currentSpeed; currentLimit; nextLimit; distance; gaspedal; brakepedal; timestamp
0.2195046991;100;80;900;0;0;0.04997749627;-2.752091405e-006;1.874997258;
0.3821132779;100;80;512.0512085;0;0;0.1499771327;4.307549261e-006;1.875004292;
0.5481290221;100;80;512.0401611;0;0;0.2499839664;2.283597678e-005;1.875022888;
0.6938285828;100;80;512.024353;0;0;0.3499979675;3.926793579e-005;1.87503922;
0.8430758119;100;80;512.0062256;0;0;0.449998647;5.245139982e-005;1.875052452;
0.9767199755;100;80;511.9822083;0;0;0.5500018597;6.326712901e-005;1.8750633;
1.118052125;100;80;511.9562378;0;0;0.6500005126;8.048200107e-005;1.875080466;
1.244899631;100;80;511.9242554;0;0;0.7500052452;0.0001003215584;1.875100374;
1.378831863;100;80;511.8911133;0;0;0.8500136137;0.0001248559274;1.875124812;
1.499323487;100;80;511.8515015;0;0;0.9500137568;0.0001520787046;1.875152111;
1.626422763;100;80;511.8115845;0;0;1.050021648;0.0001887219114;1.875188708;
1.740830064;100;80;511.7647705;0;0;1.150020242;0.0002296990715;1.875229716;
1.861634135;100;80;511.7183838;0;0;1.25003016;0.0002815254848;1.875281572;
1.970271349;100;80;511.6647949;0;0;1.350031376;0.0003393834049;1.875339389;
2.08494997;100;80;511.6122742;0;0;1.450037599;0.0004136799544;1.875413656;
2.188148737;100;80;511.5521851;0;0;1.550053239;0.0004939481732;1.875494003;
2.297031403;100;80;511.493866;0;0;1.650040507;0.0005941249547;1.875594139;
2.394853592;100;80;511.4276733;0;0;1.750053048;0.0007006469532;1.875700593;
2.498092651;100;80;511.3638306;0;0;1.850051045;0.0008336115279;1.875833631;
2.590885401;100;80;511.2917786;0;0;1.95006001;0.0009729475132;1.875972986;
2.688653946;100;80;511.2227173;0;0;2.050069809;0.001143673086;1.876143694;
2.776534081;100;80;511.1451721;0;0;2.150064468;0.001321112271;1.876321077;
2.86922884;100;80;511.0711365;0;0;2.25007081;0.001535450108;1.876535416;
2.95244956;100;80;510.9884033;0;0;2.350081205;0.001756233512;1.876756191;
3.040280819;100;80;510.909668;0;0;2.450088978;0.002020397922;1.877020359;
3.119158268;100;80;510.8219604;0;0;2.550090551;0.002288830467;1.877288818;
3.202374935;100;80;510.7388;0;0;2.650099993;0.002608785406;1.877608776;
3.277179718;100;80;510.6463928;0;0;2.75009346;0.002931060502;1.877931118;
3.35601759;100;80;510.559021;0;0;2.850096226;0.003311587963;1.878311634;
3.426925421;100;80;510.4621582;0;0;2.950103045;0.00369271799;1.878692746;
3.501652241;100;80;510.3707886;0;0;3.05010581;0.004139598925;1.879139543;
3.568829536;100;80;510.2697449;0;0;3.150109529;0.004584543407;1.879584551;
3.639580488;100;80;510.1745911;0;0;3.250115871;0.005103015341;1.880102992;
3.703171968;100;80;510.0695496;0;0;3.350135565;0.005616619252;1.880616665;
3.77017045;100;80;509.9707947;0;0;3.450146914;0.006211918779;1.881211877;
3.859903812;100;80;509.8110962;0;0;3.600129843;0.007105805911;1.882105827;
3.922562361;100;80;509.6995544;0;0;3.700135946;0.007803654298;1.882803679;
3.978847742;100;80;509.5949402;0;0;3.800144434;0.008487698622;1.883487701;
4.038243294;100;80;509.47995;0;0;3.900138378;0.009273303673;1.884273291;
4.091585159;100;80;509.3722839;0;0;4.000145912;0.01004052814;1.885040522;
4.147891045;100;80;509.2540283;0;0;4.100150585;0.01091871969;1.885918736;
4.198482037;100;80;509.1434326;0;0;4.200181961;0.0117734829;1.886773467;
4.251894474;100;80;509.0220947;0;0;4.300163746;0.01274857111;1.887748599;
4.299870968;100;80;508.9087219;0;0;4.400166035;0.01369484514;1.888694882;
4.350512028;100;80;508.7844543;0;0;4.500164986;0.01477094647;1.889770985;
4.39603138;100;80;508.668457;0;0;4.600170612;0.01581286266;1.890812874;
4.444014549;100;80;508.5414429;0;0;4.700176716;0.01699440554;1.891994357;
4.487139225;100;80;508.4229431;0;0;4.800180912;0.01813487709;1.893134832;
4.532563686;100;80;508.2932739;0;0;4.900185108;0.0194258634;1.894425869;
4.573359013;100;80;508.1717834;0;0;5.00018692;0.02066869102;1.895668745;
4.616336823;100;80;508.0402527;0;0;5.100205898;0.02207248844;1.897072434;
4.655070305;100;80;507.9171753;0;0;5.200213432;0.02342849225;1.89842844;
4.695464611;100;80;507.7826843;0;0;5.300199986;0.02494089864;1.899940848;
4.731841564;100;80;507.6574707;0;0;5.400212765;0.02639879473;1.901398778;
4.770100594;100;80;507.5200806;0;0;5.500210762;0.02803782187;1.903037786;
4.804597855;100;80;507.3928833;0;0;5.600240231;0.02961519919;1.904615164;
4.840758324;100;80;507.2547302;0;0;5.700223923;0.0313770324;1.906377077;
4.873244762;100;80;507.125;0;0;5.800244808;0.0330607146;1.90806067;
4.907498837;100;80;506.9841919;0;0;5.90022707;0.03494801372;1.909947991;
4.938215733;100;80;506.853363;0;0;6.000229359;0.03674845397;1.911748409;
4.97055006;100;80;506.7106628;0;0;6.100236416;0.03876334801;1.913763404;
4.999632835;100;80;506.5781555;0;0;6.200257301;0.04068330303;1.91568327;
5.030267715;100;80;506.4336853;0;0;6.30026722;0.04282867908;1.917828679;
5.057774067;100;80;506.2995911;0;0;6.400251389;0.04486993328;1.9198699;
5.086751461;100;80;506.1534424;0;0;6.500254631;0.04714813456;1.922148108;
5.112734795;100;80;506.0178223;0;0;6.600261688;0.04931341112;1.924313426;
5.14004612;100;80;505.8701172;0;0;6.700266361;0.05172663927;1.92672658;
5.164511204;100;80;505.7330627;0;0;6.800266266;0.05401712656;1.929017067;
5.190230846;100;80;505.5838623;0;0;6.900299072;0.05656746775;1.93156743;
5.213227272;100;80;505.4454956;0;0;7.000275612;0.05898539722;1.933985353;
5.25895834;100;80;505.1552429;0;0;7.200286388;0.06422108412;1.939221025;
5.281589508;100;80;505.0033264;0;0;7.300290585;0.06705036014;1.942050338;
5.301605701;100;80;504.8639832;0;0;7.400297642;0.06969903409;1.944699049;
5.322875023;100;80;504.7108154;0;0;7.50029707;0.07266914845;1.947669148;
5.341931343;100;80;504.5689087;0;0;7.600309372;0.07547707111;1.950477123;
5.36194706;100;80;504.4146118;0;0;7.700340748;0.07859037071;1.953590393;
5.379870415;100;80;504.271637;0;0;7.799314499;0.08153055608;1.956530571;
5.398709774;100;80;504.1162415;0;0;7.899315357;0.08478810638;1.959788084;
5.415563583;100;80;503.9723206;0;0;7.999322414;0.08786221594;1.962862253;
5.43326807;100;80;503.8158875;0;0;8.099334717;0.09126520157;1.966265202;
5.449114323;100;80;503.6710205;0;0;8.199327469;0.09447366744;1.96947372;
5.465789795;100;80;503.5136414;0;0;8.299332619;0.09802297503;1.973022938;
5.480772495;100;80;503.3679199;0;0;8.399348259;0.1013591066;1.976359129;
5.496306419;100;80;503.2096252;0;0;8.499342918;0.1050191447;1.980019093;
5.509836674;100;80;503.0630798;0;0;8.599345207;0.1083946824;1.983394623;
5.524306297;100;80;502.9039307;0;0;8.699353218;0.1119606942;1.986960649;
5.537542343;100;80;502.7566833;0;0;8.799375534;0.1151176095;1.99011755;
5.551467896;100;80;502.5967102;0;0;8.899353981;0.1183983609;1.993398309;
5.563871861;100;80;502.4487;0;0;8.999363899;0.1213145629;1.996314526;
5.576803684;100;80;502.2879944;0;0;9.099368095;0.124346897;1.999346852;
5.588125706;100;80;502.1393127;0;0;9.199369431;0.1270142645;2.00201416;
5.599782467;100;80;501.9779053;0;0;9.299379349;0.1297412962;2.004741192;
5.610484123;100;80;501.8285828;0;0;9.399382591;0.1320744753;2.007074356;
5.622087002;100;80;501.6665039;0;0;9.499388695;0.1343649179;2.009364843;
5.632526875;100;80;501.5166016;0;0;9.599392891;0.1362593919;2.011259317;
5.643413544;100;80;501.3538818;0;0;9.699398994;0.138084501;2.013084412;
5.653147697;100;80;501.2033997;0;0;9.799406052;0.1395587623;2.014558792;
5.663429737;100;80;501.0401001;0;0;9.899412155;0.1409224272;2.015922308;
5.672679424;100;80;500.8890686;0;0;9.999406815;0.141963914;2.016963959;
5.682375908;100;80;500.7251892;0;0;10.0994339;0.1428569555;2.017857075;
5.691082001;100;80;500.5736694;0;0;10.19943619;0.1434637159;2.018463612;
5.700242996;100;80;500.4092712;0;0;10.29941654;0.1438833624;2.018883467;
5.708494663;100;80;500.2572632;0;0;10.3994236;0.1440502852;2.01905036;
5.717154026;100;80;500.0923462;0;0;10.4994278;0.1439909935;2.018990993;
5.724916935;100;80;499.9398804;0;0;10.59943008;0.143714264;2.01871419;
5.733099937;100;80;499.7744751;0;0;10.69945526;0.1431725025;2.018172503;
5.74045229;100;80;499.6216125;0;0;10.79943848;0.1424484104;2.017448425;
5.748194695;100;80;499.45578;0;0;10.89944553;0.1414198428;2.016419888;
5.755115986;100;80;499.3024902;0;0;10.99944973;0.1402448416;2.015244722;
5.76213026;100;80;499.1362305;0;0;11.09945488;0.1387213618;2.013721466;
5.768007755;100;80;498.982605;0;0;11.19945908;0.1370762885;2.012076378;
5.773906708;100;80;498.815979;0;0;11.29946613;0.1350060552;2.010005951;
5.779160023;100;80;498.6620178;0;0;11.39949989;0.1327845007;2.007784605;
5.785180092;100;80;498.4950867;0;0;11.49948025;0.1300037056;2.005003691;
5.790941238;100;80;498.3408203;0;0;11.59947109;0.1270692647;2.002069235;
5.797026157;100;80;498.1735535;0;0;11.69948483;0.1234920025;1.998492002;
5.802399158;100;80;498.0190125;0;0;11.79948139;0.119827196;1.994827151;
5.808010101;100;80;497.8514404;0;0;11.89949226;0.115464434;1.990464449;
5.813344955;100;80;497.6966248;0;0;11.99949551;0.1110751331;1.986075163;
5.81944561;100;80;497.5287476;0;0;12.09949017;0.105932422;1.980932474;
5.824884415;100;80;497.3736267;0;0;12.19952679;0.1008495614;1.975849509;
5.830376625;100;80;497.2054443;0;0;12.29951;0.09502009302;1.970020056;
5.83529377;100;80;497.0436096;0;0;12.39950562;0.08912207186;1.964122057;
5.839673519;100;80;496.8881226;0;0;12.49950981;0.08320078254;1.958200812;
5.844202995;100;80;496.7195435;0;0;12.59952736;0.07650534064;1.951505303;
5.848282814;100;80;496.5638123;0;0;12.69952202;0.07006250322;1.945062518;
5.852822304;100;80;496.3950195;0;0;12.79952621;0.06280083954;1.937800884;
5.857135296;100;80;496.2391052;0;0;12.89956188;0.05584308878;1.930843115;
5.861444473;100;80;496.0830688;0;0;12.99953461;0.04805362225;1.923053622;
5.865018845;100;80;495.9139404;0;0;13.0995636;0.04066488147;1.915664911;
5.868708611;100;80;495.7446899;0;0;13.19954872;0.03244931996;1.907449365;
5.872046471;100;80;495.5884094;0;0;13.2995491;0.0246596206;1.899659634;
5.875562191;100;80;495.4189758;0;0;13.39955139;0.01599554531;1.890995502;
5.878685474;100;80;495.2625122;0;0;13.4995575;0.007793479599;1.882793427;
5.881923676;100;80;495.092926;0;0;13.59955883;-0.001312987995;1.873687029;
5.884832382;100;80;494.9363098;0;0;13.69959068;-0.009924747981;1.865075231;
5.887868881;100;80;494.766571;0;0;13.7995739;-0.019477088;1.855522871;
5.890571117;100;80;494.6098022;0;0;13.89957905;-0.02850003354;1.84649992;
5.893389702;100;80;494.4399109;0;0;13.99958134;-0.03849742934;1.836502552;
5.89591217;100;80;494.2830505;0;0;14.0996151;-0.04793146998;1.827068567;
5.898533821;100;80;494.1130371;0;0;14.19958878;-0.05837533996;1.816624641;
5.900866508;100;80;493.9560547;0;0;14.29959106;-0.0682220161;1.806777954;
5.903307915;100;80;493.7859192;0;0;14.39962959;-0.07911223918;1.795887709;
5.9054842;100;80;493.6288452;0;0;14.49960232;-0.08937031776;1.78562963;
5.907755375;100;80;493.4586182;0;0;14.5996151;-0.100707069;1.774292946;
5.909772396;100;80;493.3014221;0;0;14.6996212;-0.1113784239;1.763621569;
5.911878586;100;80;493.1311035;0;0;14.79961491;-0.1231624633;1.751837492;
5.913752556;100;80;492.9738464;0;0;14.89961624;-0.1342463195;1.740753651;
5.915708065;100;80;492.8034363;0;0;14.99963284;-0.1464773864;1.728522658;
5.917459488;100;80;492.6461182;0;0;15.09962654;-0.1579740644;1.717025995;
5.919274807;100;80;492.4756165;0;0;15.19963741;-0.1706528068;1.704347134;
5.920881748;100;80;492.3182373;0;0;15.29963875;-0.1825630069;1.692436934;
5.922569752;100;80;492.1476746;0;0;15.39966488;-0.1956892312;1.679310799;
5.924065113;100;80;491.9902344;0;0;15.49965763;-0.2080121934;1.666987777;
5.92564249;100;80;491.8196411;0;0;15.59965515;-0.2215860635;1.653413892;
5.927027702;100;80;491.6621399;0;0;15.69965172;-0.2343227416;1.640677214;
5.928471565;100;80;491.4914856;0;0;15.79965496;-0.2483444363;1.626655579;
5.929765701;100;80;491.3339233;0;0;15.8996973;-0.2614943385;1.613505721;
5.932313442;100;80;491.0056763;0;0;16.09970284;-0.2895266414;1.585473299;
5.933555126;100;80;490.8349304;0;0;16.19970322;-0.3044438958;1.570556164;
5.934657097;100;80;490.6773376;0;0;16.2996769;-0.3184206188;1.556579351;
5.935809612;100;80;490.5065918;0;0;16.39968109;-0.3337858319;1.541214228;
5.936844826;100;80;490.3489685;0;0;16.49970245;-0.3481753767;1.526824594;
5.937912464;100;80;490.1781921;0;0;16.59971428;-0.3639878631;1.511012077;
5.938867569;100;80;490.0205383;0;0;16.69969749;-0.3787911236;1.496208906;
5.939866543;100;80;489.8628845;0;0;16.79970169;-0.3951303661;1.479869604;
5.940735817;100;80;489.6920776;0;0;16.89970398;-0.4102676809;1.464732289;
5.941647053;100;80;489.5213013;0;0;16.99970818;-0.4269757569;1.448024273;
5.942483425;100;80;489.3636169;0;0;17.09971237;-0.4426868856;1.432313085;
5.943335533;100;80;489.1928101;0;0;17.19971657;-0.4598434865;1.415156484;
5.944077492;100;80;489.0351563;0;0;17.29972267;-0.4758869112;1.399113059;
5.944863319;100;80;488.8635254;0;0;17.39972496;-0.4934908748;1.381509185;
5.945563793;100;80;488.7058716;0;0;17.49973106;-0.5099471211;1.365052938;
5.946308613;100;80;488.5350647;0;0;17.59973526;-0.5279980898;1.34700191;
5.946956158;100;80;488.3774109;0;0;17.69974899;-0.5448671579;1.330132842;
5.947626114;100;80;488.2066345;0;0;17.79974747;-0.5633655787;1.311634421;
5.948219299;100;80;488.0489807;0;0;17.89975166;-0.5806472898;1.294352651;
5.948843956;100;80;487.8782043;0;0;17.99975395;-0.5995925665;1.275407434;
5.949403763;100;80;487.7205811;0;0;18.09978104;-0.6172863841;1.257713675;
5.949986935;100;80;487.5498047;0;0;18.19976234;-0.6366784573;1.238321543;
5.95048666;100;80;487.3922119;0;0;18.29976654;-0.6547853351;1.220214725;
5.950636864;100;80;487.2214661;0;0;18.39977074;-0.6746312976;1.200368762;
5.950548172;100;80;487.0638733;0;0;18.49977303;-0.6931692362;1.181830764;
5.950819969;100;80;486.893219;0;0;18.59978104;-0.7135213017;1.161478758;
5.953148365;100;80;486.7356873;0.2890713215;0;18.69979095;-0.7325861454;1.142413855;
6.12340498;100;80;486.5648193;1;0;18.79979706;-0.7537431717;1.121256828;
6.78417778;100;80;486.4014282;1;0;18.8998127;-0.7750543356;1.099945664;
8.110990524;100;80;486.2021484;1;0;18.99979591;-0.8022755384;1.072724462;
9.487523079;100;80;485.9838867;1;0;19.09980011;-0.83239609;1.04260385;
11.02328682;100;80;485.7079468;1;0;19.1998024;-0.8704621196;1.004537821;
12.46062088;100;80;485.4154053;1;0;19.29981041;-0.9108640552;0.9641359448;
13.97795582;100;80;485.0559387;1;0;19.39980888;-0.9600827098;0.9149172902;
15.37490749;100;80;484.685791;1;0;19.4998188;-1.010291338;0.8647087216;
16.90642548;100;80;484.2431335;0.8000000119;0;19.599823;-1.069889665;0.8051103354;
18.31179428;100;80;483.7955627;0.8000000119;0;19.69982529;-1.129715919;0.7452840209;
19.71922874;100;80;483.2689514;0.8454999924;0;19.79982758;-1.199501276;0.6754987836;
20.76131439;100;80;482.748291;0.9415000081;0;19.89983749;-1.26759088;0.6074091792;
21.77557755;100;80;482.1535034;1;0;19.99984741;-1.344891429;0.5301085711;
22.60425377;100;80;481.5783691;1;0;20.09984207;-1.419036746;0.455963254;
23.51003456;100;80;480.9303284;1;0;20.19984627;-1.502337337;0.3726626337;
24.35356712;100;80;480.3086548;1;0;20.29986;-1.582148433;0.2928515375;
25.27227402;100;80;479.6099243;1;0;20.39986229;-1.671929002;0.2030710578;
26.12477493;100;80;478.9416199;1;0;20.49986076;-1.758069038;0.1169310138;
27.05636597;100;80;478.1921387;1;0;20.59986687;-1.855199099;0.01980095543;
27.92887688;100;80;477.4766846;1;0;20.69986725;-1.80136764;-0.0736323595;
28.88966942;100;80;476.6756592;1;0;20.79987335;-1.695796371;-0.1792036742;
29.7910347;100;80;475.9119263;1;0;20.89987564;-1.594136119;-0.2808639109;
30.80907631;100;80;475.0574646;0.8000000119;0;20.99988556;-1.479142189;-0.3958577514;
31.56048393;100;80;474.2435608;0.8000000119;0;21.09988785;-1.36885488;-0.5061451197;
32.27809143;100;80;473.3406067;0.8939999938;0;21.19992828;-1.245387912;-0.6296120882;
32.9320488;100;80;472.4887085;0.9900000095;0;21.29989243;-1.127815127;-0.7471848726;
33.39667511;100;80;471.5466309;0.4140751362;0;21.39990616;-0.9973806143;-0.8776193857;
33.43767166;100;80;470.666748;0;0;21.49991417;-0.8772093058;-0.9977906942;
33.23838043;100;80;469.7129517;0;0;21.59991074;-0.7509675622;-1.124032497;
33.05178833;100;80;468.8360596;0;0;21.69991302;-0.640368402;-1.234631538;
32.85788727;100;80;467.8898926;0;0;21.79991531;-0.5283216238;-1.346678376;
32.77804947;100;80;467.0202942;0;0;21.89992714;-0.4323796332;-1.442620397;
32.74202728;100;80;466.0793152;0;0;21.9999218;-0.3362503648;-1.538749695;
32.7171669;100;80;465.210968;0;0;22.09993935;-0.2547279596;-1.62027204;
32.70102692;100;80;464.2703247;0;0;22.1999321;-0.1739776284;-1.701022387;
32.6764183;100;80;463.4017944;0;0;22.29993439;-0.1058573723;-1.769142628;
32.63636017;100;80;462.4611816;0;0;22.3999424;-0.03765008971;-1.837349892;
32.59869003;100;80;461.5935974;0;0;22.49994659;0.02170268632;-1.896702647;
32.55852127;100;80;460.6545715;0;0;22.59998131;0.08365849406;-1.958658457;
32.52171326;100;80;459.7887268;0;0;22.69995308;0.1397759318;-2.014775991;
32.48194504;100;80;458.8517761;0;0;22.79995728;0.2002808303;-2.075280905;
32.44553375;100;80;457.9879456;0;0;22.89996147;0.2561295033;-2.131129503;
32.40641022;100;80;457.0532227;0;0;22.99996758;0.3166364729;-2.191636562;
32.37049866;100;80;456.1914063;0;0;23.09997368;0.3724880517;-2.247488022;
32.33189392;100;80;455.2588501;0;0;23.19998741;0.4329991639;-2.307999134;
32.2965126;100;80;454.3990479;0;0;23.29998779;0.4888596833;-2.363859653;
32.25845337;100;80;453.4686584;0;0;23.40000343;0.5493789911;-2.424378872;
32.22359085;100;80;452.6108398;0;0;23.49998856;0.605245769;-2.480245829;
32.1860733;100;80;451.6825867;0;0;23.59999657;0.6657717228;-2.540771723;
32.1517067;100;80;450.8267212;0;0;23.70000076;0.7216455936;-2.596645594;
32.11472321;100;80;449.9005737;0;0;23.80000305;0.7821797132;-2.657179594;
32.08084106;100;80;449.0466003;0;0;23.90001869;0.8380604982;-2.713060617;
32.044384;100;80;448.1225281;0;0;24.00003815;0.8986024857;-2.773602486;
32.01096725;100;80;447.2704773;0;0;24.10002136;0.9544748664;-2.829474926;
31.97460938;100;80;446.3484497;0;0;24.20002365;1.014851332;-2.889851332;
31.94042778;100;80;445.4982605;0;0;24.30002022;1.070196033;-2.945196152;
31.90219498;100;80;444.578186;0;0;24.40002823;1.128665447;-3.003665447;
31.86484909;100;80;443.7297363;0;0;24.50003242;1.18005681;-3.05505681;
31.82206154;100;80;442.8114929;0;0;24.60003853;1.231557488;-3.106557369;
31.78131866;100;80;441.9646912;0;0;24.70004272;1.273814082;-3.148814201;
31.73718071;100;80;441.0481262;0;0;24.8000679;1.31236434;-3.18736434;
31.69696045;100;80;440.2116394;0;0;24.90007973;1.339986801;-3.214986801;
31.65382576;100;80;439.2967529;0;0;25.00007057;1.361269355;-3.236269236;
31.61486244;100;80;438.4530334;0;0;25.10006142;1.372236013;-3.247236013;
31.57304573;100;80;437.5399475;0;0;25.20006561;1.374595404;-3.249595404;
31.5347271;100;80;436.6980591;0;0;25.29906845;1.368037701;-3.243037701;
31.46366692;100;80;434.9472961;0;0;25.49907875;1.32788527;-3.202885151;
31.43365669;100;80;434.0385437;0;0;25.59908295;1.293693304;-3.168693304;
31.40562439;100;80;433.2006836;0;0;25.69909096;1.255967855;-3.130967855;
31.37404823;100;80;432.2940063;0;0;25.79909515;1.211230278;-3.086230278;
31.34410667;100;80;431.4580078;0;0;25.89909172;1.168667674;-3.043667555;
31.31200981;100;80;430.5532532;0;0;25.99910164;1.123253584;-2.998253584;
31.28293037;100;80;429.7188721;0;0;26.09911156;1.083282232;-2.958282232;
31.25179863;100;80;428.8157349;0;0;26.19911766;1.042635083;-2.917634964;
31.22326088;100;80;427.9828186;0;0;26.29911041;1.007527828;-2.882527828;
31.19252968;100;80;427.0812378;0;0;26.39911652;0.9720742702;-2.84707427;
31.16435814;100;80;426.2497559;0;0;26.4991188;0.941734612;-2.816734552;
31.13409996;100;80;425.349762;0;0;26.59912491;0.9114476442;-2.786447525;
31.10634613;100;80;424.5197144;0;0;26.69913292;0.8858644366;-2.760864496;
31.0765152;100;80;423.6212769;0;0;26.79913902;0.8607122898;-2.73571229;
31.04915237;100;80;422.7926636;0;0;26.89914131;0.8398553729;-2.714855433;
31.01970482;100;80;421.895813;0;0;26.99914742;0.8198103905;-2.69481039;
30.99261284;100;80;421.0686646;0;0;27.09914207;0.8036548495;-2.678654909;
30.96329689;100;80;420.1734009;0;0;27.1991539;0.7886894345;-2.663689375;
30.93624687;100;80;419.3477173;0;0;27.29915428;0.7772104144;-2.652210474;
30.90696526;100;80;418.4540405;0;0;27.39916039;0.7672976851;-2.642297745;
30.85077667;100;80;416.7378235;0;0;27.59916687;0.7555847764;-2.630584717;
30.823843;100;80;415.9151611;0;0;27.6991806;0.7533844709;-2.62838459;
30.79470444;100;80;415.0247803;0;0;27.79917908;0.7534980178;-2.628498077;
30.76783371;100;80;414.2036743;0;0;27.89918137;0.7559004426;-2.630900383;
30.73874664;100;80;413.3833008;0;0;27.99920082;0.7609860897;-2.63598609;
30.7119503;100;80;412.4954224;0;0;28.09918785;0.7679668665;-2.642966747;
30.68294716;100;80;411.608429;0;0;28.19919205;0.7779986262;-2.652998686;
30.65621567;100;80;410.7904663;0;0;28.29919434;0.7895313501;-2.664531469;
30.62732124;100;80;409.9051819;0;0;28.39920425;0.8044766784;-2.679476738;
30.60149384;100;80;409.0888062;0.09375286102;0;28.49921417;0.8203778267;-2.695377827;
30.63029861;100;80;408.2052612;0.8000000119;0;28.59920883;0.8395790458;-2.714579105;
30.82467651;100;80;407.3840637;0.8000000119;0;28.69921494;0.8580918908;-2.733091831;
31.05272865;100;80;406.5618286;0.8569999933;0;28.79921913;0.8768487573;-2.751848698;
31.32335091;100;80;405.6650696;0.9530000091;0;28.89922333;0.8912734389;-2.766273499;
31.70622444;100;80;404.7596436;1;0;28.99922752;0.9027653933;-2.777765512;
32.098629;100;80;403.9137573;1;0;29.09923363;0.9089969993;-2.783997059;
32.5220871;100;80;402.9856873;1;0;29.19923782;0.9108527899;-2.785852671;
32.91324997;100;80;402.1183167;1;0;29.29924583;0.9079431891;-2.782943249;
33.33879089;100;80;401.1668396;1;0;29.39924812;0.8995860815;-2.774585962;
33.69652557;100;80;400.2776184;0.8000000119;0;29.4992485;0.8868973851;-2.761897326;
33.99704742;100;80;399.3040771;0.8000000119;0;29.59925842;0.8676973581;-2.742697477;
34.29935837;100;80;398.3977051;0.8525000215;0;29.69926262;0.8449923992;-2.719992399;
34.70576096;100;80;397.40625;0.9564999938;0;29.79929733;0.815217793;-2.690217733;
35.20194626;100;80;396.4804688;1;0;29.8992672;0.7841361761;-2.659136295;
35.81681824;100;80;395.4623718;1;0;29.99928665;0.7480595708;-2.623059511;
36.38191605;100;80;394.507019;1;0;30.09930992;0.7134611607;-2.588461161;
36.99488068;100;80;393.4554138;1;0;30.19928932;0.6748180389;-2.549818039;
37.56402969;100;80;392.4689636;1;0;30.29928207;0.6380689144;-2.513068914;
38.18239212;100;80;391.3831787;1;0;30.39928818;0.5970770717;-2.472077131;
38.75410461;100;80;390.3651733;1;0;30.49930191;0.5581272244;-2.433127165;
39.37517548;100;80;389.2451477;1;0;30.59929657;0.5147050619;-2.389704943;
39.95016861;100;80;388.1953735;1;0;30.69930077;0.4734622538;-2.348462343;
40.57478714;100;80;387.040863;1;0;30.79930496;0.4275016487;-2.302501678;
41.10810089;100;80;385.9591675;0.3281350136;0;30.89931488;0.3838780224;-2.258877993;
41.19590759;100;80;384.7729797;0;0;30.99931526;0.3356523216;-2.210652351;
41.10244751;100;80;383.6767883;0;0;31.09932327;0.2906187773;-2.165618896;
40.99409103;100;80;382.491333;0;0;31.19932365;0.2412580252;-2.116257906;
40.90197372;100;80;381.3989868;0;0;31.29933548;0.1951608658;-2.070160866;
40.76120758;100;80;380.2185364;0;0;31.39932823;0.1447006017;-2.019700527;
40.6227951;100;80;379.1325684;0;0;31.49933624;0.09766720235;-1.972667217;
40.47543716;100;80;377.960083;0;0;31.59933662;0.04622523114;-1.92122519;
40.34072495;100;80;376.8814697;0;0;31.69934654;-0.001700411085;-1.873299599;
40.20015717;100;80;375.7170715;0;0;31.799366;-0.05408979952;-1.820910215;
40.12136459;100;80;374.6456909;0;0;31.89935112;-0.102923736;-1.772076249;
40.04885864;100;80;373.4873047;0;0;31.99938583;-0.1563766748;-1.718623281;
39.98379135;100;80;372.4200134;0;0;32.09936523;-0.206226185;-1.66877377;
39.91345215;100;80;371.2658081;0;0;32.19936752;-0.2607863545;-1.614213705;
39.8298912;100;80;370.2022705;0;0;32.2993927;-0.3116455078;-1.563354492;
39.73542786;100;80;369.0526733;0;0;32.39937592;-0.3672582507;-1.507741809;
39.64849472;100;80;367.9938965;0;0;32.4993782;-0.4190665483;-1.455933452;
39.55472183;100;80;366.8495483;0;0;32.59938431;-0.4756992757;-1.399300694;
39.46821594;100;80;365.7956238;0;0;32.6993866;-0.5284385085;-1.346561551;
39.37464142;100;80;364.6565552;0;0;32.79938889;-0.5860712528;-1.288928747;
39.28846741;100;80;363.6074829;0;0;32.89940262;-0.6397274733;-1.235272527;
39.19537735;100;80;362.4736633;0;0;32.99940109;-0.6983191371;-1.176680923;
39.10958481;100;80;361.4294434;0;0;33.09941864;-0.752662003;-1.122338057;
39.01633072;100;80;360.3008118;0;0;33.19940567;-0.8114590049;-1.063540936;
38.93120956;100;80;359.2613525;0;0;33.29942322;-0.8645299673;-1.010470033;
38.83994293;100;80;358.1377563;0;0;33.39941788;-0.9190554619;-0.9559445381;
38.75638199;100;80;357.1028442;0;0;33.49942398;-0.9662410021;-0.9087589979;
38.66648102;100;80;355.9840698;0;0;33.5994339;-1.01395154;-0.8610485196;
38.58411407;100;80;354.9535217;0;0;33.69944;-1.054822683;-0.8201773167;
38.49556732;100;80;353.8395081;0;0;33.79944229;-1.09566927;-0.7793306708;
38.41446686;100;80;352.8133545;0;0;33.89945221;-1.130231261;-0.7447687984;
38.32728195;100;80;351.704071;0;0;33.99944305;-1.164290428;-0.7107095718;
38.24740219;100;80;350.682251;0;0;34.09947205;-1.192629457;-0.6823705435;
38.1615448;100;80;349.5776367;0;0;34.19945145;-1.219990492;-0.6550095677;
38.08286667;100;80;348.5601196;0;0;34.29948807;-1.242185354;-0.6328146458;
37.9983139;100;80;347.460144;0;0;34.39948273;-1.262932897;-0.6120671034;
37.92085648;100;80;346.4469299;0;0;34.49946213;-1.279058814;-0.5959411263;
37.83757019;100;80;345.3515625;0;0;34.59947205;-1.293272495;-0.5817275047;
37.76128769;100;80;344.3425903;0;0;34.69947433;-1.303404927;-0.5715950131;
37.67926025;100;80;343.2518005;0;0;34.79947662;-1.31116426;-0.5638357401;
37.60413742;100;80;342.2470398;0;0;34.89948273;-1.315374494;-0.559625566;
37.52334213;100;80;341.1608276;0;0;34.99948883;-1.316756725;-0.5582433343;
37.44936371;100;80;340.1602173;0;0;35.0994873;-1.315115333;-0.5598846674;
37.36981583;100;80;339.0785217;0;0;35.19949341;-1.310196161;-0.5648038387;
37.29695129;100;80;338.0820923;0;0;35.29949951;-1.302772284;-0.5722277761;
37.21859741;100;80;337.0048828;0;0;35.39950562;-1.291626692;-0.5833733082;
37.14691544;100;80;336.0125732;0;0;35.49951172;-1.278488159;-0.5965119004;
37.07027054;100;80;335.0222473;0;0;35.59952164;-1.261187553;-0.6138124466;
37.00062943;100;80;333.9515686;0;0;35.69951248;-1.242399931;-0.6326000094;
36.9262352;100;80;332.8831787;0;0;35.7995224;-1.219013095;-0.6559869051;
36.85834122;100;80;331.8989868;0;0;35.89955902;-1.194639683;-0.6803603768;
36.78557587;100;80;330.8348999;0;0;35.99953079;-1.165233493;-0.7097664475;
36.71882629;100;80;329.8546143;0;0;36.09953308;-1.135334849;-0.7396651506;
36.64705276;100;80;328.7947998;0;0;36.19953918;-1.099975705;-0.7750242949;
36.58124924;100;80;327.8184814;0;0;36.29954529;-1.064612031;-0.810387969;
36.51050949;100;80;326.7628784;0;0;36.39956284;-1.023366213;-0.8516338468;
36.44568634;100;80;325.7904663;0;0;36.49954987;-0.9825974703;-0.8924025297;
36.31203842;100;80;323.7705688;0;0;36.69956589;-0.8894125819;-0.9855874181;
36.24332428;100;80;322.7233887;0;0;36.79956818;-0.8365817666;-1.038418174;
36.18034363;100;80;321.758728;0;0;36.89957428;-0.7851774096;-1.08982265;
36.11261749;100;80;320.7157593;0;0;36.99957657;-0.7266480923;-1.148351908;
36.05062866;100;80;319.7549438;0;0;37.09957886;-0.6700180769;-1.204981923;
35.9847374;100;80;318.716095;0;0;37.19961929;-0.6060376763;-1.268962264;
35.92390823;100;80;317.7590637;0;0;37.29958725;-0.5448339581;-1.330165982;
35.88058472;100;80;316.7242432;0.6250190735;0;37.39961243;-0.4775018692;-1.397498131;
36.05149078;100;80;315.7697144;0.8000000119;0;37.49959564;-0.4160188735;-1.458981156;
36.29021454;100;80;314.7299194;0.8084999919;0;37.59959793;-0.3517107666;-1.523289204;
36.53236008;100;80;313.7641602;0.9045000076;0;37.69962692;-0.295575887;-1.579424143;
36.86284256;100;80;312.7104797;1;0;37.79961014;-0.2388070226;-1.636192918;
37.22249603;100;80;311.7287292;0.4062623978;0;37.89961624;-0.1902741343;-1.684725881;
37.25522995;100;80;310.655304;0;0;37.99962234;-0.1422487944;-1.73275125;
37.1264801;100;80;309.6645508;0;0;38.09965134;-0.1023552641;-1.772644758;
36.98662567;100;80;308.5942993;0;0;38.19963074;-0.06407146901;-1.810928583;
36.86378479;100;80;307.6090698;0;0;38.29964447;-0.03335880861;-1.841641188;
36.77679443;100;80;306.5451965;0;0;38.3996315;-0.005035574548;-1.86996448;
36.71116257;100;80;305.565155;0;0;38.4996376;0.01659936272;-1.891599417;
36.64331436;100;80;304.5052185;0;0;38.59964371;0.03514676169;-1.910146713;
36.58705139;100;80;303.5284729;0;0;38.699646;0.04777705297;-1.922777057;
36.51882172;100;80;302.4718933;0;0;38.7996521;0.05662404373;-1.931624055;
36.45279312;100;80;301.498291;0;0;38.89965439;0.0604399927;-1.935439944;
36.38280487;100;80;300.4454346;0;0;38.99966049;0.06004065648;-1.935040712;
36.31892776;100;80;299.4752808;0;0;39.0996933;0.05610596389;-1.931105971;
36.25027847;100;80;298.426178;0;0;39.19966888;0.04901793227;-1.924017906;
36.18750763;100;80;297.4595337;0;0;39.29966736;0.0401695706;-1.915169597;
36.11997223;100;80;296.4141846;0;0;39.39968109;0.02808821574;-1.903088212;
36.05801773;100;80;295.4509888;0;0;39.49968338;0.01465785783;-1.889657855;
35.99140167;100;80;294.4093933;0;0;39.59968948;-0.002337422222;-1.872662544;
35.93036652;100;80;293.449646;0;0;39.69968796;-0.02027253248;-1.854727507;
35.86471558;100;80;292.4117737;0;0;39.79969788;-0.04212435707;-1.832875609;
35.80454254;100;80;291.4554138;0;0;39.89970779;-0.06452123076;-1.810478806;
35.73984146;100;80;290.4212036;0;0;39.9997139;-0.09118363261;-1.783816338;
35.68053055;100;80;289.4682617;0;0;40.09970856;-0.1179989129;-1.757001042;
35.61644745;100;80;288.5169067;0;0;40.19971085;-0.1495813131;-1.725418687;
35.5580101;100;80;287.4831543;0;0;40.29972458;-0.1807813346;-1.694218636;
35.49516296;100;80;286.5401001;0;0;40.39971924;-0.216932863;-1.658067107;
35.43754959;100;80;285.5148926;0;0;40.49972534;-0.2524642944;-1.622535706;
35.37559509;100;80;284.4866333;0;0;40.59972763;-0.2932842374;-1.581715703;
35.31881332;100;80;283.5436707;0;0;40.69974518;-0.3331032693;-1.541896701;
35.25774765;100;80;282.5239258;0;0;40.79974747;-0.3785457611;-1.496454239;
35.20178986;100;80;281.584259;0;0;40.89979553;-0.4226109982;-1.452389002;
35.14160919;100;80;280.5680542;0;0;40.99975586;-0.4726319313;-1.402368069;
35.08645248;100;80;279.6316528;0;0;41.0997467;-0.5209028125;-1.354097128;
35.02713013;100;80;278.6189575;0;0;41.19975281;-0.5754572153;-1.299542785;
34.97371674;100;80;277.685791;0.09375286102;0;41.29975891;-0.6278933883;-1.247106552;
34.99343109;100;80;276.6764832;0.7968993187;0;41.3997612;-0.6869831681;-1.188016891;
35.2087059;100;80;275.7437134;0.8000000119;0;41.49977112;-0.7439349294;-1.13106513;
35.4516716;100;80;274.7268372;0.8464999795;0;41.59979248;-0.8084082007;-1.066591859;
35.71643448;100;80;273.7824707;0.9424999952;0;41.6997757;-0.8704936504;-1.00450635;
36.09272003;100;80;272.7514954;1;0;41.79978561;-0.9407298565;-0.9342701435;
36.49563217;100;80;271.7900391;1;0;41.89979553;-1.00853157;-0.86646837;
36.93008804;100;80;270.7366943;1;0;41.99979401;-1.085215092;-0.7897849083;
37.33132172;100;80;269.7536926;1;0;42.0997963;-1.158836484;-0.7161635756;
37.76660919;100;80;268.6768494;1;0;42.1998024;-1.24123776;-0.6337622404;
38.1674614;100;80;267.6717834;1;0;42.29980469;-1.318230391;-0.5567696095;
38.59690857;100;80;266.581604;1;0;42.39980698;-1.399374247;-0.4756257832;
38.99821472;100;80;265.5542908;1;0;42.49982071;-1.471503735;-0.4034962952;
39.43429184;100;80;264.4289856;1;0;42.59981918;-1.544186234;-0.3308137655;
39.8375473;100;80;263.3787842;1;0;42.69981766;-1.605547547;-0.2694524825;
40.27518082;100;80;262.2285767;1;0;42.79882813;-1.665513873;-0.2094861418;
40.67975998;100;80;261.1553955;1;0;42.89884567;-1.714635611;-0.1603644341;
41.11883545;100;80;259.9803162;1;0;42.99884415;-1.760872126;-0.1141278669;
41.52555847;100;80;258.8841858;1;0;43.09883881;-1.796976209;-0.07802379876;
41.96820068;100;80;257.6842651;1;0;43.19885635;-1.828883171;-0.04611685872;
42.37759018;100;80;256.565155;1;0;43.29885101;-1.851913214;-0.02308682539;
42.82147217;100;80;255.3404083;1;0;43.3988533;-1.870682478;-0.004317536484;
43.2315979;100;80;254.1984558;0.9922177792;0;43.49889374;-1.867071867;0.007928146049;
43.46411896;100;80;253.0457458;0;0;43.5988884;-1.859145164;0.01585485786;
43.42554474;100;80;251.7913818;0;0;43.69887161;-1.856778979;0.01822105423;
43.34341431;100;80;250.5381927;0;0;43.79889297;-1.859651446;0.01534858905;
43.27291107;100;80;249.3828583;0;0;43.89887619;-1.867560983;0.007439075969;
43.19231415;100;80;248.133194;0;0;43.99887848;-1.868117213;-0.006882780232;
43.09792328;100;80;246.9819641;0;0;44.09889603;-1.84962523;-0.02537473477;
42.99355698;100;80;245.7377319;0;0;44.19888687;-1.823915362;-0.05108460039;
42.89934158;100;80;244.5919037;0;0;44.29888916;-1.795042038;-0.07995798439;
42.79867935;100;80;243.3535919;0;0;44.39891052;-1.758404613;-0.1165953949;
42.71442795;100;80;242.2133026;0;0;44.49890518;-1.720153689;-0.1548463255;
42.64678192;100;80;240.9805756;0;0;44.59890366;-1.675164223;-0.1998357922;
42.59397507;100;80;239.8444977;0;0;44.69890976;-1.631273508;-0.2437264621;
42.54892349;100;80;238.6154938;0;0;44.79891586;-1.581448913;-0.2935510874;
42.51312637;100;80;237.4822845;0;0;44.89894485;-1.533416748;-0.341583252;
42.46789169;100;80;236.2558746;0;0;44.99892044;-1.479229093;-0.3957709372;
42.42542648;100;80;235.1251373;0;0;45.09893417;-1.42724216;-0.44775787;
42.37986755;100;80;233.9015656;0;0;45.19895554;-1.368797541;-0.5062024593;
42.33819199;100;80;232.773407;0;0;45.2989502;-1.31289053;-0.5621094108;
42.29319382;100;80;231.5526428;0;0;45.39894104;-1.250210047;-0.6247899532;
42.25185013;100;80;230.4270935;0;0;45.49894333;-1.190402985;-0.6845970154;
42.20729065;100;80;229.3027802;0;0;45.59896469;-1.123508215;-0.751491785;
42.16634369;100;80;228.0861969;0;0;45.69895554;-1.059822321;-0.8151776791;
42.12218475;100;80;226.8710632;0;0;45.79895401;-0.9887371063;-0.8862628937;
42.08163071;100;80;225.7507019;0;0;45.89896011;-0.9211955667;-0.9538044333;
42.0378952;100;80;224.5383911;0;0;45.99896622;-0.8459450006;-1.029054999;
41.99769592;100;80;223.4206238;0;0;46.09896851;-0.7745696902;-1.10043025;
41.95436859;100;80;222.2111359;0;0;46.19898987;-0.695178628;-1.179821372;
41.9145546;100;80;221.0959778;0;0;46.29897308;-0.6199917197;-1.25500834;
41.87188721;100;80;219.8892975;0;0;46.39899063;-0.5365672112;-1.338432789;
41.83251953;100;80;218.7767181;0;0;46.49898911;-0.4579615891;-1.417038441;
41.78902435;100;80;217.5727844;0;0;46.59898758;-0.3718354702;-1.50316453;
41.74920654;100;80;216.4626312;0;0;46.69900131;-0.2930713892;-1.581928611;
41.70652771;100;80;215.2610474;0;0;46.79902267;-0.2104941756;-1.664505839;
41.66735458;100;80;214.1527863;0;0;46.8990097;-0.137482062;-1.737517953;
41.62504578;100;80;212.9530945;0;0;46.99901199;-0.06198506802;-1.813014984;
41.58613968;100;80;211.8465424;0;0;47.09902191;0.004320523236;-1.879320502;
41.54423141;100;80;210.6487122;0;0;47.1990242;0.07245848328;-1.947458506;
41.50570679;100;80;209.543869;0;0;47.29902267;0.1319589466;-2.006958961;
41.46417236;100;80;208.3479004;0;0;47.39903259;0.192748934;-2.067749023;
41.4262352;100;80;207.2447662;0.03906369209;0;47.49903107;0.2454872429;-2.120487213;
41.4396553;100;80;206.0506287;0.8000000119;0;47.59905243;0.2989926636;-2.173992634;
41.59157181;100;80;204.9473267;0.8000000119;0;47.69904709;0.3451959193;-2.220196009;
41.76799774;100;80;203.7472534;0.8644999862;0;47.79904556;0.3918047547;-2.266804695;
41.96968079;100;80;202.6350555;0.9605000019;0;47.89905548;0.4316209555;-2.306621075;
42.24861526;100;80;201.4238129;1;0;47.99905777;0.4711173773;-2.346117496;
42.52835846;100;80;200.2982788;1;0;48.09906387;0.5035604239;-2.378560543;
42.83036041;100;80;199.0704803;1;0;48.19908524;0.532771647;-2.407771587;
43.10892868;100;80;197.929245;1;0;48.29906845;0.5533032417;-2.428303242;
43.41152573;100;80;196.6842499;1;0;48.39906693;0.5682376623;-2.443237543;
43.66068649;100;80;195.5270386;0.8000000119;0;48.49907684;0.5750873089;-2.450087309;
43.8716507;100;80;194.2660522;0.8000000119;0;48.59908676;0.5748353601;-2.4498353;
44.08478928;100;80;193.0964661;0.8600000143;0;48.69907761;0.5674034357;-2.442403316;
44.37716293;100;80;191.8224945;0.9639999866;0;48.79908371;0.5513212681;-2.426321268;
44.74324417;100;80;190.6387634;1;0;48.89909363;0.5289085507;-2.403908491;
45.19180679;100;80;189.3451233;1;0;48.99909592;0.4963440299;-2.37134409;
45.50233459;100;80;188.1396942;0.2265694141;0;49.09910202;0.4587195814;-2.333719492;
45.46017075;100;80;186.8262024;0;0;49.19910431;0.4106050432;-2.285604954;
45.30415344;100;80;185.6154633;0;0;49.29911423;0.3604924083;-2.235492468;
45.1860466;100;80;184.3078918;0;0;49.39910889;0.30021891;-2.175218821;
45.15224457;100;80;183.1031952;0;0;49.4991188;0.238970831;-2.113970757;
45.11584091;100;80;181.7993774;0;0;49.59911728;0.1665685028;-2.041568518;
45.0763092;100;80;180.5972443;0;0;49.6991539;0.0941594243;-1.969159365;
45.03149414;100;80;179.2962341;0;0;49.79912949;0.009671058506;-1.884671092;
44.97735596;100;80;178.0967255;0;0;49.8991394;-0.07385825366;-1.801141739;
44.91706085;100;80;176.7992401;0;0;49.99914169;-0.1703062654;-1.704693794;
44.86169434;100;80;175.6033783;0;0;50.09914398;-0.2648165822;-1.610183477;
44.80239868;100;80;174.3098907;0;0;50.1991539;-0.3731148839;-1.501885176;
44.74805069;100;80;173.1178131;0;0;50.29914856;-0.4785148501;-1.396485209;
44.69091034;100;80;171.828476;0;0;50.39916229;-0.5984088182;-1.276591182;
44.63922501;100;80;170.6401978;0;0;50.49915695;-0.7139719129;-1.161028028;
44.5813179;100;80;169.3549042;0;0;50.59916687;-0.8430359364;-1.031964064;
44.52298355;100;80;168.1702271;0;0;50.69916916;-0.9627529979;-0.9122470021;
44.45373535;100;80;166.8885651;0;0;50.79917526;-1.0889709;-0.7860291004;
44.38716507;100;80;165.7069092;0;0;50.89917374;-1.198305726;-0.6766942739;
44.31661224;100;80;164.4280701;0;0;50.99918365;-1.304975867;-0.5700241327;
44.25182724;100;80;163.2486115;0;0;51.0992012;-1.390043974;-0.4849560559;
44.18157578;100;80;161.9720154;0;0;51.19919586;-1.466624022;-0.4083760083;
44.11705399;100;80;160.7947693;0;0;51.29919815;-1.522723556;-0.3522763848;
44.0477562;100;80;159.6187897;0;0;51.39921951;-1.567609072;-0.3073909283;
43.98402023;100;80;158.346405;0;0;51.49920654;-1.594391227;-0.280608803;
43.91546631;100;80;157.1674347;0;0;51.59920502;-1.607590675;-0.2674093544;
43.85249329;100;80;155.904892;0;0;51.69921112;-1.605240941;-0.2697591186;
43.78970337;100;80;154.7358093;0.523453474;0;51.79921341;-1.587025404;-0.2879746258;
43.87121201;100;80;153.4653015;0.8000000119;0;51.89922333;-1.55563426;-0.31936571;
44.05169296;100;80;152.2046814;0.8149999976;0;51.99923706;-1.506241798;-0.3687581718;
44.23403168;100;80;151.025528;0.9110000134;0;52.09922791;-1.447105885;-0.4278941751;
44.48105621;100;80;149.7503815;1;0;52.19923401;-1.371305346;-0.5036945939;
44.76473999;100;80;148.5674286;1;0;52.29924011;-1.29435277;-0.5806472898;
45.07184601;100;80;147.2778931;1;0;52.3992424;-1.207846642;-0.6671533585;
45.35393143;100;80;146.0800781;1;0;52.4992485;-1.128249526;-0.746750474;
45.65960693;100;80;144.7739563;1;0;52.59925079;-1.044872284;-0.8301277161;
45.94137955;100;80;143.5602264;0.9474999905;0;52.6992569;-0.9719718099;-0.9030281901;
46.16713333;100;80;142.3388824;0.8000000119;0;52.79925919;-0.8982357979;-0.9767642021;
46.36803436;100;80;141.0092316;0.8105000257;0;52.89926529;-0.8352941275;-1.039705873;
46.62615585;100;80;139.6726837;0.9144999981;0;52.99927139;-0.772834599;-1.102165461;
46.93308258;100;80;138.4317322;1;0;53.09926987;-0.7205604315;-1.154439569;
47.38021851;100;80;137.0773621;1;0;53.19927597;-0.669718504;-1.205281496;
47.79648972;100;80;135.815506;1;0;53.29928589;-0.6281698942;-1.246830106;
48.24569321;100;80;134.4359894;1;0;53.39928436;-0.5890046358;-1.285995364;
48.66208649;100;80;133.1508942;1;0;53.4992981;-0.5583081245;-1.316691875;
49.11449814;100;80;131.7458649;1;0;53.59929276;-0.5311213732;-1.343878627;
49.53211594;100;80;130.437149;1;0;53.69929886;-0.5117604733;-1.363239527;
49.98466873;100;80;129.0066071;1;0;53.79930115;-0.4971420765;-1.377857924;
50.40317917;100;80;127.6743088;1;0;53.89931488;-0.489649117;-1.385350943;
50.86585236;100;80;126.3025818;1;0;53.99931717;-0.4882344902;-1.38676548;
51.28525543;100;80;124.8339767;1;0;54.09931183;-0.4933024347;-1.381697536;
51.74013901;100;80;123.4665604;1;0;54.19932175;-0.5057585835;-1.369241476;
52.16049957;100;80;121.9724426;1;0;54.29935455;-0.5238255858;-1.351174355;
52.61644363;100;80;120.5814896;1;0;54.39933014;-0.5506696701;-1.32433033;
53.03775024;100;80;119.0618973;1;0;54.49933624;-0.5822998881;-1.292700171;
53.49467468;100;80;117.6474609;1;0;54.59933853;-0.6241444349;-1.250855565;
53.91690445;100;80;116.1024628;1;0;54.69934082;-0.6699058414;-1.205094218;
54.37483978;100;80;114.6646194;1;0;54.79934692;-0.7273694277;-1.147630572;
54.79810333;100;80;113.0943069;1;0;54.8993721;-0.7878254056;-1.087174654;
55.25876999;100;80;111.6331253;1;0;54.9993515;-0.861292541;-1.013707399;
55.68655396;100;80;110.0375366;1;0;55.0993576;-0.9361761212;-0.9388238788;
56.15087891;100;80;108.5529633;1;0;55.19936371;-1.0233742;-0.8516258001;
56.57841873;100;80;106.9319305;1;0;55.299366;-1.106467605;-0.7685323358;
57.04010391;100;80;105.4237442;1;0;55.39937592;-1.194896102;-0.6801038384;
57.46457291;100;80;103.776947;1;0;55.49937439;-1.270947695;-0.6040523052;
57.92471313;100;80;102.2448425;1;0;55.59939194;-1.34343338;-0.5315665603;
58.35284424;100;80;100.5720367;1;0;55.69938278;-1.398451328;-0.4765486121;
58.82382965;100;80;99.01585388;1;0;55.79941177;-1.443718433;-0.4312815666;
59.2636261;100;80;97.31687927;1;0;55.89939499;-1.472904682;-0.4020953476;
59.74137115;100;80;95.73646545;1;0;55.99942017;-1.494335294;-0.3806647062;
60.18238449;100;80;94.01118469;1;0;56.09939957;-1.509669781;-0.3653302491;
60.66137314;100;80;92.40640259;1;0;56.19940948;-1.527309179;-0.3476908207;
61.1048317;100;80;90.65452576;1;0;56.29941177;-1.549014926;-0.3259851336;
61.58637619;100;80;89.02501678;1;0;56.39941406;-1.581086874;-0.2939130664;
62.04397583;100;80;87.24627686;0.8174999952;0;56.49942017;-1.619467616;-0.2555324137;
62.46801376;100;80;85.5917511;0.8000000119;0;56.5994339;-1.670755386;-0.2042446434;
62.79948044;100;80;83.78781128;0.836499989;0;56.69943237;-1.725919724;-0.1490803361;
63.1525116;100;80;82.11347961;0.940500021;0;56.79944229;-1.791497946;-0.08350200206;
63.47777557;100;80;80.2896347;1;0;56.89943314;-1.854839563;-0.02016043663;
63.79533386;100;80;78.59714508;1;0;56.99944687;-1.825974584;0.04902538657;
64.08756256;100;80;76.75484467;1;0;57.09945297;-1.764406085;0.1105939299;
64.40539551;100;80;75.0459671;1;0;57.19944763;-1.702374458;0.1726255864;
64.6984787;100;80;73.18575287;1;0;57.29946136;-1.650273204;0.2247268409;
65.01554871;100;80;71.46047974;1;0;57.39945984;-1.599953413;0.2750465572;
65.30825806;100;80;69.58258057;1;0;57.49946213;-1.559422135;0.315577805;
65.62562561;100;80;67.84098816;1;0;57.59946823;-1.522073507;0.3529264629;
65.91934967;100;80;65.94546509;1;0;57.69947433;-1.493626118;0.3813738823;
66.23825073;100;80;64.18764496;1;0;57.79948425;-1.469195604;0.4058043957;
66.53308868;100;80;62.27454758;1;0;57.8994751;-1.451816916;0.4231831133;
66.85284424;100;80;60.50049973;1;0;57.99948502;-1.437026501;0.4379734993;
67.14801788;100;80;58.56980896;1;0;58.0994873;-1.425590992;0.4494089484;
67.46775055;100;80;56.7794838;1;0;58.19950104;-1.41391933;0.4610806406;
67.76281738;100;80;54.83110809;1;0;58.29949951;-1.402267218;0.4727328122;
68.08242798;100;80;53.02441025;1;0;58.39950562;-1.387202024;0.4877979457;
68.37756348;100;80;51.0582428;1;0;58.49950409;-1.370364666;0.5046352744;
68.69729614;100;80;49.23509216;1;0;58.59951019;-1.348551154;0.5264488459;
68.99243927;100;80;47.251091;1;0;58.69951248;-1.324912548;0.5500874519;
69.31230927;100;80;45.41146851;1;0;58.79953003;-1.295395494;0.5796045661;
69.6075592;100;80;43.40962219;1;0;58.89952087;-1.264474988;0.610525012;
69.92752838;100;80;41.55352783;1;0;58.99954605;-1.226951599;0.6480484605;
70.22315979;100;80;39.53384018;1;0;59.09952927;-1.188640594;0.6863594055;
70.5439682;100;80;37.66127014;1;0;59.199543;-1.14330256;0.7316974998;
70.8400116;100;80;35.62371826;1;0;59.29957199;-1.09837532;0.7766246796;
71.16085815;100;80;33.73467255;1;0;59.39954376;-1.047597528;0.8274024129;
71.45724487;100;80;31.67928886;1;0;59.49958038;-0.999646008;0.875353992;
71.77835083;100;80;29.77378464;1;0;59.59955978;-0.946968019;0.928031981;
72.07484436;100;80;27.70057678;1;0;59.69956207;-0.8979085088;0.9770914912;
72.39294434;100;80;25.77862549;1;0;59.79956436;-0.8449478149;1.030052185;
72.68953705;100;80;23.70775604;1;0;59.89956665;-0.795330584;1.079669476;
73.01091003;100;80;21.76944733;1;0;59.99958038;-0.7413235307;1.13367641;
73.30761719;100;80;19.6607151;1;0;60.09957504;-0.6975148916;1.177485108;
73.62916565;100;80;17.70598984;1;0;60.19959259;-0.6975148916;1.177485108;
73.92596436;100;80;15.57949543;1;0;60.29858398;-0.6975148916;1.177485108;
74.29376984;100;80;13.56723118;1;0;60.39861298;-0.6975148916;1.177485108;
74.57115936;100;80;11.42067623;1;0;60.49859238;-0.5174429417;1.357557058;
74.84410858;100;80;9.393411636;1;0;60.598629;-0.4694811702;1.40551877;
75.14228058;100;80;7.397089958;1;0;60.69861603;-0.4178736806;1.457126379;
75.44579315;100;80;5.228055;1;0;60.79860306;-0.3721744418;1.502825499;
75.77548218;100;80;3.221306086;1;0;60.89861679;-0.3276984096;1.547301531;
76.07060242;80;60;1.060140967;1;0;60.99862289;-0.2939853072;1.581014633;
76.38639832;80;60;638.1765137;1;0;61.09862137;-0.2667815387;1.608218431;
76.68125153;80;60;635.9702759;1;0;61.19862366;-0.2509807944;1.624019265;
77.00266266;80;60;633.925415;1;0;61.29864502;-0.2444603145;1.630539656;
77.29853821;80;60;631.7011719;1;0;61.39864349;-0.248473376;1.626526594;
77.61915588;80;60;629.6397705;1;0;61.49864197;-0.2638439834;1.611155987;
77.91602325;80;60;627.3978271;1;0;61.59864044;-0.2883079946;1.586691976;
78.23944855;80;60;625.3201294;1;0;61.69864273;-0.3258939087;1.549106121;
78.53961945;80;60;623.0604858;1;0;61.79865265;-0.3706453145;1.504354715;
78.86598969;80;60;620.9665527;1;0;61.89865112;-0.4290744662;1.445925593;
79.16848755;80;60;618.6893311;1;0;61.99866486;-0.4907914698;1.38420856;
79.49705505;80;60;616.5790405;1;0;62.09866714;-0.5645023584;1.310497642;
79.8009491;80;60;614.2839966;1;0;62.19868469;-0.6375947595;1.237405181;
80.07362366;80;60;612.1572266;0.2265694141;0;62.29867172;-0.7212417722;1.153758287;
80.07434082;80;60;609.8463745;0;0;62.39868927;-0.8019381166;1.073061943;
79.98153687;80;60;607.713562;0;0;62.49869537;-0.8926216364;0.9823783636;
79.87993622;80;60;605.4053955;0;0;62.59869385;-0.9794157147;0.8955842853;
79.76448822;80;60;603.2773438;0;0;62.69869232;-1.07694757;0.7980524302;
79.6418457;80;60;600.9753418;0;0;62.79870605;-1.17022109;0.7047789693;
79.51509094;80;60;598.8540039;0;0;62.89871216;-1.266639948;0.6083601117;
79.37808228;80;60;596.5597534;0;0;62.998703;-1.374669194;0.5003308058;
79.2419281;80;60;594.4456177;0;0;63.09870911;-1.486415148;0.3885849118;
79.11628723;80;60;592.1483154;0;0;63.19871521;-1.592858553;0.2821414173;
78.98026276;80;60;590.0524902;0;0;63.29872894;-1.71173203;0.163267985;
78.85427094;80;60;587.7741089;0;0;63.39873505;-1.825330615;0.04966937751;
78.72920227;80;60;585.6746826;0;0;63.49872589;-1.808523297;-0.06647668779;
78.59397125;80;60;583.3933716;0;0;63.59873962;-1.679184079;-0.1958159059;
78.4589386;80;60;581.3013306;0;0;63.69873428;-1.546206236;-0.3287938237;
78.33450317;80;60;579.0389404;0;0;63.79873276;-1.420244932;-0.4547550678;
78.1999588;80;60;576.9542847;0;0;63.89874649;-1.280321479;-0.5946784616;
78.07602692;80;60;574.6998901;0;0;63.99876022;-1.14799118;-0.7270088196;
77.94236755;80;60;572.6226196;0;0;64.09877014;-1.001534939;-0.8734651208;
77.81797028;80;60;570.3761597;0;0;64.19877625;-0.86409688;-1.01090312;
77.68286896;80;60;568.3061523;0;0;64.29875183;-0.7148505449;-1.160149455;
77.55780029;80;60;566.0673218;0;0;64.39875793;-0.5802224874;-1.294777513;
77.4217453;80;60;564.0039063;0;0;64.49877167;-0.4408630431;-1.434136987;
77.29600525;80;60;561.7718506;0;0;64.59877777;-0.3197541237;-1.555245876;
77.15976715;80;60;559.7145386;0;0;64.69878387;-0.1978614926;-1.677138448;
77.03398132;80;60;557.4889526;0;0;64.79878998;-0.09457185864;-1.780428171;
76.91153717;80;60;555.4376221;0.2890713215;0;64.89878082;0.006831828039;-1.881831884;
76.86888123;80;60;553.2180176;0.3281350136;0;64.99878693;0.09012091905;-1.965120912;
76.84300995;80;60;551.1697998;0.1406292915;0;65.09879303;0.1675215364;-2.042521477;
76.75481415;80;60;548.9511719;0;0;65.19882202;0.1675215364;-2.042521477;
76.59822083;80;60;546.9051514;0;0;65.29879761;0.1675215364;-2.042521477;
76.47499084;80;60;544.6499023;0;0;65.39880371;0.1675215364;-2.042521477;
76.24120331;80;60;542.6097412;0;47.22129059;65.49881744;0.4167878628;-2.291787863;
75.28398132;80;60;540.5371704;0;98.82961273;65.59882355;0.3661606908;-2.241160631;
72.74259186;80;60;538.3654175;0;100;65.69882202;0.3002412915;-2.175241232;
69.20410919;80;60;536.4332275;0;100;65.7988205;0.2111059576;-2.086106062;
65.85566711;80;60;534.4364014;0;100;65.8988266;0.1156746075;-1.990674615;
62.30719376;80;60;532.682251;0;100;65.99884796;-0.003717724234;-1.87128222;
59.2487793;80;60;530.880127;0;100;66.09884644;-0.1282820851;-1.74671793;
55.99687958;80;60;529.3031616;0;100;66.19885254;-0.2769806385;-1.598019361;
52.98144531;80;60;527.6870117;0;100;66.29885101;-0.4249716401;-1.4500283;
49.74104309;80;60;526.2805176;0;88.2824173;66.39884949;-0.5942628384;-1.280737162;
47.40291214;80;60;524.8482056;0;0;66.49885559;-0.7572626472;-1.117737412;
47.28747559;80;60;523.5870361;0;0;66.59886169;-0.9551404715;-0.9198595285;
47.23264694;80;60;522.2260742;0;0;66.69886017;-1.159839869;-0.7151600718;
47.10356903;80;60;520.9798584;0;0;66.79886627;-1.401087165;-0.4739128649;
47.02584839;80;60;519.6405029;0;0;66.89887238;-1.638471246;-0.236528784;
46.97874451;80;60;518.4091797;0;0;66.99887848;-1.84038496;0.0346150361;
46.91702271;80;60;517.0792847;0;0;67.09887695;-1.578180075;0.2968199551;
46.83105469;80;60;515.8564453;0;0;67.19889832;-1.281249523;0.5937504768;
46.75372314;80;60;514.5372314;0;0;67.29888916;-0.99516958;0.87983042;
46.67677307;80;60;513.3245239;0;0;67.39888763;-0.6722186804;1.20278132;
46.60681152;80;60;512.0163574;0;0;67.49890137;-0.3621333838;1.512866616;
46.52933884;80;60;510.8141785;0;0;67.59893036;-0.01332724094;1.861672759;
46.45786667;80;60;509.5177002;0;0;67.6989212;0.320450902;2.195451021;
46.38155365;80;60;508.3265381;0;0;67.79893494;0.6947370172;2.569736958;
46.3117485;80;60;507.0422668;0;0;67.89891052;1.051864624;2.926864624;
46.23624039;80;60;505.8626099;0;0;67.99891663;1.451239705;3.326239824;
46.1668129;80;60;504.5910645;0;0;68.09892273;1.831330419;3.706330538;
46.0921402;80;60;503.4234009;0;0;68.19892883;0;4.130389214;
46.02357101;80;60;502.1651306;0;0;68.2989502;0;4.533085823;
45.95540619;80;60;501.0099792;0;0;68.39894104;0;4.94649601;
45.88193512;80;60;499.7655334;0;0;68.49893951;0;5.40635252;
45.80885315;80;60;498.6233521;0;0;68.59894562;0;5.8785882;
45.74177933;80;60;497.393219;0;0;68.69895172;0;6.325388908;
45.66954041;80;60;496.2645264;0;0;68.7989502;0;6.821126461;
45.6031723;80;60;495.0492554;0;0;68.89897156;0;7.289439678;
45.53713608;80;60;493.9345398;0;0;68.9989624;0;7.76794529;
45.46596527;80;60;492.7346497;0;0;69.09899902;0;8.297726631;
45.39522934;80;60;491.6343384;0;0;69.19898987;0;8.839259148;
45.33029175;80;60;490.4503784;0;0;69.29898071;0;9.349470139;
45.26023483;80;60;489.3649902;0;0;69.39897919;0;9.91328907;
