sep=;
unknown1; unknown2; currentSpeed; currentLimit; nextLimit; distance; gaspedal; brakepedal; timestamp

0.1908884645;100;80;900;0;0;0.04999651015;-1.133041224e-005;1.874988675;0.2751834393;100;80;512.0562744;0;0;0.09999815375;-1.657952635e-005;1.87498343;
0.3558249176;100;80;512.0526733;0;0;0.1499972343;-1.728210373e-005;1.874982715;
0.5230537653;100;80;512.0411987;0;0;0.2500112951;-1.018108014e-005;1.874989867;
0.6701637506;100;80;512.0270386;0;0;0.3500161171;-3.511467185e-006;1.874996543;
0.8204944134;100;80;512.0078735;0;0;0.4500373602;-3.360132951e-006;1.874996662;
0.9546760917;100;80;511.9861755;0;0;0.5500226617;-5.296293693e-006;1.874994755;
1.096592665;100;80;511.9585571;0;0;0.6500115991;-3.404709787e-006;1.874996543;
1.223995566;100;80;511.9294434;0;0;0.750015378;-1.120380261e-006;1.874998927;
1.358470201;100;80;511.8940125;0;0;0.8500253558;1.361745376e-006;1.875001311;
1.47947526;100;80;511.8578491;0;0;0.9500229955;3.801471848e-006;1.875003815;
1.607100368;100;80;511.815033;0;0;1.05003345;7.833123163e-006;1.875007868;
1.721978545;100;80;511.7722168;0;0;1.150036216;1.252575385e-005;1.875012517;
1.843289137;100;80;511.7223816;0;0;1.250034928;1.825340769e-005;1.875018239;
1.952372432;100;80;511.6732483;0;0;1.350052595;2.521373972e-005;1.875025272;
2.067535162;100;80;511.6167603;0;0;1.450095415;3.42671301e-005;1.875034213;
2.171165705;100;80;511.5616455;0;0;1.550046325;4.439166878e-005;1.875044346;
2.280510664;100;80;511.4988403;0;0;1.65004909;5.679859896e-005;1.875056744;
2.378771305;100;80;511.4380493;0;0;1.750050306;7.036594616e-005;1.875070333;
2.482424259;100;80;511.3692322;0;0;1.850083828;8.749235712e-005;1.8750875;
2.575622797;100;80;511.3030396;0;0;1.950062513;0.0001055575558;1.8751055;
2.673831701;100;80;511.2285461;0;0;2.050062656;0.0001276989351;1.875127673;
2.762075186;100;80;511.1572876;0;0;2.150065899;0.0001508209534;1.8751508;
2.855186939;100;80;511.0773926;0;0;2.250065804;0.0001790234382;1.875179052;
2.938763857;100;80;511.0012817;0;0;2.35007453;0.0002078790712;1.875207901;
3.026963711;100;80;510.9162903;0;0;2.450073719;0.0002427443978;1.87524271;
3.106223822;100;80;510.8356018;0;0;2.550078154;0.0002780272043;1.875277996;
3.189760208;100;80;510.7457886;0;0;2.650080919;0.000320186693;1.875320196;
3.266316414;100;80;510.6607361;0.14844203;0;2.750084639;0.0003629104467;1.875362873;
3.396241903;100;80;510.5662231;0.5468916893;0;2.850087404;0.0004134176997;1.875413418;
3.707183599;100;80;510.4752502;0.9375286102;0;2.950095892;0.0004660072445;1.875465989;
4.568348885;100;80;510.3657227;0.9765923023;0;3.050096989;0.0005367949489;1.875536799;
5.885002136;100;80;510.2406311;0.9922177792;0;3.15010047;0.0006287864526;1.875628829;
7.376559734;100;80;510.0653687;0.9765923023;0;3.250098944;0.0007704620366;1.87577045;
8.80544281;100;80;509.8667908;0.9765923023;0;3.350104332;0.0009458630229;1.875945807;
10.35559654;100;80;509.6095886;0.9609668255;0;3.450109243;0.001203967375;1.876204014;
11.85280418;100;80;509.3357239;0.9609668255;0;3.550120115;0.001542789512;1.876542807;
13.25348759;100;80;508.9943848;0.9609668255;0;3.650141478;0.001940676011;1.876940727;
14.78367043;100;80;508.6405029;0.9922177792;0;3.750191927;0.002484545577;1.87748456;
16.19987488;100;80;508.2146301;0.9874123335;0;3.849118948;0.003110812511;1.878110766;
17.61253357;100;80;507.7822266;0.8000000119;0;3.949124336;0.003865319304;1.878865361;
19.11241722;100;80;507.2712708;0.8009610772;0;4.04913187;0.004856540821;1.879856586;
20.23901749;100;80;506.7619629;0.8932256103;0;4.149157524;0.005941339303;1.880941391;
21.31849098;100;80;506.1773071;0.9922177792;0;4.249144554;0.007318390068;1.882318377;
22.15328598;100;80;505.6100159;0.9922177792;0;4.349136353;0.008775586262;1.883775592;
23.0508976;100;80;504.9698181;1;0;4.449141979;0.01056390814;1.88556385;
23.88990784;100;80;504.3554077;1;0;4.549145222;0.01241914649;1.887419105;
24.80622864;100;80;503.6642151;0.9922177792;0;4.64916563;0.01467264444;1.889672637;
25.64901543;100;80;503.0027466;0.9922177792;0;4.749173641;0.01699250191;1.89199245;
26.56551743;100;80;502.2607117;0.9922177792;0;4.849170208;0.01978315413;1.894783139;
27.42109299;100;80;501.5521851;0.9922177792;0;4.949176311;0.02263452858;1.897634506;
28.36452484;100;80;500.7587891;0.9922177792;0;5.049175262;0.02603834867;1.901038289;
29.24935722;100;80;500.0021667;0.9922177792;0;5.149188042;0.02949322201;1.904493213;
30.26751328;100;80;499.1558228;0.8000000119;0;5.249194145;0.03360006213;1.908600092;
31.07046127;100;80;498.3485718;0.8000000119;0;5.349178314;0.03774422407;1.912744284;
31.80362511;100;80;497.4507141;0.8529776931;0;5.449175358;0.04260538518;1.9176054;
32.44922256;100;80;496.6032104;0.9377419949;0;5.549199104;0.0474434644;1.922443509;
33.09062958;100;80;495.6651917;0.9765923023;0;5.649188995;0.05307934806;1.928079367;
33.63115692;100;80;494.7831726;0.9765923023;0;5.749184132;0.05864386261;1.933643818;
34.21981812;100;80;493.8113098;0.9765923023;0;5.849187374;0.06504818052;1.940048218;
34.76598358;100;80;492.8988647;0.9765923023;0;5.949193001;0.0712351799;1.94623518;
35.35845566;100;80;491.8938904;0.9765923023;0;6.049192429;0.0779909417;1.95299089;
35.90651703;100;80;490.9510498;0.9765923023;0;6.149200916;0.08366623521;1.958666205;
36.5020752;100;80;489.9130859;0.9765923023;0;6.249227047;0.08860655874;1.963606596;
37.05331039;100;80;488.9396362;0.9765923023;0;6.34920454;0.09192032367;1.966920376;
37.65201187;100;80;487.8684998;0.9765923023;0;6.449210167;0.09409669787;1.969096661;
38.20610428;100;80;486.8643494;0.9765923023;0;6.549221992;0.09473642707;1.969736457;
38.80788422;100;80;485.7598572;0.9765923023;0;6.649228573;0.0938777402;1.968877792;
39.36487961;100;80;484.724884;0.9765923023;0;6.74921751;0.09159296751;1.966593027;
39.96972656;100;80;483.5869141;0.9765923023;0;6.849220276;0.08744646609;1.962446451;
0;6.949275017;0.08202728629;1.957027316;40.85991669;100;80;481.9767456;0.9765923023;0;6.999259472;
100;80;481.3436279;0.9765923023;0;7.04927206;0.07450142503;1.949501395;41.42234802;100;80;480.7969055;0.9765923023;0;7.099265575;
100;80;480.24646;0.9765923023;0;7.149252415;0.0662810728;1.94128108;42.03390503;100;80;479.6980286;0.9765923023;0;7.199276924;
100;80;479.040863;0.9765923023;0;7.249265671;0.05616144463;1.931161404;
42.88694382;100;80;477.9063721;0.9765923023;0;7.349249363;0.04576914385;1.920769095;
43.51085663;100;80;476.6724548;0.9765923023;0;7.449243069;0.03334201127;1.908342004;43.80012894;100;80;476.1002197;0.9765923023;
44.09346008;100;80;475.5180969;0.9765923023;0;7.549241543;0.02070557512;1.895705581;
44.72570038;100;80;474.2374268;0.9765923023;0;7.649260044;0.005855267867;1.880855322;
45.31340027;100;80;473.0446777;0.9765923023;0;7.749256134;-0.009022902697;1.865977049;
45.96323776;100;80;471.7348328;0.8000000119;0;7.849268913;-0.02644034848;1.848559618;
46.47193527;100;80;470.5092773;0.8000000119;0;7.949259281;-0.04367065057;1.831329346;
46.96229553;100;80;469.1666565;0.8534191847;0;8.049262047;-0.06347832084;1.811521649;
47.41544724;100;80;467.9146729;0.9381834865;0;8.149265289;-0.08242119849;1.792578816;
47.88718796;100;80;466.5444641;0.9765923023;0;8.249278069;-0.1030654013;1.771934628;
48.29185867;100;80;465.2677917;0.9765923023;0;8.349281311;-0.1220012382;1.75299871;
48.73162079;100;80;463.8725281;0.9765923023;0;8.449277878;-0.1422757357;1.732724309;
49.13906097;100;80;462.5731201;0.9765923023;0;8.549279213;-0.1606965959;1.714303374;
49.58071136;100;80;461.1531677;0.9765923023;0;8.64930439;-0.1800952256;1.694904804;
49.98849106;100;80;459.8311462;0.9765923023;0;8.749283791;-0.1972576529;1.677742362;
50.43089676;100;80;458.3866272;0.9765923023;0;8.849290848;-0.2150221467;1.659977913;
50.83988953;100;80;457.0418396;0.9765923023;0;8.949300766;-0.2310092151;1.643990755;
51.28340149;100;80;455.5726929;0.9765923023;0;9.049321175;-0.2482825816;1.626717448;
51.69329834;100;80;454.2051697;0.9765923023;0;9.149300575;-0.2642762065;1.610723853;

52.54875565;100;80;451.3210449;0.9765923023;0;9.349305153;-0.2978997231;1.577100277;

53.4060173;100;80;448.3893433;0.9765923023;0;9.54931736;-0.3320249915;1.542974949;
53.85270309;100;80;446.8460388;0.9765923023;0;9.649330139;-0.3499681056;1.525031924;
54.26533508;100;80;445.4100037;0.9765923023;0;9.749323845;-0.3666536808;1.508346319;54.50631714;100;80;444.6878662;0.9765923023;0;9.799319267;-0.3764409125;1.498559117;

55.12666702;100;80;442.3829041;0.9765923023;0;9.949322701;-0.4017872512;1.473212719;

55.99181747;100;80;439.3078918;0.9765923023;0;10.14933205;-0.4374184906;1.437581539;
56.44412994;100;80;437.6898804;0.9765923023;0;10.24933815;-0.4561466575;1.418853402;
56.86321259;100;80;436.1847534;0.9765923023;0;10.34933567;-0.4735543132;1.401445627;
57.31873322;100;80;434.5415649;0.9765923023;0;10.44934654;-0.4925412536;1.382458687;
57.74076843;100;80;433.013092;0.9765923023;0;10.54935265;-0.5101922154;1.364807725;

58.62450409;100;80;429.7926025;0.9765923023;0;10.74934959;-0.5473350286;1.327664971;58.87301254;100;80;
59.0864563;100;80;428.0985107;0.9765923023;0;10.84936714;-0.5668485165;1.308151484;
59.51443481;100;80;426.5229187;0.9765923023;0;10.94935703;-0.5849832296;1.29001677;
59.97963333;100;80;424.8031311;0.9765923023;0;11.04936981;-0.6047603488;1.270239592;
60.41059113;100;80;423.2037354;0.9765923023;0;11.14936543;-0.6231389642;1.251860976;
60.87909698;100;80;421.4580383;0.9765923023;0;11.24936867;-0.6431784034;1.231821656;
61.31317139;100;80;419.8346558;0.9765923023;0;11.34937191;-0.6617414951;1.213258505;
61.78587341;100;80;418.0628357;0.8000000119;0;11.44939518;-0.6819069386;1.193093061;
62.14448929;100;80;416.4153442;0.8000000119;0;11.54937935;-0.7002545595;1.17474544;
62.49356461;100;80;414.6201172;0.87328583;0;11.64938641;-0.7195556164;1.155444384;
62.81766891;100;80;412.9538574;0.9580501318;0;11.74938679;-0.736754775;1.138245225;
63.14345551;100;80;411.1388855;0.9765923023;0;11.84939098;-0.7546274662;1.120372534;
63.42731476;100;80;409.4553528;0.9765923023;0;11.9494009;-0.7702993155;1.104700685;
63.73597336;100;80;407.6228638;0.9765923023;0;12.04940033;-0.7862313986;1.088768601;
64.02143097;100;80;405.9233093;0.9765923023;0;12.14939785;-0.7994511724;1.075548887;
64.47317505;100;80;403.2167664;0.9765923023;0;12.29940605;-0.8164329529;1.058567047;
64.78231812;100;80;401.4975281;0.9765923023;0;12.39942074;-0.8251911402;1.04980886;
65.06786346;100;80;399.6263733;0.9765923023;0;12.49941158;-0.8316941857;1.043305874;
65.37722778;100;80;397.8912354;0.9765923023;0;12.59941483;-0.8373166323;1.037683368;
65.66288757;100;80;396.0028687;0.9765923023;0;12.69941902;-0.8412899375;1.033710122;
65.97245789;100;80;394.2518311;0.9765923023;0;12.79943562;-0.8443531394;1.030646801;
66.25824738;100;80;392.3462524;0.9765923023;0;12.89943218;-0.8460701108;1.028929949;
66.56803131;100;80;390.5793457;0.9765923023;0;12.99944019;-0.8468024135;1.028197527;
66.85402679;100;80;388.6565552;0.9765923023;0;13.09943104;-0.8465420604;1.02845788;
67.16384888;100;80;386.8737488;0.9765923023;0;13.19944477;-0.8456894159;1.029310584;
67.45001984;100;80;384.9337463;0.9765923023;0;13.29944801;-0.8447749019;1.030225158;
67.76005554;100;80;383.1350403;0.9765923023;0;13.39944172;-0.8438200355;1.031180024;
68.04628754;100;80;381.1777954;0.9765923023;0;13.49944401;-0.843067944;1.031932116;
68.35640717;100;80;379.3631897;0.9765923023;0;13.59947491;-0.842453897;1.032546043;
68.64286041;100;80;377.3887329;0.9765923023;0;13.6994524;-0.8420928717;1.032907128;
68.95309448;100;80;375.5582275;0.9765923023;0;13.79946232;-0.8419370651;1.033062935;
69.23959351;100;80;373.5665283;0.9765923023;0;13.89945602;-0.8420129418;1.032986999;
69.55003357;100;80;371.7200928;0.9765923023;0;13.99946022;-0.8423400521;1.032660007;
69.83660889;100;80;369.7111816;0.9765923023;0;14.09946823;-0.8428673744;1.032132626;
70.14715576;100;80;367.8488159;0.9765923023;0;14.19948196;-0.8436862826;1.031313777;
70.43384552;100;80;365.8226624;0.9765923023;0;14.29948139;-0.8446724415;1.030327559;
70.74452972;100;80;363.9443665;0.9765923023;0;14.39947414;-0.8459920883;1.029007912;
71.03136444;100;80;361.9009399;0.9765923023;0;14.49947739;-0.8474466801;1.02755332;
71.34208679;100;80;360.0067444;0.9765923023;0;14.59947872;-0.8492779136;1.025722027;
71.62896729;100;80;357.9460449;0.9765923023;0;14.69948673;-0.8512086868;1.023791313;
71.94448853;100;80;356.0358887;0.9922177792;0;14.79950142;-0.8535621166;1.021437883;
72.23802948;100;80;353.9577942;0.9922177792;0;14.89951515;-0.8559798598;1.0190202;
72.55582428;100;80;352.0313721;0.9922177792;0;14.99950409;-0.8588648438;1.016135216;
72.84924316;100;80;349.9356384;0.9922177792;0;15.09950256;-0.8617781401;1.01322186;
73.16716766;100;80;347.9929504;0.9922177792;0;15.19950104;-0.8652051687;1.009794831;
73.4608078;100;80;345.8795471;0.9922177792;0;15.29950333;-0.8686211705;1.00637877;
73.77889252;100;80;343.9205627;0.9922177792;0;15.39951706;-0.8725986481;1.002401352;
74.07256317;100;80;341.7894897;0.9922177792;0;15.49951077;-0.8765290976;0.9984709024;
74.39079285;100;80;339.8141785;0.9922177792;0;15.59951496;-0.8810685873;0.9939314127;
74.68507385;100;80;337.6654358;1;0;15.6995182;-0.8855218291;0.9894781709;
75.00708008;100;80;335.6737976;1;0;15.79951954;-0.8906334639;0.9843665361;
75.30490112;100;80;333.5072327;1;0;15.89952755;-0.8956192136;0.9793807864;
75.62797546;100;80;331.4990845;1;0;15.99953556;-0.9013146758;0.9736853242;
75.92668152;100;80;329.3146057;1;0;16.09952927;-0.9068445563;0.9681554437;
76.25076294;100;80;327.289856;1;0;16.19954491;-0.9131324887;0.9618675113;
76.55033875;100;80;325.0874023;1;0;16.2995491;-0.9192128181;0.9557871819;
76.87550354;100;80;323.0460205;1;0;16.39954185;-0.926104188;0.948895812;
77.17602539;100;80;320.825531;1;0;16.49954605;-0.9327456951;0.9422543049;
77.50212097;100;80;318.7674866;1;0;16.59955788;-0.940250814;0.934749186;
77.80362701;100;80;316.5288696;1;0;16.69956017;-0.9474648237;0.9275351763;
78.13071442;100;80;314.4541016;1;0;16.79957962;-0.9555592537;0.9194407463;
78.43201447;100;80;312.1973267;1;0;16.89958382;-0.9631788731;0.9118211269;
78.75985718;100;80;310.1058044;1;0;16.99956131;-0.9713891745;0.9036108255;
79.06131744;100;80;307.8308716;1;0;17.0995636;-0.9782366753;0.8967633247;
79.38974762;100;80;305.7225647;0.9922177792;0;17.19957924;-0.9843470454;0.8906529546;
79.69293213;100;80;303.4294128;0.9922177792;0;17.2996273;-0.9885571599;0.8864428401;
80.0195694;100;80;301.3042297;0.9922177792;0;17.39957619;-0.9913834929;0.8836165071;
80.32337952;100;80;298.9928894;0.9922177792;0;17.49958038;-0.9923040271;0.8826959729;
80.65120697;100;80;296.8508606;0.9922177792;0;17.59958267;-0.9914875031;0.8835124969;
80.95381165;100;80;294.5212708;0.9922177792;0;17.69960976;-0.9890894294;0.8859105706;
81.28218842;100;80;292.3624268;0.9922177792;0;17.79958916;-0.9850289822;0.8899710178;
81.5858078;100;80;290.0145874;0.9922177792;0;17.89960861;-0.9804241061;0.8945758939;
81.91520691;100;80;287.8388977;0.9922177792;0;17.99959564;-0.9747552276;0.9002447724;
82.2197876;100;80;285.4727783;0.9922177792;0;18.0996151;-0.9690651298;0.9059348702;
82.55010223;100;80;283.2801819;0.9922177792;0;18.19961166;-0.9626017213;0.9123982787;
82.85656738;100;80;280.8956909;1;0;18.2996273;-0.9566142559;0.9183857441;
83.19163513;100;80;278.6861267;1;0;18.39960861;-0.9505562782;0.9244437218;
83.501297;100;80;276.2831116;1;0;18.49961281;-0.94557482;0.92942518;
83.83929443;100;80;274.056366;0.9175000191;0;18.5996151;-0.9409079552;0.9340920448;
84.1224823;100;80;271.6346436;0.8000000119;0;18.69961929;-0.9373286366;0.9376713634;
84.37150574;100;80;269.3914795;0.8158579469;0;18.79962349;-0.9339619279;0.9410380721;
84.58930969;100;80;266.9545593;0.9081224799;0;18.89962578;-0.9310905933;0.9439094067;
84.83564758;100;80;264.6988831;0.9922177792;0;18.99962997;-0.9281253219;0.9468746781;
85.04345703;100;80;262.2483826;0.9922177792;0;19.09963989;-0.9254456162;0.9495543838;
85.26339722;100;80;259.9806824;0.9922177792;0;19.199646;-0.9225552082;0.9524447918;
85.46722412;100;80;257.5178223;0.9922177792;0;19.29964066;-0.9198793769;0.9551206231;
85.68820953;100;80;255.238678;0.9922177792;0;19.39964294;-0.9169598222;0.9580401778;
85.89190674;100;80;252.7634888;0.9922177792;0;19.49964905;-0.9142405391;0.9607594609;
86.1112442;100;80;250.4730377;0.9609668255;0;19.59964752;-0.9112656116;0.9637343884;
86.30680084;100;80;247.9856415;0.9765923023;0;19.69965744;-0.9084918499;0.9665081501;
86.52062988;100;80;245.6841278;0.9765923023;0;19.79965591;-0.9054570794;0.9695429206;
86.7192688;100;80;243.1848602;0.9765923023;0;19.89966393;-0.902625978;0.972374022;
86.93434906;100;80;240.8723145;0.9765923023;0;19.9996624;-0.8995305896;0.9754694104;
87.13137817;100;80;238.3610992;0.9765923023;0;20.09967613;-0.8966453671;0.9783546329;
87.34490967;100;80;236.0375824;0.9453413486;0;20.19968033;-0.8934889436;0.9815110564;
87.49845886;100;80;233.5145264;0.09375286102;0;20.29967499;-0.8905479908;0.9844520092;
87.46559906;100;80;231.1816711;0;0;20.39967918;-0.8873331547;0.9876668453;
87.34740448;100;80;228.6555176;0;0;20.49967766;-0.8843479753;0.9906520247;
87.19847107;100;80;226.326767;0;0;20.59969139;-0.8810992241;0.9939007759;
87.06148529;100;80;223.807785;0;0;20.69968605;-0.8780895472;0.9969104528;
86.91284943;100;80;221.4863129;0;0;20.79970741;-0.8748243451;1.000175595;
86.77456665;100;80;218.9634552;0;0;20.89969444;-0.871809423;1.003190517;
86.62634277;100;80;216.6616364;0;0;20.99970627;-0.8685745001;1.0064255;
86.4888382;100;80;214.1831055;0;0;21.09970474;-0.8655610085;1.009438992;
86.34015656;100;80;211.6847839;0;0;21.19970131;-0.8622992039;1.012700796;
86.20304108;100;80;209.382431;0;0;21.29870796;-0.8592903614;1.015709639;
86.05477905;100;80;207.0837402;0;0;21.39871979;-0.8560352325;1.018964767;
85.91747284;100;80;204.5975952;0;0;21.49871254;-0.8530178666;1.021982193;
85.77047729;100;80;202.3064728;0;0;21.59872246;-0.8497857451;1.025214314;
85.63435364;100;80;199.828537;0;0;21.69871902;-0.8467915058;1.028208494;
85.48716736;100;80;197.5449829;0;0;21.79872513;-0.843551755;1.031448245;
85.35153961;100;80;195.0752258;0;0;21.89872932;-0.840564847;1.034435153;
85.20487976;100;80;192.7992249;0;0;21.99872971;-0.8373330832;1.037666917;
85.06903076;100;80;190.337616;0;0;22.09873581;-0.8343380094;1.040661931;
84.92358398;100;80;188.0691223;0;0;22.19874001;-0.8311293125;1.043870687;
84.78821564;100;80;185.6156311;0;0;22.29875183;-0.8281424642;1.046857595;
84.64258575;100;80;183.342865;0;0;22.39878273;-0.8249266148;1.050073385;
84.50839233;100;80;180.8975067;0;0;22.49874306;-0.8219616413;1.053038359;
84.36328125;100;80;178.6439667;0;0;22.59875298;-0.8187541962;1.056245804;
84.22954559;100;80;176.2066803;0;0;22.69877815;-0.8157972693;1.059202671;
84.08495331;100;80;173.9605865;0;0;22.79875755;-0.8125975728;1.062402368;
83.95169067;100;80;171.5313416;0;0;22.89876175;-0.8096480966;1.065351844;
83.8075943;100;80;169.2926636;0;0;22.99876404;-0.8064566255;1.068543315;
83.67480469;100;80;166.8714294;0;0;23.09876633;-0.8035140634;1.071485877;
83.53122711;100;80;164.6401215;0;0;23.19879723;-0.8003304005;1.0746696;
83.39889526;100;80;162.2268677;0;0;23.29878235;-0.7973952889;1.077604651;
83.25580597;100;80;160.0029297;0;0;23.39877701;-0.7942193151;1.080780625;
83.1239624;100;80;157.597641;0;0;23.49878311;-0.7912913561;1.083708644;
82.98136139;100;80;155.3810425;0;0;23.59878731;-0.7881238461;1.086876154;
82.84997559;100;80;152.9836731;0;0;23.69878769;-0.7852029204;1.08979702;
82.70786285;100;80;150.7743835;0;0;23.79878998;-0.782042563;1.092957497;
82.57692719;100;80;148.3849182;0;0;23.89879608;-0.7791290283;1.095870972;
82.43534088;100;80;146.1829071;0;0;23.99879646;-0.7759769559;1.099023104;
82.30484009;100;80;143.8013153;0;0;24.09880257;-0.773070991;1.101929069;
82.16374207;100;80;141.6065521;0;0;24.19880486;-0.769925952;1.105074048;
82.03370667;100;80;139.2328186;0;0;24.29880905;-0.7670264244;1.107973576;
81.89308929;100;80;137.0452881;0;0;24.39883423;-0.7638895512;1.111110449;
81.76351166;100;80;134.6793823;0;0;24.49880981;-0.7609972358;1.114002705;
81.62336731;100;80;132.499054;0;0;24.59884834;-0.7578677535;1.117132306;
81.49424744;100;80;130.1409302;0;0;24.69881821;-0.7549826503;1.12001729;
81.35458374;100;80;127.9677963;0;0;24.7988224;-0.7518606186;1.123139381;
81.22592163;100;80;125.6174393;0;0;24.8988266;-0.7489826083;1.126017451;
81.08673859;100;80;123.4514618;0;0;24.99885559;-0.7458683252;1.129131675;
80.95849609;100;80;121.1088486;0;0;25.09883118;-0.7429971099;1.13200295;
80.81980133;100;80;118.9499969;0;0;25.19884682;-0.7398902178;1.135109782;
80.69200134;100;80;116.615097;0;0;25.29883957;-0.7370263338;1.137973666;
80.55378723;100;80;114.463356;0;0;25.39884949;-0.7339265943;1.141073346;
80.42644501;100;80;112.1361465;0;0;25.49884796;-0.7310687304;1.14393127;
80.28869629;100;80;109.9914932;0;0;25.59885025;-0.7279773951;1.147022605;
80.16176605;100;80;107.6719437;0;0;25.69885445;-0.7251263261;1.149873614;
80.02450562;100;80;105.5343475;0;0;25.79885101;-0.7220417857;1.152958274;
79.89800262;100;80;103.222435;0;0;25.89886284;-0.7191978097;1.155802131;
79.76120758;100;80;101.0918732;0;0;25.99886131;-0.7161205411;1.158879399;
79.63516235;100;80;98.78757477;0;0;26.09886932;-0.7132838368;1.161716223;
79.49882507;100;80;96.66402435;0;0;26.19886971;-0.7102138996;1.1647861;
79.37319946;100;80;94.36730957;0;0;26.29887581;-0.7073834538;1.167616487;
79.11213684;100;80;89.96159363;0;0;26.49890137;-0.7014969587;1.173503041;
78.97673798;100;80;87.852005;0;0;26.59888268;-0.6984414458;1.176558495;
78.8519516;100;80;85.57038116;0;0;26.69888878;-0.6956245899;1.17937541;
78.7170105;100;80;83.46773529;0;0;26.79889297;-0.692576766;1.182423234;
78.59265137;100;80;81.19361877;0;0;26.89889336;-0.6897659898;1.185233951;
78.4581604;100;80;79.09790039;0;0;26.99892998;-0.6867249012;1.188275099;
78.33424377;100;80;76.83126831;0;0;27.09890938;-0.6839215159;1.191078424;
78.2002182;100;80;74.74243927;0;0;27.19892311;-0.6808875203;1.19411242;
78.07670593;100;80;72.48327637;0;0;27.29890633;-0.6780901551;1.196909904;
77.94999695;100;80;70.40132141;0.03906369209;0;27.39893341;-0.6750636101;1.19993639;
77.84237671;100;80;68.14936829;0;0;27.4989109;-0.6722720861;1.202727914;
77.71281433;100;80;66.0736618;0;0;27.59892082;-0.669251442;1.205748558;
77.5899353;100;80;63.82863617;0;0;27.69892502;-0.6664665341;1.208533406;
77.36459351;100;80;59.52183914;0.03906369209;0;27.8989296;-0.660671711;1.214328289;
77.31685638;100;80;58.49003601;0.03906369209;0;27.94892883;-0.6592827439;1.215717196;
77.25999451;100;80;57.4588623;0.03906369209;0;27.99894333;-0.6576630473;1.217336893;
77.16670227;100;80;55.22692108;0.0859401226;0;28.09893799;-0.6548873186;1.220112681;
77.08844757;100;80;53.1692543;0.1406292915;0;28.19893837;-0.6518813372;1.223118663;
77.03504181;100;80;50.94224548;0.1640675068;0;28.29894257;-0.649107337;1.225892663;
76.98950958;100;80;48.88805008;0.2187566757;0;28.39894485;-0.6461012363;1.228898764;
76.95870972;100;80;46.66398621;0.2187566757;0;28.49894524;-0.6433240771;1.231675982;
76.93513489;100;80;44.61188126;0.2656331062;0;28.59895325;-0.6403133273;1.234686732;
76.92803192;100;80;43.41511917;0.2656331062;0;28.64896965;-0.6389220953;1.236077905;
76.92229462;100;80;42.38945007;0.2734458447;0;28.69896698;-0.6375296712;1.237470388;
76.9112854;100;80;39.14203262;0.3046967983;0;28.84898949;-0.6331126094;1.24188745;
76.91060638;100;80;38.11665726;0.3203222752;0;28.89896011;-0.6317147017;1.243285298;
76.91681671;100;80;36.06595993;0.3593859673;0;28.99896622;-0.6286812425;1.246318698;
76.93404388;100;80;33.84422684;0.3828241825;0;29.09896851;-0.6258736253;1.249126434;
76.94552612;100;80;32.81866455;0.3828241825;0;29.14897156;-0.6244668365;1.250533104;
76.97364807;100;80;30.59614182;0.4140751362;0;29.24897385;-0.6214125752;1.253587365;
76.98954773;100;80;29.57012939;0.429700613;0;29.29897118;-0.6199989915;1.255000949;
77.00745392;100;80;28.54393578;0.429700613;0;29.34897804;-0.6185830832;1.256416917;
77.05077362;100;80;26.319767;0.4687643051;0;29.44898415;-0.6155085564;1.259491444;
77.10081482;100;80;24.26566315;0.5078279972;0;29.54898071;-0.612659514;1.262340426;
77.16812134;100;80;22.03899765;0.523453474;0;29.64898682;-0.6095608473;1.265439153;
77.27631378;100;80;18.95298386;0.5390789509;0;29.79899216;-0.6066282392;1.268371701;
77.34612274;100;80;16.72200966;0.5390789509;0;29.89899635;-0.6066282392;1.268371701;
77.42182159;100;80;14.66110516;0.5468916893;0;29.99901009;-0.6066282392;1.268371701;
77.56168365;100;80;12.3825531;0.5937681198;0;30.09904099;-0.6066282392;1.268371701;
100;80;10.27575302;0.6015808582;0;30.19900322;-0.6341622472;1.240837693;
77.66891479;100;80;8.210989952;0.6328318119;0;30.29901695;-0.6341349483;1.240864992;
77.76926422;100;80;5.975010872;0.6328318119;0;30.39902306;-0.6340075135;1.240992427;
77.88929749;100;80;3.919218063;0.5937681198;0;30.4990387;-0.6337732673;1.241226792;
77.97790527;80;60;1.737509012;0.523453474;0;30.59902;-0.6334323883;1.241567612;
78.0456543;80;60;638.7293701;0.5468916893;0;30.69904327;-0.6329990625;1.242000937;
78.1211853;80;60;636.4749146;0.6172063351;0;30.79902649;-0.6325653195;1.242434621;
78.22089386;80;60;634.3916626;0.6015808582;0;30.89903831;-0.6320647001;1.2429353;
78.31057739;80;60;632.131958;0.5937681198;0;30.99906349;-0.6315828562;1.243417144;
78.40377045;80;60;630.0437012;0.6015808582;0;31.09903526;-0.6310443282;1.243955731;
78.48926544;80;60;627.7788086;0.578142643;0;31.19903755;-0.6305316091;1.244468331;
78.57847595;80;60;625.685791;0.578142643;0;31.29906845;-0.629961729;1.245038271;
78.65865326;80;60;623.4158325;0.5468916893;0;31.39904404;-0.629421711;1.245578289;
78.73846436;80;60;621.3182373;0.5390789509;0;31.49904823;-0.6288211346;1.246178865;
78.80866241;80;60;619.0437012;0.5390789509;0;31.59907341;-0.6282548904;1.24674511;
78.88414001;80;60;616.9421387;0.5390789509;0;31.69906616;-0.6276269555;1.247372985;
78.9537735;80;60;614.6633301;0.5390789509;0;31.7990799;-0.6270344853;1.247965574;
79.02912903;80;60;612.5579224;0.5390789509;0;31.89906311;-0.6263786554;1.248621345;
79.09975433;80;60;610.2749634;0.5468916893;0;31.99907112;-0.6257600784;1.249239922;
79.17739868;80;60;608.1655884;0.5468916893;0;32.09907913;-0.625077486;1.249922514;
79.24916077;80;60;605.8782959;0.5468916893;0;32.19906998;-0.6244340539;1.250566006;
79.32671356;80;60;603.7650146;0.5390789509;0;32.29907227;-0.6237235665;1.251276374;
79.39750671;80;60;601.4734497;0.5468916893;0;32.39908981;-0.6230549812;1.251945019;
79.47489929;80;60;599.3561401;0.5468916893;0;32.49908447;-0.6223162413;1.252683759;
79.54638672;80;60;597.0603027;0.5468916893;0;32.59908295;-0.6216222048;1.253377795;
79.62381744;80;60;594.9390259;0.5625171661;0;32.69908905;-0.6208559275;1.254144073;
79.69857788;80;60;592.638855;0.5625171661;0;32.79909134;-0.6201353073;1.254864693;
79.78089142;80;60;590.5135498;0.5625171661;0;32.89909363;-0.6193406582;1.255659342;
79.85601807;80;60;588.2088013;0.5078279972;0;32.99910355;-0.6185945272;1.256405473;
79.91439056;80;60;586.0793457;0.3828241825;0;33.09912872;-0.6177717447;1.257228255;
79.93146515;80;60;583.770874;0.14844203;0;33.19910431;-0.6169983745;1.258001566;
79.90063477;80;60;581.6395264;0.1406292915;0;33.29911041;-0.6161480546;1.258852005;
79.85463715;80;60;579.3314819;0.1406292915;0;33.39910889;-0.6153507233;1.259649277;
79.79954529;80;60;577.2021484;0.1250038147;0;33.4991188;-0.6144762039;1.260523796;
79.73844147;80;60;574.8968506;0.01562547684;0;33.59913254;-0.6136612296;1.26133883;
79.62590027;80;60;572.7706299;0;0;33.69913101;-0.6127696633;1.262230396;
79.50176239;80;60;570.4703979;0;0;33.7991333;-0.6119408011;1.263059258;
79.36549377;80;60;568.3505249;0;0;33.89913177;-0.6110383272;1.263961673;
79.24057007;80;60;566.0576782;0;0;33.99913406;-0.6102022529;1.264797807;
79.10513306;80;60;563.9446411;0;0;34.09914398;-0.6092935205;1.26570642;
78.98001099;80;60;561.6593018;0;0;34.19913864;-0.6084544659;1.266545534;
78.84476471;80;60;559.5532227;0;0;34.29914093;-0.607544601;1.267455459;
78.7202301;80;60;557.2753296;0;0;34.39914703;-0.6067039371;1.268296123;
78.58554077;80;60;555.1761475;0;0;34.49914932;-0.6057934165;1.269206643;
78.46139526;80;60;552.9058228;0;0;34.59915161;-0.6049529314;1.270047069;
78.32711029;80;60;550.8135376;0;0;34.69915771;-0.6041998267;1.270800233;
78.20340729;80;60;548.5505981;0;0;34.79916;-0.6041998267;1.270800233;
78.0696106;80;60;546.46521;0;0;34.89916992;-0.6041998267;1.270800233;
78.00656891;80;60;544.1657715;0;0;34.99917221;-0.6041998267;1.270800233;
77.86413574;80;60;542.0860596;0;0;35.0991745;-0.760124743;1.114875317;77.77951813;80;60;541.0054932;
77.67611694;80;60;539.9680176;0;0;35.1991806;-0.7559766173;1.119023442;
77.54372406;80;60;537.7221069;0;0;35.29917908;-0.7519726753;1.123027325;
77.42662048;80;60;535.6542969;0;0;35.39918137;-0.7475911975;1.127408862;
77.31016541;80;60;533.4177856;0;0;35.49919891;-0.7434245348;1.131575465;
77.17592621;80;60;531.3562012;0;0;35.59919739;-0.738838017;1.136162043;
77.05154419;80;60;529.1265259;0;0;35.69919586;-0.7345819473;1.140418053;
76.91981506;80;60;527.0718994;0;0;35.79919052;-0.7299537063;1.145046234;
76.7991333;80;60;524.8496094;0;0;35.89919281;-0.725674808;1.149325252;
76.66764069;80;60;522.8016968;0;0;35.9991951;-0.7210395932;1.153960347;
76.54621887;80;60;520.586731;0;0;36.09920502;-0.7167631984;1.158236742;
76.41529846;80;60;518.5454712;0;0;36.19920731;-0.7121346593;1.1628654;
76.2947464;80;60;516.3378296;0;0;36.29923248;-0.7078666091;1.167133331;
76.16426849;80;60;514.3032837;0;0;36.39921188;-0.7032487988;1.171751261;
76.04334259;80;60;512.1029053;0;0;36.4992218;-0.6989693046;1.176030755;
75.9139328;80;60;510.0750732;0;0;36.59922028;-0.6943852901;1.18061471;
75.79350281;80;60;507.8818665;0;0;36.69922256;-0.6901172996;1.18488276;
75.66388702;80;60;505.8501892;0;0;36.79922485;-0.6855231524;1.189476848;
75.54579163;80;60;503.6747131;0.03906369209;0;36.89923096;-0.6812880635;1.193711996;
75.45136261;80;60;501.6601257;0.1796929836;0;36.99923325;-0.6767277718;1.198272228;
75.40509033;80;60;499.469696;0.2500076294;0;37.09923935;-0.6724786758;1.202521324;
75.38552856;80;60;497.4692078;0.2890713215;0;37.19926071;-0.667922318;1.207077622;
75.38299561;80;60;495.2807617;0.3281350136;0;37.29927063;-0.6636720896;1.21132791;
75.3948822;80;60;493.2808838;0.3750114441;0;37.39924622;-0.6590878367;1.215912223;
75.4169693;80;60;491.0922546;0.3828241825;0;37.49925232;-0.6548503041;1.220149636;
75.47270966;80;60;486.9014893;0.3984496593;0;37.6992569;-0.6459987164;1.229001284;
75.50790405;80;60;484.888855;0.4140751362;0;37.79925537;-0.6413803697;1.23361969;
75.54353333;80;60;482.707489;0.429700613;0;37.89928055;-0.6371075511;1.237892389;
75.58610535;80;60;480.6929626;0.4375133514;0;37.99926758;-0.6324667335;1.242533326;
75.62950134;80;60;478.5093689;0.4531388283;0;38.09926605;-0.6281712055;1.246828794;
75.68319702;80;60;476.4925537;0.484389782;0;38.1992836;-0.6235055923;1.251494408;
75.7376709;80;60;474.3061523;0.429700613;0;38.29928207;-0.6191858053;1.255814195;
75.78151703;80;60;472.2864685;0.3984496593;0;38.39928055;-0.6144922972;1.260507703;
75.81440735;80;60;470.1183472;0.4375133514;0;38.49928665;-0.6101934314;1.264806509;
75.86050415;80;60;467.9281311;0.484389782;0;38.59929276;-0.6054744124;1.269525528;
75.91437531;80;60;465.9051208;0.523453474;0;38.69929123;-0.6011050344;1.273894906;
75.98952484;80;60;463.7118835;0.6015808582;0;38.79829407;-0.5963582993;1.278641701;
76.08101654;80;60;461.6853943;0.6484572887;0;38.89830399;-0.5919616818;1.283038378;
76.19361115;80;60;459.6564636;0.671895504;0;38.99829865;-0.5871815681;1.287818432;
76.30377197;80;60;457.4553528;0.671895504;0;39.09831238;-0.5827519298;1.292248011;
76.42312622;80;60;455.4205017;0.6172063351;0;39.19830704;-0.5779322982;1.297067761;
76.51798248;80;60;453.2128296;0.578142643;0;39.29830933;-0.5734652281;1.301534772;
76.60646057;80;60;451.1723938;0.5937681198;0;39.39831161;-0.5686069131;1.306393147;
76.69603729;80;60;448.9594421;0.6328318119;0;39.49832153;-0.5641035438;1.310896397;
76.80614471;80;60;446.9141541;0.6484572887;0;39.59831619;-0.5592052341;1.315794826;
76.90817261;80;60;444.6953735;0.6484572887;0;39.6983223;-0.5546652079;1.320334792;
77.02002716;80;60;442.6444702;0.6640827656;0;39.79832077;-0.5497270823;1.325272918;
77.12635803;80;60;440.4195557;0.6640827656;0;39.89833069;-0.5451490283;1.329851031;
77.24345398;80;60;438.3628235;0.6484572887;0;39.99833298;-0.5401687026;1.334831357;
77.34870148;80;60;436.1314392;0.6640827656;0;40.09833527;-0.5355516672;1.339448333;
77.4644928;80;60;434.0687866;0.6640827656;0;40.19834137;-0.5305283666;1.344471693;
77.57209778;80;60;431.8310547;0.6484572887;0;40.29834366;-0.5258712769;1.349128723;
77.68475342;80;60;429.7624512;0.6484572887;0;40.39834976;-0.5208057761;1.354194283;
77.78778839;80;60;427.5183411;0.6328318119;0;40.49835205;-0.5161088109;1.358891129;
77.8956604;80;60;425.4440002;0.6328318119;0;40.59835052;-0.5109993219;1.364000678;
77.99404144;80;60;423.1937866;0.6328318119;0;40.69835663;-0.5062633157;1.368736744;
78.10057831;80;60;421.1139526;0.6328318119;0;40.79835892;-0.5011125803;1.37388742;
78.19880676;80;60;418.8578186;0.6328318119;0;40.89836502;-0.4963374436;1.378662586;
78.30692291;80;60;416.7724915;0.6484572887;0;40.99837494;-0.4911714792;1.383828521;
78.40667725;80;60;414.5104065;0.6328318119;0;41.0983696;-0.4864988029;1.388501167;
78.51284027;80;60;412.4195557;0.6328318119;0;41.1984024;-0.4817269146;1.393273115;78.56260681;80;60;411.1986694;0.6484572887;0;41.24840546;
78.61354828;80;60;410.1515198;0.6484572887;0;41.29837799;-0.4780909419;1.396908998;78.66477966;80;60;409.1036682;0.6484572887;0;41.348423;
78.72470093;80;60;408.0551147;0.6484572887;0;41.39837646;-0.4752932191;1.399706721;
78.82358551;80;60;405.7809448;0.6328318119;0;41.49838257;-0.4736469388;1.401353121;
78.92504883;80;60;403.6789856;0.6015808582;0;41.59838867;-0.4725648463;1.402435184;
79.00831604;80;60;401.3990479;0.484389782;0;41.69839096;-0.4721028507;1.40289712;
79.06111908;80;60;399.2922363;0.3750114441;0;41.79841614;-0.4720874131;1.402912617;
79.08557129;80;60;397.0084534;0.3750114441;0;41.89839554;-0.472459048;1.402540922;
79.10756683;80;60;394.8995972;0.3593859673;0;41.99840164;-0.473252058;1.401747942;
79.12495422;80;60;392.6143494;0.3593859673;0;42.09841919;-0.4743337035;1.400666237;
79.14230347;80;60;390.5043945;0.3593859673;0;42.19840622;-0.4758776426;1.399122357;
79.15840912;80;60;388.2181396;0.3437604904;0;42.29841232;-0.4776439965;1.397356033;
79.16040039;80;60;386.1072693;0.05468916893;0;42.39844131;-0.4799264967;1.395073533;
79.0947876;80;60;383.8205566;0;0;42.49842834;-0.4823724627;1.392627478;
78.96987152;80;60;381.7116699;0;0;42.59844208;-0.4853828847;1.389617085;
78.84499359;80;60;379.4304504;0;0;42.69842148;-0.4884970486;1.386502981;
78.71071625;80;60;377.3280334;0;0;42.79843903;-0.4922353923;1.382764578;
78.58692169;80;60;375.0541077;0;0;42.89844131;-0.4960232675;1.378976703;
78.45227051;80;60;372.9585571;0;0;42.99843597;-0.5004927516;1.374507189;
78.32816315;80;60;370.6920776;0;0;43.09844971;-0.5049548149;1.370045185;
78.19416809;80;60;368.603363;0;0;43.19844437;-0.5101528168;1.364847183;
78.07071686;80;60;366.3443298;0;0;43.29845047;-0.5152847767;1.359715223;
77.93712616;80;60;364.2624817;0;0;43.39844894;-0.5212058425;1.353794098;
77.81401062;80;60;362.0108643;0;0;43.49845505;-0.5270027518;1.347997189;
77.68090057;80;60;359.9358521;0;0;43.59846115;-0.5336412787;1.341358662;
77.55821228;80;60;357.6916504;0;0;43.69845963;-0.5400977135;1.334902287;
77.42554474;80;60;355.6234436;0;0;43.79847717;-0.5474462509;1.327553749;
77.30328369;80;60;353.3865967;0;0;43.89847565;-0.5545556545;1.320444345;
77.1710434;80;60;351.3252258;0;0;43.99847412;-0.5626091957;1.312390804;
77.04920959;80;60;349.0957336;0;0;44.0984726;-0.5703396797;1.30466032;
76.91740417;80;60;347.0411377;0;0;44.1984787;-0.5789383054;1.296061754;
76.79592133;80;60;344.8189697;0;0;44.29848099;-0.5869127512;1.288087249;
76.66452026;80;60;342.7711182;0;0;44.39847946;-0.5950180292;1.279981971;
76.54342651;80;60;340.5562439;0;0;44.49849701;-0.6016734838;1.273326516;
76.41251373;80;60;338.5151367;0;0;44.59851456;-0.6078345776;1.267165422;
76.29184723;80;60;336.3075562;0;0;44.69849777;-0.6124404073;1.262559533;
76.16137695;80;60;334.2731323;0;0;44.79851913;-0.6163806915;1.258619308;
76.04115295;80;60;332.0727844;0;0;44.89850998;-0.6191894412;1.255810618;
75.91110229;80;60;330.0450439;0;0;44.99852371;-0.6213986278;1.253601432;
75.79125214;80;60;327.8519287;0;0;45.09850311;-0.6227173805;1.252282619;
75.66162872;80;60;325.8308411;0;0;45.19850922;-0.6234047413;1.251595259;
75.54219818;80;60;323.644928;0;0;45.29852295;-0.6233729124;1.251627088;
75.41301727;80;60;321.6304932;0;0;45.39851379;-0.6226314902;1.25236845;
75.29399109;80;60;319.4517517;0;0;45.4985199;-0.6213037968;1.253696203;
75.16529846;80;60;317.4439392;0;0;45.59851837;-0.6191738844;1.255826116;
75.05484009;80;60;315.2723694;0.05468916893;0;45.69852448;-0.6165748239;1.258425117;
74.96608734;80;60;313.2708435;0.09375286102;0;45.79854584;-0.613075614;1.261924386;
74.90187073;80;60;311.10495;0.09375286102;0;45.89853287;-0.6092127562;1.265787244;
74.83547974;80;60;309.1075134;0.09375286102;0;45.99853516;-0.604392767;1.270607233;
74.77394867;80;60;306.9454956;0.0859401226;0;46.09854126;-0.5994773507;1.27552259;
74.70778656;80;60;304.9515076;0.09375286102;0;46.19854355;-0.594007194;1.280992866;
74.64765167;80;60;302.7931824;0.09375286102;0;46.29854584;-0.5896158218;1.285384178;
74.58433533;80;60;300.8025818;0.09375286102;0;46.39855957;-0.5861401558;1.288859844;
74.52668762;80;60;298.6478271;0.1093783379;0;46.49855423;-0.5843882561;1.290611744;
74.46752167;80;60;296.6604614;0.1093783379;0;46.59855652;-0.5842282772;1.290771723;
74.41483307;80;60;294.5090942;0.1250038147;0;46.69855881;-0.585734427;1.289265633;
74.36304474;80;60;292.5246887;0.1406292915;0;46.7985611;-0.5888745785;1.286125422;
74.31707764;80;60;290.3763733;0.1250038147;0;46.8985672;-0.5926935673;1.282306433;
74.26657867;80;60;288.3945923;0.1406292915;0;46.9985733;-0.5975794196;1.277420521;
74.22168732;80;60;286.249054;0.1406292915;0;47.09856796;-0.6026396155;1.272360444;
74.17524719;80;60;284.2698364;0.14844203;0;47.19859695;-0.6086008549;1.266399145;
74.13388824;80;60;282.1269531;0.14844203;0;47.29858017;-0.6144920588;1.260507941;
74.08943176;80;60;280.1500549;0.14844203;0;47.3985939;-0.6212583184;1.253741622;
74.04851532;80;60;278.0096741;0.14844203;0;47.49862289;-0.6278405786;1.247159362;
74.00424194;80;60;276.0350952;0.14844203;0;47.59858704;-0.6353240609;1.239675879;
73.9655304;80;60;273.8971558;0.1640675068;0;47.69859314;-0.6425497532;1.232450247;
73.92570496;80;60;271.9247742;0.1640675068;0;47.79859924;-0.6507197618;1.224280238;
73.88994598;80;60;269.7891235;0.1640675068;0;47.8985939;-0.6585743427;1.216425657;
73.85158539;80;60;267.8187561;0.1796929836;0;47.99861145;-0.6674222946;1.207577705;
73.818573;80;60;265.6852722;0.1796929836;0;48.09860992;-0.6759005785;1.199099422;
73.78643799;80;60;263.7167969;0.2031311989;0;48.19861221;-0.685421586;1.189578414;
73.76264954;80;60;261.5851746;0.2343821526;0;48.29861832;-0.6945210695;1.18047893;
73.74079132;80;60;259.6181946;0.2187566757;0;48.39862442;-0.7047154307;1.170284629;
73.72358704;80;60;257.487915;0.2656331062;0;48.49861908;-0.7144347429;1.160565257;
73.71607208;80;60;255.5219727;0.3203222752;0;48.59863281;-0.7253001332;1.149699807;
73.72451019;80;60;253.392395;0.3750114441;0;48.69862366;-0.7356411815;1.139358759;
73.74987793;80;60;251.4263763;0.4140751362;0;48.7986412;-0.7471826077;1.127817392;
73.79055786;80;60;249.2958374;0.4922025204;0;48.89863968;-0.7581479549;1.116852045;
73.85803223;80;60;247.3280334;0.578142643;0;48.99864578;-0.7703663111;1.104633689;
73.94525909;80;60;245.1943512;0.6328318119;0;49.09864044;-0.7819590569;1.093040943;
74.05323029;80;60;243.2224121;0.6328318119;0;49.19864273;-0.794857204;1.080142856;
74.15415192;80;60;241.0831757;0.6328318119;0;49.29865646;-0.8070725799;1.06792748;
74.26132965;80;60;239.1057587;0.5468916893;0;49.39864731;-0.8206389546;1.054360986;
74.3348999;80;60;236.9606323;0.5078279972;0;49.49865341;-0.8334641457;1.041535854;
74.40734863;80;60;234.9785004;0.5078279972;0;49.5986557;-0.8476799726;1.027320027;
74.47236633;80;60;232.8291626;0.5078279972;0;49.69865799;-0.8611031175;1.013896823;
74.54185486;80;60;230.8433228;0.484389782;0;49.79868698;-0.8759739399;0.9990260601;
0;49.89866257;-0.8900027871;0.9849972129;
74.47898865;80;60;226.7020569;0;0;49.99866486;-0.9055094719;0.9694905281;
74.36420441;80;60;224.5508881;0;0;50.09869766;-0.920096457;0.954903543;
74.23725891;80;60;222.5681763;0;0;50.19868469;-0.9361991882;0.9388008118;
74.121315;80;60;220.4236298;0;0;50.29869461;-0.9513455033;0.9236544967;
73.99504852;80;60;218.4472961;0;0;50.39868927;-0.9680595994;0.9069404006;
73.87811279;80;60;216.3097534;0;0;50.49868393;-0.983743608;0.891256392;
73.75187683;80;60;214.3398743;0;0;50.59872055;-1.000893116;0.8741069436;
73.63574219;80;60;212.2093201;0;0;50.69869995;-1.016658068;0.8583419323;
73.51000977;80;60;210.2458649;0;0;50.79869461;-1.032921672;0.8420782685;
73.39411163;80;60;208.1222839;0;0;50.89873123;-1.04671526;0.8282847404;
73.2687912;80;60;206.1652374;0;0;50.99871063;-1.060085535;0.8149144053;
73.15331268;80;60;204.048584;0;0;51.09870529;-1.070809603;0.8041903973;
73.02781677;80;60;202.0979309;0;0;51.19871521;-1.080613732;0.7943863273;
72.91274261;80;60;199.9881744;0;0;51.29870987;-1.087858081;0.7871418595;
72.78888702;80;60;198.0438995;0;0;51.39875031;-1.093752742;0.7812471986;
72.67422485;80;60;195.94104;0;0;51.49872208;-1.097433686;0.7775662541;
72.55019379;80;60;194.0031128;0;0;51.59876251;-1.099481463;0.7755185366;
72.43532562;80;60;191.9071198;0;0;51.69872665;-1.099581003;0.7754189968;
72.31236267;80;60;189.9755249;0;0;51.79873276;-1.097766995;0.7772330046;
72.19789886;80;60;187.876358;0;0;51.89873123;-1.094291687;0.780708313;
72.0753479;80;60;185.9510956;0;0;51.99873352;-1.088660121;0.7863398194;
71.96195221;80;60;183.8688202;0;0;52.09873581;-1.081726313;0.7932736874;
71.83879089;80;60;181.9498596;0;0;52.19878006;-1.072344184;0.8026558161;
71.72634125;80;60;179.8843536;0;0;52.2987709;-1.062339306;0.8126606345;
71.60358429;80;60;177.9617157;0;0;52.39875031;-1.050129652;0.8248702884;
71.49102783;80;60;175.8930511;0;0;52.49875259;-1.037865877;0.8371340632;
71.36928558;80;60;173.9866333;0;0;52.5987587;-1.023540854;0.8514591455;
71.2571106;80;60;171.9247284;0;0;52.69875717;-1.009414196;0.8655857444;
71.13580322;80;60;170.0245667;0;0;52.79875946;-0.993163228;0.881836772;
71.02401733;80;60;167.9694214;0;0;52.89876556;-0.9773067832;0.8976932168;
70.90312958;80;60;166.07547;0;0;52.99877167;-0.9592217803;0.9157782197;
70.79178619;80;60;164.0270538;0;0;53.09877396;-0.9417750835;0.9332249165;
70.67131042;80;60;162.1393127;0;0;53.19877243;-0.9222135544;0.9527864456;
70.56026459;80;60;160.0975952;0;0;53.29878998;-0.9040113091;0.9709886909;
70.44016266;80;60;158.2160187;0;0;53.39879227;-0.884907186;0.990092814;
70.32952881;80;60;156.1809845;0;0;53.49878311;-0.8682046533;1.006795406;
70.20983887;80;60;154.3055725;0;0;53.59878922;-0.8513461351;1.023653865;
70.09954071;80;60;152.2771759;0;0;53.69880676;-0.8370622993;1.03793776;
69.9803009;80;60;150.4078827;0;0;53.79880524;-0.8230478168;1.051952243;
69.87046051;80;60;148.3861084;0;0;53.89880371;-0.8114115;1.0635885;
69.75170135;80;60;146.5229187;0;0;53.99880219;-0.8001044989;1.074895501;
69.64224243;80;60;144.5077362;0;0;54.09880829;-0.7904048562;1.084595203;
69.52378845;80;60;142.6506348;0;0;54.19881821;-0.7798957229;1.095104218;
69.41470337;80;60;140.6420441;0;0;54.29885864;-0.7697200775;1.105279922;
69.29671478;80;60;138.7910004;0;0;54.39883804;-0.7579073906;1.117092609;
69.18796539;80;60;136.7889862;0;0;54.49882889;-0.7461157441;1.128884315;
69.07035828;80;60;134.943985;0;0;54.59882355;-0.7322800756;1.142719984;
68.96200562;80;60;132.9485168;0;0;54.69882965;-0.7184880376;1.156511903;
68.84483337;80;60;131.1095428;0;0;54.79883194;-0.7024391294;1.17256093;
68.73683929;80;60;129.1206055;0;0;54.89883423;-0.6866137385;1.188386202;
68.62007141;80;60;127.2876511;0;0;54.99883652;-0.6684917212;1.206508279;
68.51248169;80;60;125.3052063;0;0;55.09883881;-0.6509135365;1.224086523;
68.39608765;80;60;123.4782486;0;0;55.19884491;-0.6309806108;1.244019389;
68.28884125;80;60;121.5022888;0;0;55.29885864;-0.6117827296;1.26321733;
68.17288208;80;60;119.6813126;0;0;55.39884949;-0.5901358128;1.284864187;
68.06599426;80;60;117.7118149;0;0;55.49885178;-0.569378674;1.305621386;
67.95044708;80;60;115.8967896;0;0;55.59885788;-0.546079278;1.328920722;
67.84384155;80;60;113.9337387;0;0;55.69886017;-0.5239951611;1.351004839;
67.72821045;80;60;112.1246567;0;0;55.79891586;-0.4997753501;1.37522459;
67.62162018;80;60;110.1680298;0;0;55.89887619;-0.4781899452;1.396810055;
67.50735474;80;60;108.2334976;0;0;55.99887466;-0.4574143291;1.417585611;
67.40101624;80;60;106.4333572;0;0;56.09888458;-0.4410178363;1.433982134;
67.28594208;80;60;104.4863892;0;0;56.19887543;-0.4269325733;1.448067427;
67.17992401;80;60;102.6921234;0;0;56.29788208;-0.4175809026;1.457419157;
67.06570435;80;60;100.9006729;0;0;56.39788055;-0.4114230871;1.463576913;
66.96054077;80;60;98.96310425;0;0;56.49789047;-0.4093395174;1.465660453;
66.84669495;80;60;97.17750549;0;0;56.59789276;-0.4102986753;1.464701295;
66.74188232;80;60;95.24627686;0;0;56.69789505;-0.4134888053;1.461511135;
66.6285553;80;60;93.46652222;0;0;56.79789352;-0.4190870821;1.455912948;
66.52410889;80;60;91.54162598;0;0;56.89789963;-0.4260350168;1.448964953;
66.41114807;80;60;89.76770782;0;0;56.99790192;-0.4353476465;1.439652324;
66.30709839;80;60;87.84912109;0;0;57.09790802;-0.4455261827;1.429473758;
66.19454193;80;60;86.08101654;0;0;57.19791031;-0.4582258165;1.416774154;
66.09082794;80;60;84.16872406;0;0;57.29792023;-0.4714690447;1.403530955;
65.9786377;80;60;82.40643311;0;0;57.39791489;-0.4874478579;1.387552142;
65.87534332;80;60;80.50042725;0;0;57.49793625;-0.5036461949;1.371353865;
65.7636261;80;60;78.74393463;0;0;57.59792709;-0.522560358;1.352439642;
65.66064453;80;60;76.84418488;0;0;57.69794464;-0.5409357548;1.334064245;
65.54917908;80;60;75.09345245;0;0;57.7979393;-0.5605505705;1.31444943;
65.4465332;80;60;73.19992065;0;0;57.89793015;-0.5776699781;1.297330022;
65.33550262;80;60;71.45488739;0;0;57.99793625;-0.5948047638;1.280195236;
65.23313141;80;60;69.56751251;0;0;58.09793854;-0.6090976;1.2659024;
65.12243652;80;60;67.82814789;0;0;58.19794083;-0.622803092;1.252196908;
65.02040863;80;60;65.94689178;0;0;58.29797363;-0.6337643862;1.241235614;
64.91007233;80;60;64.21317291;0;0;58.39795303;-0.6437826753;1.231217384;
64.80840302;80;60;62.33802414;0;0;58.49795914;-0.6513102651;1.223689675;
64.69843292;80;60;60.60993195;0;0;58.5979538;-0.6576029062;1.217397094;
64.59707642;80;60;58.74086761;0;0;58.69797897;-0.661698401;1.213301659;
64.48749542;80;60;57.01838303;0;0;58.797966;-0.6642856002;1.210714459;
64.38647461;80;60;55.15538788;0;0;58.89796829;-0.6649746299;1.21002543;
64.27724457;80;60;53.43849564;0;0;58.99798965;-0.6638895273;1.211110473;
64.17658997;80;60;51.5815506;0;0;59.09798431;-0.6612038612;1.213796139;
64.06783295;80;60;49.87023544;0;0;59.1979866;-0.656547606;1.218452454;
63.96767044;80;60;48.01932144;0;0;59.29798508;-0.6507453918;1.224254608;
63.85926056;80;60;46.31356049;0;0;59.39798355;-0.6432990432;1.231701016;
63.75928497;80;60;44.46866608;0;0.7934812307;59.49802017;-0.6361767054;1.238823295;
63.6261673;80;60;42.76848602;0;7.936338425;59.59799194;-0.6295184493;1.245481491;
63.43000412;80;60;40.93050385;0;13.88744736;59.69799423;-0.6295184493;1.245481491;
63.15545654;80;60;39.23949814;0;13.88744736;59.79799652;-0.6295184493;1.245481491;
62.91575623;80;60;37.41504669;0;10.316782;59.89801788;-0.6295184493;1.245481491;
62.68647766;80;60;35.73736191;0;8.729819298;59.99800491;-0.6295184493;1.245481491;
62.52330399;80;60;33.9262085;0;0;60.09800339;-0.6295184493;1.245481491;
62.40908813;80;60;32.25884247;0;0;60.19801331;-0.6295184493;1.245481491;
62.29690933;80;60;30.45572662;0;4.760887623;60.29801178;-0.6295184493;1.245481491;
62.1261673;80;60;28.79471588;0;9.523301125;60.39803314;-0.6295184493;1.245481491;
61.93237686;80;60;27.00022888;0;4.760887623;60.49802017;-0.6295184493;1.245481491;
61.77049255;80;60;25.34897995;0;5.554368496;60.59803391;-0.6295184493;1.245481491;
61.59140778;80;60;23.56458092;0;14.68245506;60.69802856;-0.6295184493;1.245481491;
61.29169464;80;60;21.92280579;0;21.03030396;60.79803085;-0.6295184493;1.245481491;
60.953022;80;60;20.15284729;0;23.01553345;60.89803314;-0.6295184493;1.245481491;
60.57081985;80;60;18.52829933;0;24.6024971;60.99804306;-0.6295184493;1.245481491;
60.20829773;80;60;16.7789917;0;15.47593594;61.09804153;-0.6295184493;1.245481491;
60.00925446;80;60;15.17417622;0;0;61.19807434;-0.6295184493;1.245481491;
59.93918228;80;60;13.40728092;0;0;61.29804993;-0.6295184493;1.245481491;
59.81626511;80;60;11.81055355;0;0;61.3980484;-0.6295184493;1.245481491;

59.59804916;80;60;8.461773872;0;0;61.59806061;-0.5046716928;1.370328307;
59.50344467;80;60;6.876584053;0;0;61.69805908;-0.5171560645;1.357843876;
59.41389847;80;60;5.165606976;0;0;61.79806137;-0.5295940042;1.345406055;
59.31355286;80;60;3.594852924;0;0;61.8980751;-0.5440317392;1.330968261;
59.21957016;80;60;1.92176199;0;0;61.99806976;-0.5581812859;1.316818714;
59.11859131;60;80;535.7749023;0;0;62.0980835;-0.5743896365;1.300610304;
59.02649307;60;80;534.0670166;0;0;62.19810104;-0.5901606083;1.284839392;
58.92670822;60;80;532.493042;0;0;62.29808044;-0.6081142426;1.266885757;
58.83437729;60;80;530.7907104;0;0;62.39808273;-0.6254352927;1.249564767;
58.73461914;60;80;529.2219238;0;0;62.49811554;-0.6449172497;1.23008275;
58.64284134;60;80;527.5252075;0;0;62.59810257;-0.6632676125;1.211732388;
58.54348373;60;80;525.9614868;0;0;62.69809723;-0.6828795075;1.192120552;
58.45190811;60;80;524.2702637;0;0;62.79810715;-0.7004239559;1.174576044;
58.3528862;60;80;522.7116699;0;0;62.89810562;-0.7186893225;1.156310678;
58.26163101;60;80;521.0258789;0;0;62.99811172;-0.7347824574;1.140217543;
58.16293335;60;80;519.4723511;0;0;63.09811783;-0.7513443828;1.123655558;
58.07196045;60;80;517.7920532;0;0;63.19812775;-0.7658138275;1.109186172;
57.97356796;60;80;516.2435913;0;0;63.29811859;-0.7805983424;1.094401717;
57.88287735;60;80;514.5687256;0;0;63.39812088;-0.7934237719;1.081576228;
57.78475571;60;80;513.0252686;0;0;63.49812317;-0.8064137697;1.06858623;
57.6942482;60;80;511.355896;0;0;63.59812546;-0.8175079226;1.057492137;
57.59636688;60;80;509.8174438;0;0;63.69812775;-0.8284304142;1.046569586;
57.50613785;60;80;508.1534729;0;0;63.79813004;-0.8370842934;1.037915707;
57.40869522;60;80;506.6200256;0;0;63.89813232;-0.8447620869;1.030237913;
57.31888962;60;80;504.9614563;0;0;63.99813843;-0.8502991199;1.02470088;
57.22177887;60;80;503.4329834;0;0;64.09815979;-0.8549049497;1.020094991;
57.13222885;60;80;501.7798157;0;0;64.19815826;-0.8582569957;1.016743064;
57.03542709;60;80;500.2563171;0;0;64.29815674;-0.8610836864;1.013916254;
56.94618607;60;80;498.6085205;0;0;64.39815521;-0.8630236387;1.011976361;
56.8496666;60;80;497.0899658;0;0;64.49815369;-0.864456594;1.010543466;
56.76074219;60;80;495.4475403;0;0;64.59815979;-0.8651852012;1.009814858;
56.66453552;60;80;493.93396;0;0;64.69816589;-0.8653426766;1.009657383;
56.57588196;60;80;492.296875;0;0;64.79816437;-0.8649104238;1.010089636;
56.47996521;60;80;490.788208;0;0;64.8981781;-0.863820374;1.011179566;
56.39159393;60;80;489.1564636;0;0;64.9981842;-0.8622450233;1.012755036;
56.29600906;60;80;487.6526794;0;0;65.09818268;-0.8599234223;1.015076518;
56.20788574;60;80;486.0262756;0;0;65.19818115;-0.8572143912;1.017785549;
56.11261368;60;80;484.5274048;0;0;65.29817963;-0.8536710739;1.021328926;
56.02477646;60;80;482.9062805;0;0;65.39819336;-0.8498398066;1.025160193;
55.92980957;60;80;481.4122925;0;0;65.4981842;-0.84513098;1.02986908;
55.84229279;60;80;479.7964478;0;0;65.59820557;-0.8403159976;1.034683943;
55.74757004;60;80;478.3073425;0;0;65.69819641;-0.8348525167;1.040147424;
55.66029358;60;80;476.6967773;0;0;65.79820251;-0.8299193382;1.045080662;
55.56594467;60;80;475.2125244;0;0;65.89820099;-0.824848175;1.050151825;
55.4789505;60;80;473.6071777;0;0;65.99822235;-0.820479691;1.054520369;
55.38486481;60;80;472.1277466;0;0;66.09820557;-0.816126585;1.058873415;
55.29815674;60;80;470.5276489;0;0;66.19821167;-0.8124753833;1.062524557;
55.20436478;60;80;469.0530701;0;0;66.29821777;-0.8089040518;1.066095948;
55.11750031;60;80;467.4581604;0;0;66.39821625;-0.8059049845;1.069095016;
55.02441025;60;80;465.9883728;0;0;66.49823761;-0.8029127121;1.072087288;
54.93824768;60;80;464.3986816;0;0;66.59822083;-0.8000327945;1.074967146;
54.84503555;60;80;462.9336853;0;0;66.69822693;-0.7966433167;1.078356624;
54.7609024;60;80;461.3491821;0.03125095367;0;66.79823303;-0.7932190895;1.08178091;
54.68491364;60;80;459.8812561;0.05468916893;0;66.89823914;-0.7891499996;1.08585;
54.629776;60;80;458.3013611;0.07031464577;0;66.99824524;-0.7850461006;1.089953899;
54.573452;60;80;456.8445129;0.05468916893;0;67.09824371;-0.7802169919;1.094783068;
54.52125931;60;80;455.2678833;0.07031464577;0;67.19824219;-0.7754192352;1.099580765;
54.47031784;60;80;453.8139648;0.07031464577;0;67.29824829;-0.7699669003;1.10503304;
54.42655563;60;80;452.2403259;0.07031464577;0;67.39825439;-0.7648327351;1.110167265;
54.38143158;60;80;450.7889404;0.09375286102;0;67.49825287;-0.7595224977;1.115477443;
54.35110474;60;80;449.217865;0.14844203;0;67.59825897;-0.7549003959;1.120099664;
54.32991028;60;80;447.7684326;0.1640675068;0;67.69826508;-0.7502419949;1.124758005;
54.31554794;60;80;446.198822;0.1796929836;0;67.79827118;-0.7462877035;1.128712296;
54.30778503;60;80;444.7503967;0.2187566757;0;67.89826965;-0.7423874736;1.132612586;
54.30754852;60;80;443.181427;0.2343821526;0;67.99826813;-0.7391447425;1.135855198;
54.31237793;60;80;441.7331848;0.2343821526;0;68.09827423;-0.7359855175;1.139014482;
54.3183136;60;80;440.1641235;0.2656331062;0;68.19828033;-0.7333717942;1.141628146;
54.33324432;60;80;438.7156067;0.3203222752;0;68.29828644;-0.7306850553;1.144314885;
54.35951996;60;80;437.1459656;0.3750114441;0;68.39828491;-0.7281460166;1.146853924;
54.4052887;60;80;435.6962891;0.4140751362;0;68.49829102;-0.7252623439;1.149737597;
54.46100616;60;80;434.1245422;0.4922025204;0;68.59831238;-0.7224467397;1.152553201;
54.54370117;60;80;432.6721191;0.5390789509;0;68.69829559;-0.7192072868;1.155792713;
54.63131332;60;80;431.096405;0.5468916893;0;68.7983017;-0.7160342932;1.158965707;
54.71897125;60;80;429.6394958;0.4375133514;0;68.89831543;-0.712395668;1.162604332;
54.77888489;60;80;428.0588074;0.429700613;0;68.99832153;-0.7088504434;1.166149497;
54.84126663;60;80;426.5980835;0.4375133514;0;69.09832001;-0.7048094869;1.170190573;
54.90226364;60;80;425.013855;0.4531388283;0;69.19831848;-0.7008910179;1.174108982;
54.96090698;60;80;423.5497742;0.3750114441;0;69.29833221;-0.6964426041;1.178557396;
55.00137329;60;80;421.9621277;0.3593859673;0;69.39834595;-0.6921491623;1.182850838;
55.04204941;60;80;420.4954834;0.3593859673;0;69.49832153;-0.6872959137;1.187704086;
55.07987595;60;80;418.905426;0.3750114441;0;69.59832764;-0.6826272607;1.192372799;
55.12388611;60;80;417.4366455;0.3593859673;0;69.69833374;-0.6773648262;1.197635174;
55.16132736;60;80;415.8442383;0.3437604904;0;69.79833984;-0.6723186374;1.202681422;
55.19795609;60;80;414.373291;0.3437604904;0;69.89838409;-0.6666465402;1.208353519;
55.22993851;60;80;412.7787476;0.3281350136;0;69.99833679;-0.6612221599;1.213777781;
55.26190186;60;80;411.3059387;0.3281350136;0;70.09835815;-0.6551409364;1.219859004;
55.29110718;60;80;409.7095642;0.3281350136;0;70.198349;-0.6493366361;1.225663304;
55.32269287;60;80;408.2351379;0.3281350136;0;70.2983551;-0.6428434253;1.232156515;
55.35180664;60;80;406.6369629;0.3281350136;0;70.39835358;-0.636659503;1.238340497;
55.38333893;60;80;405.1609497;0.3281350136;0;70.49835205;-0.6297544241;1.245245576;
55.41241455;60;80;403.5610352;0.3281350136;0;70.59836578;-0.6231886744;1.251811266;
55.44389343;60;80;402.083374;0.3281350136;0;70.69837189;-0.6158691645;1.259130836;
55.47292709;60;80;400.4816895;0.3281350136;0;70.79836273;-0.6089205742;1.266079426;
55.50435257;60;80;399.0024414;0.3281350136;0;70.89836884;-0.6011859775;1.273814082;
55.53332901;60;80;397.3990173;0.3281350136;0;70.99837494;-0.5938536525;1.281146288;
55.56469727;60;80;395.9181519;0.3281350136;0;71.09838104;-0.5857022405;1.2892977;
55.59361649;60;80;394.3129883;0.3281350136;0;71.19841003;-0.5779851079;1.297014952;
55.62751389;60;80;392.8305054;0.3750114441;0;71.29840088;-0.5694161057;1.305583954;
55.66860199;60;80;391.2235413;0.3828241825;0;71.39842987;-0.5613116026;1.313688397;
55.71794891;60;80;389.7390137;0.3984496593;0;71.4984436;-0.5523199439;1.322679996;
55.76872253;60;80;388.129425;0.4140751362;0;71.5983963;-0.5438235998;1.3311764;
55.82722855;60;80;386.6422424;0.429700613;0;71.69839478;-0.5344045758;1.340595365;
55.88326263;60;80;385.029541;0.4375133514;0;71.79840851;-0.5255118608;1.349488139;
55.95195389;60;80;383.5393066;0.5078279972;0;71.89845276;-0.5156633258;1.359336615;
56.03096008;60;80;381.9229736;0.5468916893;0;71.99840546;-0.5063914657;1.368608475;
56.12741852;60;80;380.4287415;0.5937681198;0;72.09841156;-0.4961669147;1.378833055;
56.22073364;60;80;378.8073425;0.6328318119;0;72.19841003;-0.4866749048;1.388325095;
56.32624817;60;80;377.3081055;0.6484572887;0;72.29842377;-0.4764773548;1.398522615;
56.43382263;60;80;375.6809998;0.6640827656;0;72.3984375;-0.4671831727;1.407816887;
56.56258392;60;80;374.1760559;0.6640827656;0;72.49842834;-0.4572677016;1.417732239;
56.7019577;60;80;372.5420837;0.6015808582;0;72.59844208;-0.448266089;1.426733971;
56.8455658;60;80;371.0299683;0.5390789509;0;72.69842529;-0.4386832714;1.436316729;
56.96785355;60;80;369.3878784;0.5468916893;0;72.7984314;-0.4299953878;1.445004582;
57.09381485;60;80;367.8687744;0.4687643051;0;72.8984375;-0.4207562506;1.454243779;
57.18016815;60;80;366.2196045;0.3828241825;0;72.99843597;-0.4123936594;1.462606311;
57.25733948;60;80;364.6949158;0.3281350136;0;73.09844971;-0.4035169184;1.471483111;
57.32842636;60;80;363.0409851;0.3281350136;0;73.19844818;-0.3954955637;1.479504466;
57.39631271;60;80;361.5122681;0.3437604904;0;73.29845428;-0.3869971335;1.488002896;
57.45409012;60;80;359.8543091;0.3437604904;0;73.39845276;-0.3793304563;1.495669603;
57.50325394;60;80;358.2105103;0.3437604904;0;73.49846649;-0.371296823;1.503703117;
57.53843307;60;80;356.6771851;0.3437604904;0;73.59848022;-0.3639931679;1.511006832;
57.5748291;60;80;355.1429138;0.3593859673;0;73.69847107;-0.3562806845;1.518719316;
57.61045074;60;80;353.4797363;0.3750114441;0;73.79746246;-0.3493500352;1.525650024;
57.65359116;60;80;351.9434814;0.3984496593;0;73.89746857;-0.3420450091;1.53295505;
57.70116425;60;80;350.2779846;0.429700613;0;73.99747467;-0.3354908526;1.539509177;
57.76458359;60;80;348.7392578;0.4922025204;0;74.09748077;-0.3285938799;1.54640615;
57.83621216;60;80;347.0705566;0.523453474;0;74.19749451;-0.3224126399;1.55258739;
57.92316437;60;80;345.5281982;0.5390789509;0;74.29749298;-0.3159159124;1.559084058;
58.00680161;60;80;343.8549194;0.5390789509;0;74.39748383;-0.3101029396;1.56489706;
58.0986557;60;80;342.3080444;0.5468916893;0;74.49749756;-0.3040045202;1.57099545;
58.18437576;60;80;340.6296997;0.5468916893;0;74.59749603;-0.2985570133;1.576442957;
58.27667618;60;80;339.078125;0.5468916893;0;74.69749451;-0.2928535044;1.582146525;
58.36136627;60;80;337.3946533;0.523453474;0;74.79751587;-0.287773788;1.587226152;
58.4480896;60;80;335.8383484;0.523453474;0;74.89749908;-0.2824694216;1.592530608;
58.52706146;60;80;334.1499634;0.5078279972;0;74.99750519;-0.277759254;1.597240686;
58.60231781;60;80;332.5892639;0.4375133514;0;75.09753418;-0.2728588283;1.602141142;
58.65930939;60;80;330.8964233;0.4375133514;0;75.1975174;-0.2685251832;1.606474876;
58.7196312;60;80;329.3322144;0.4375133514;0;75.29751587;-0.2640342116;1.610965848;
58.77513885;60;80;327.6359558;0.4375133514;0;75.3975296;-0.2600829005;1.614917159;
58.83405304;60;80;326.068634;0.4140751362;0;75.49752808;-0.2560116947;1.618988276;
58.88137054;60;80;324.3690796;0.3750114441;0;75.59754181;-0.2524470091;1.622552991;
58.91857147;60;80;322.7989502;0.3203222752;0;75.69754791;-0.2487986684;1.626201272;
58.93939209;60;80;321.0969543;0.2734458447;0;75.79753113;-0.2456278652;1.62937212;
58.9553566;60;80;319.5253296;0.2890713215;0;75.89753723;-0.2424095571;1.632590413;
58.97067642;60;80;317.8222351;0.2890713215;0;75.99754333;-0.2396389097;1.635361075;
58.98749161;60;80;316.2496948;0.2890713215;0;76.09757233;-0.2368573993;1.638142586;
59.00312424;60;80;314.5456543;0.2890713215;0;76.1975708;-0.2344914079;1.640508652;
59.02033234;60;80;312.9722595;0.2890713215;0;76.29754639;-0.2321498394;1.642850161;
59.03574753;60;80;311.2672424;0.2890713215;0;76.39756012;-0.230192259;1.644807696;
59.05244064;60;80;309.6929626;0.2890713215;0;76.49758148;-0.2282923907;1.646707654;
59.06778717;60;80;307.98703;0.2890713215;0;76.5975647;-0.2267425805;1.648257375;
59.08442307;60;80;306.4118958;0.2890713215;0;76.69756317;-0.2252850235;1.649714947;
59.09972382;60;80;304.7050476;0.2890713215;0;76.79756927;-0.2241431028;1.650856853;59.10682297;60;80;
59.11340714;60;80;303.1290588;0.2656331062;0;76.89756775;-0.2231264114;1.651873589;
59.12185287;60;80;301.4213562;0.2343821526;0;76.99757385;-0.2223949283;1.652605057;
59.12240219;60;80;299.8448181;0.2031311989;0;77.09757233;-0.2218249142;1.653175116;
59.1169014;60;80;298.1368713;0.2187566757;0;77.19757843;-0.2215030044;1.653496981;
59.11230087;60;80;296.5604248;0.2187566757;0;77.29759216;-0.2213768214;1.653623223;
59.1067276;60;80;294.8527527;0.2031311989;0;77.39759064;-0.2214678228;1.653532147;
59.09535599;60;80;293.2765808;0.1406292915;0;77.49758911;-0.2217905074;1.653209448;
59.06787109;60;80;291.5694275;0.0859401226;0;77.59759521;-0.2222940922;1.652705908;
59.02371216;60;80;289.9943542;0.0859401226;0;77.69760132;-0.2230650634;1.651934981;
58.98059082;60;80;288.2892456;0.0859401226;0;77.79759979;-0.2239824235;1.651017547;
58.93384171;60;80;286.7164612;0.0859401226;0;77.89759827;-0.2252009958;1.649798989;
58.89080429;60;80;285.013916;0.0859401226;0;77.997612;-0.2265325785;1.648467422;
58.84441376;60;80;283.443512;0.09375286102;0;78.09763336;-0.2282002121;1.646799803;
58.80402756;60;80;281.7435303;0.09375286102;0;78.19760895;-0.2299467325;1.645053267;
58.7618103;60;80;280.175415;0.09375286102;0;78.29763031;-0.2320614308;1.642938614;
58.72317505;60;80;278.4778137;0.09375286102;0;78.39762115;-0.2342200577;1.640779972;
58.68135834;60;80;276.9118652;0.09375286102;0;78.49762726;-0.2367823422;1.638217688;
58.64174271;60;80;275.2165833;0.0859401226;0;78.59762573;-0.2393531203;1.63564682;
58.60016632;60;80;273.652832;0.1406292915;0;78.69763184;-0.2423591912;1.632640839;
58.57275772;60;80;271.9598694;0.1796929836;0;78.79763031;-0.2453395426;1.629660487;
58.55701828;60;80;270.3978882;0.2187566757;0;78.89763641;-0.2487902492;1.626209736;
58.55282974;60;80;268.7061768;0.2343821526;0;78.99764252;-0.2521827519;1.622817278;
58.55690384;60;80;267.1447144;0.2656331062;0;79.09764099;-0.2560807765;1.618919253;
58.56610489;60;80;265.4530334;0.2734458447;0;79.19764709;-0.2598829865;1.615117073;
58.5807991;60;80;263.8912354;0.3046967983;0;79.29766083;-0.2642254531;1.610774517;
58.59965134;60;80;262.1988525;0.3046967983;0;79.3976593;-0.2684379816;1.606562018;
58.62127686;60;80;260.6361694;0.3046967983;0;79.49765778;-0.2732222378;1.601777792;
58.64124298;60;80;258.9426575;0.3046967983;0;79.59765625;-0.2778425515;1.597157478;
58.66379929;60;80;257.3789063;0.3203222752;0;79.69768524;-0.2830685079;1.591931462;
58.68704987;60;80;255.6841736;0.3203222752;0;79.79766846;-0.2880954444;1.586904526;
58.71418381;60;80;254.1191711;0.3437604904;0;79.89766693;-0.2937629521;1.581237078;
58.74377823;60;80;252.4229889;0.3437604904;0;79.99767303;-0.2991988361;1.575801134;
58.77697754;60;80;250.8564758;0.3593859673;0;80.09767914;-0.3053089082;1.569691062;
58.80855942;60;80;249.158493;0.3437604904;0;80.19767761;-0.3111535013;1.563846469;
58.8442421;60;80;247.5902557;0.3593859673;0;80.29768372;-0.317707032;1.557292938;
58.87870026;60;80;245.8903351;0.3593859673;0;80.39768982;-0.323961854;1.551038146;
58.91613388;60;80;244.3202362;0.3593859673;0;80.49771118;-0.3309600651;1.544039965;
58.95063019;60;80;242.6182556;0.3593859673;0;80.5976944;-0.3376257122;1.537374258;
58.987957;60;80;241.0462341;0.3593859673;0;80.69769287;-0.3450696468;1.529930353;
59.02242661;60;80;239.3421936;0.3593859673;0;80.7977066;-0.3521406949;1.522859335;
59.06148911;60;80;237.7682648;0.3593859673;0;80.89770508;-0.360006392;1.514993548;
59.09715652;60;80;236.062088;0.3593859673;0;80.99771118;-0.3674170375;1.507583022;
59.13449478;60;80;234.4861755;0.3593859673;0;81.09770966;-0.3755084872;1.499491453;
59.16838074;60;80;232.7778931;0.3437604904;0;81.19771576;-0.3830084503;1.49199152;
59.19908142;60;80;231.2000885;0.3203222752;0;81.29771423;-0.3911505938;1.483849406;
59.22362137;60;80;229.4899597;0.3203222752;0;81.3977356;-0.3986701965;1.476329803;
59.24633026;60;80;227.9107056;0.2734458447;0;81.49772644;-0.4068172574;1.468182802;
59.24253082;60;80;226.1992035;0;0;81.59772491;-0.4143353999;1.46066463;
59.16407394;60;80;224.6196136;0;0;81.69773102;-0.4224662781;1.452533722;
59.07197571;60;80;222.9106293;0;0;81.79773712;-0.4299537838;1.445046186;
58.97134018;60;80;221.3355255;0;0;81.89774323;-0.4380884767;1.436911464;
58.87974167;60;80;219.6318512;0;0;81.9977417;-0.445545733;1.429454327;
58.78059769;60;80;218.0617981;0;0;82.0977478;-0.4535698891;1.421430111;
58.6880188;60;80;216.3555145;0;0;82.19774628;-0.4610377252;1.413962245;
58.58859634;60;80;214.7905426;0;0;82.29776764;-0.4690717459;1.405928254;
58.49706268;60;80;213.0979309;0;0;82.39775848;-0.4764741361;1.398525834;
58.39917374;60;80;211.5380402;0.03125095367;0;82.49776459;-0.4844777286;1.390522242;
58.32656097;60;80;209.8508606;0.0859401226;0;82.59777832;-0.4918546379;1.383145332;
58.27555466;60;80;208.2954254;0.1406292915;0;82.69776917;-0.4998368323;1.375163198;
58.24795914;60;80;206.6117706;0.14844203;0;82.79776764;-0.5071988702;1.36780107;
58.22414017;60;80;205.0584259;0.1640675068;0;82.89778137;-0.5151691437;1.359830856;
58.20555115;60;80;203.3763275;0.1640675068;0;82.99777985;-0.5225205421;1.352479458;
58.1860466;60;80;201.824173;0.1796929836;0;83.09777832;-0.5304794312;1.344520569;
58.17174149;60;80;200.1432037;0.1953184605;0;83.19778442;-0.5378204584;1.337179542;
58.16121674;60;80;198.5919342;0.2031311989;0;83.29779053;-0.5457680225;1.329231977;
58.1531601;60;80;196.9116974;0.1640675068;0;83.39779663;-0.5530989766;1.321900964;
58.13207626;60;80;195.3609619;0.09375286102;0;83.49778748;-0.5610352159;1.313964844;
58.09858704;60;80;193.6816406;0.1093783379;0;83.59779358;-0.5683529377;1.306647062;
58.06191254;60;80;192.1324005;0.09375286102;0;83.69779968;-0.5762711763;1.298728824;
58.02705383;60;80;190.4550629;0.1093783379;0;83.79779816;-0.5835722685;1.291427732;
57.99165726;60;80;188.9076996;0.09375286102;0;83.89781952;-0.5914741755;1.283525825;
57.95604706;60;80;187.2323914;0.1093783379;0;83.99781799;-0.5987606049;1.276239395;
57.92034149;60;80;185.6869202;0.1093783379;0;84.09781647;-0.6066453457;1.268354654;
57.88705826;60;80;184.0136566;0.09375286102;0;84.19781494;-0.6139157414;1.261084199;
57.84749603;60;80;182.4700317;0.09375286102;0;84.29782104;-0.6217834949;1.253216505;
57.81007385;60;80;180.7988739;0.09375286102;0;84.39781952;-0.6290385127;1.245961428;
57.76964188;60;80;179.257309;0.1093783379;0;84.49783325;-0.6368896365;1.238110423;
57.73543549;60;80;177.5883942;0.1093783379;0;84.5978241;-0.6441289186;1.230871081;
57.70075989;60;80;176.0487976;0.1093783379;0;84.69786835;-0.6519635916;1.223036408;
57.66954422;60;80;174.3818665;0.1406292915;0;84.79786682;-0.6591885686;1.215811372;
57.63915253;60;80;171.1786652;0.2500076294;0;84.99784088;-0.6742220521;1.200777888;
57.64616394;60;80;169.641571;0.2890713215;0;85.09783936;-0.6820339561;1.192966104;
57.66222382;60;80;167.9761963;0.3203222752;0;85.19784546;-0.6892424822;1.185757518;
57.68858337;60;80;166.4384918;0.3437604904;0;85.29785156;-0.6970506907;1.177949309;
57.71984863;60;80;164.7719269;0.3593859673;0;85.39785767;-0.7042583823;1.170741677;
57.75785828;60;80;163.2326965;0.3593859673;0;85.49786377;-0.7120659351;1.162934065;
57.79333878;60;80;161.5641785;0.3750114441;0;85.59786224;-0.7192725539;1.155727386;
57.8346405;60;80;160.0230103;0.3750114441;0;85.69786835;-0.7270790935;1.147920966;
57.87551117;60;80;158.3522797;0.3828241825;0;85.79788971;-0.734285295;1.140714645;
57.92065811;60;80;156.8089294;0.3828241825;0;85.89787292;-0.7420923114;1.132907629;
57.96433258;60;80;155.1357269;0.3984496593;0;85.99787903;-0.7492987514;1.125701189;
58.01573563;60;80;153.5900116;0.4140751362;0;86.0978775;-0.7571058869;1.117894053;
58.06555939;60;80;151.9140625;0.3984496593;0;86.19788361;-0.7642819285;1.110718131;
58.11621475;60;80;150.3656616;0.3984496593;0;86.29790497;-0.7719852328;1.103014827;
58.16177368;60;80;148.6868286;0.3828241825;0;86.39789581;-0.7788419724;1.096158028;
58.20759964;60;80;147.1358795;0.3750114441;0;86.49789429;-0.7856451869;1.089354753;
58.24307632;60;80;145.4544067;0.3281350136;0;86.59789276;-0.7912692428;1.083730817;
58.2738533;60;80;143.9013062;0.3281350136;0;86.69790649;-0.7966054082;1.078394651;
58.30117416;60;80;142.217926;0.3281350136;0;86.79790497;-0.8009415865;1.074058414;
58.33005524;60;80;140.6632538;0.3281350136;0;86.89790344;-0.8051180243;1.069882035;
58.35665512;60;80;138.9782257;0.3281350136;0;86.99790955;-0.8085230589;1.066476941;
58.38539124;60;80;137.4220581;0.3281350136;0;87.09792328;-0.8117480278;1.063251972;
58.41188431;60;80;135.7354126;0.3281350136;0;87.19791412;-0.8143096566;1.060690284;
58.44058609;60;80;134.1777802;0.3281350136;0;87.29792023;-0.8166402578;1.058359742;
58.46702576;60;80;132.4895325;0.3281350136;0;87.3979187;-0.8183831573;1.056616902;
58.49452591;60;80;130.9304199;0.3046967983;0;87.49794006;-0.8198280334;1.055171967;
58.51368332;60;80;129.2406311;0.2890713215;0;87.59793091;-0.8207532763;1.054246664;
58.53046036;60;80;127.6802902;0.2734458447;0;87.69793701;-0.8213129044;1.053687096;
58.54271698;60;80;125.9894562;0.2734458447;0;87.79793549;-0.8214194179;1.053580523;
58.5584259;60;80;124.4283295;0.3046967983;0;87.89794159;-0.8210897446;1.053910255;
58.57968521;60;80;122.7366562;0.3203222752;0;87.99794769;-0.8203752041;1.054624796;
58.60256577;60;80;121.1745071;0.2734458447;0;88.09794617;-0.819154501;1.055845499;
58.61574173;60;80;119.4815826;0.2656331062;0;88.19795227;-0.8176150322;1.057384968;
58.62640381;60;80;117.9185257;0.2656331062;0;88.29795074;-0.8155010343;1.059498906;
58.63601685;60;80;116.2248993;0.2656331062;0;88.39796448;-0.8131381273;1.061861873;
58.64632416;60;80;114.6612701;0.2656331062;0;88.49795532;-0.8101307154;1.064869285;
58.65578461;60;80;112.9670639;0.2656331062;0;88.59797668;-0.8069400787;1.068059921;
58.66594696;60;80;111.402916;0.2656331062;0;88.69799042;-0.8030364513;1.071963549;
58.67411423;60;80;109.7081299;0.2656331062;0;88.79797363;-0.7990193963;1.075980663;
58.68386459;60;80;108.1434937;0.2656331062;0;88.89797211;-0.7942180634;1.080781937;
58.69322205;60;80;106.4481888;0.2656331062;0;88.99797821;-0.7893717289;1.085628271;
58.7033844;60;80;104.8830338;0.2656331062;0;89.09798431;-0.7836726308;1.09132731;
58.71270752;60;80;103.1871719;0.2656331062;0;89.19798279;-0.7779961824;1.097003818;
58.72284317;60;80;101.6214981;0.2656331062;0;89.29799652;-0.7714111805;1.10358882;
58.73220825;60;80;99.92507172;0.2656331062;0;89.39798737;-0.7649621964;1.110037804;
58.74230957;60;80;98.35887909;0.2656331062;0;89.4980011;-0.7576677203;1.11733222;
58.75165558;60;80;96.66189575;0.2656331062;0;89.5980072;-0.7509017587;1.124098301;
58.76169968;60;80;95.09518433;0.2656331062;0;89.69799805;-0.743673563;1.131326437;
58.77105331;60;80;93.39763641;0.2656331062;0;89.79800415;-0.7371409535;1.137858987;
58.7811203;60;80;91.83041382;0.2656331062;0;89.89801788;-0.7302505374;1.144749522;
58.79040909;60;80;90.13230133;0.2656331062;0;89.99800873;-0.7240567803;1.15094316;
58.80046082;60;80;88.56455994;0.2656331062;0;90.09802246;-0.7174989581;1.157500982;
58.8091011;60;80;86.8658905;0.2656331062;0;90.19803619;-0.711440742;1.163559318;
58.8189621;60;80;85.2976532;0.2656331062;0;90.29802704;-0.7047455907;1.17025435;
58.82823181;60;80;83.59844971;0.2656331062;0;90.39803314;-0.6984045506;1.176595449;
58.83877182;60;80;82.0296936;0.2734458447;0;90.49802399;-0.691332221;1.183667779;
58.85054779;60;80;80.32992554;0.3046967983;0;90.59804535;-0.6846032739;1.190396667;
58.87532043;60;80;78.76055908;0.3984496593;0;90.69802856;-0.677087009;1.197912931;
58.91999435;60;80;77.05968475;0.4375133514;0;90.79804993;-0.6699367762;1.205063224;
58.97871399;60;80;75.48838806;0.4687643051;0;90.89804077;-0.6620333791;1.212966561;
59.04219437;60;80;73.80092621;0.4922025204;0;90.99804688;-0.6544515491;1.220548511;
59.12773895;60;80;72.09511566;0.6640827656;0;91.09804535;-0.6460037827;1.228996158;
59.24580002;60;80;70.51822662;0.8000000119;0;91.19804382;-0.6380167007;1.236983299;
59.40045929;60;80;68.9381485;0.8000000119;0;91.29705811;-0.6291912198;1.245808721;
59.55652237;60;80;67.22215271;0.8569509983;0;91.39705658;-0.62106812;1.25393188;
59.76556396;60;80;65.63381195;0.9487789869;0;91.49706268;-0.6125115752;1.262488365;
60.02171707;60;80;63.9072113;0.9765923023;0;91.59706116;-0.6049009562;1.270099044;
60.33174515;60;80;62.3062439;0.9765923023;0;91.69706726;-0.5970015526;1.277998447;
60.61547089;60;80;60.56340408;0.9765923023;0;91.79706573;-0.590049386;1.284950614;
60.9229393;60;80;58.94689178;0.9765923023;0;91.89707947;-0.5828737617;1.292126179;
61.2078476;60;80;57.18710709;0.9765923023;0;91.99707794;-0.5765795708;1.298420429;
61.51657867;60;80;55.55478287;0.9765923023;0;92.09710693;-0.570038259;1.304961681;
61.80119324;60;80;53.7779007;0.9765923023;0;92.19708252;-0.5641978383;1.310802102;
62.10974503;60;80;52.1298027;0.9765923023;0;92.29708862;-0.5580672622;1.316932797;
62.39244843;60;80;50.33579254;0.9375286102;0;92.39711761;-0.5525791049;1.322420955;
62.65643692;60;80;48.67199707;0.7812738419;0;92.4970932;-0.5468161702;1.32818377;
62.85377121;60;80;46.86235809;0.7265846729;0;92.5970993;-0.5416686535;1.333331347;
63.05719757;60;80;45.18641281;0.7265846729;0;92.69709778;-0.5362858772;1.338714123;
63.24927902;60;80;43.36502457;0.7422101498;0;92.79710388;-0.5314981937;1.343501806;
63.46077347;60;80;41.6783638;0.7422101498;0;92.89710999;-0.5265167952;1.348483205;
63.65484619;60;80;39.84530258;0.7422101498;0;92.99712372;-0.5259559155;1.349044085;
63.86543274;60;80;38.14784241;0.7422101498;0;93.09711456;-0.5259559155;1.349044085;
64.0585556;60;80;36.30305481;0.7187719345;0;93.19714355;-0.5259559155;1.349044085;
64.25419617;60;80;34.59483719;0.6640827656;0;93.29711914;-0.5259559155;1.349044085;
64.40908051;60;80;32.73888397;0.6015808582;0;93.39712524;-0.5259559155;1.349044085;
64.55984497;60;80;31.0214138;0.6015808582;0;93.49712372;-0.5259559155;1.349044085;
64.70056152;60;80;29.15657997;0.6172063351;0;93.59712982;-0.5259559155;1.349044085;
64.85760498;60;80;27.43122101;0.6172063351;0;93.69713593;-0.5259559155;1.349044085;
65.00315094;60;80;25.55772972;0.6172063351;0;93.7971344;-0.5259559155;1.349044085;
65.15936279;60;80;23.82431602;0.6328318119;0;93.8971405;-0.5259559155;1.349044085;
65.31033325;60;80;21.94203568;0.6328318119;0;93.99714661;-0.5259559155;1.349044085;
65.47436523;60;80;20.20038605;0.6328318119;0;94.09715271;-0.5259559155;1.349044085;
65.62435913;60;80;18.30910301;0.6328318119;0;94.19715118;-0.5259559155;1.349044085;
65.78674316;60;80;16.55911255;0.6328318119;0;94.29715729;-0.5259559155;1.349044085;
65.89981842;60;80;14.65877438;0.6328318119;0;94.39717102;-0.5259559155;1.349044085;
66.12483215;60;80;12.86265087;0.6328318119;0;94.49716187;-0.5259559155;1.349044085;
66.20189667;60;80;10.95338345;0.6328318119;0;94.59716797;-0.5259559155;1.349044085;

66.54654694;60;80;7.304245949;0.6328318119;0;94.79717255;0.0364112407;1.911411285;
66.71818542;60;80;5.529994011;0.6328318119;0;94.89717865;0.03341448307;1.908414483;
66.87162781;60;80;3.603032112;0.6328318119;0;94.99717712;0.02959874645;1.904598713;
67.03173065;60;80;1.819761038;0.6328318119;0;95.09718323;0.02494603582;1.899946094;
67.18049622;80;50;2045.50061;0.6328318119;0;95.1971817;0.02056467719;1.895564675;
67.34373474;80;50;2044.001343;0.6328318119;0;95.29718018;0.0158691816;1.890869141;
67.49440002;80;50;2042.373779;0.6328318119;0;95.39719391;0.01169649698;1.886696458;
67.65698242;80;50;2040.868408;0.6328318119;0;95.49719238;0.007401752286;1.882401705;
67.80696106;80;50;2039.234131;0.6328318119;0;95.59719849;0.003667091951;1.878667116;
67.9695816;80;50;2037.722412;0.6328318119;0;95.69720459;-0.0001154767961;1.874884486;
68.11962128;80;50;2036.081421;0.6328318119;0;95.79720306;-0.003360310569;1.871639729;
68.28204346;80;50;2034.563477;0.6328318119;0;95.89720917;-0.00664528599;1.868354678;
68.43187714;80;50;2032.915771;0.6328318119;0;95.99720764;-0.009541439824;1.865458608;
68.59413147;80;50;2031.391846;0.6328318119;0;96.09721375;-0.01276018936;1.862239838;
68.74364471;80;50;2029.737793;0.6328318119;0;96.19722748;-0.01625477709;1.858745217;
68.90576172;80;50;2028.208496;0.6328318119;0;96.29721832;-0.02086219378;1.854137778;
69.05532074;80;50;2026.54895;0.6328318119;0;96.39722443;-0.02597946487;1.849020481;
69.21717834;80;50;2025.014648;0.6328318119;0;96.4972229;-0.03254691884;1.842453122;
69.36654663;80;50;2023.341919;0.6328318119;0;96.59724426;-0.03953038529;1.835469604;
69.52831268;80;50;2021.802856;0.6328318119;0;96.69723511;-0.04806322977;1.826936722;
69.67751312;80;50;2020.140747;0.6328318119;0;96.79724121;-0.05650419742;1.81849575;
69.83908844;80;50;2018.588379;0.6328318119;0;96.89729309;-0.06595216691;1.809047818;
69.98892975;80;50;2016.920532;0.6328318119;0;96.99724579;-0.07489068806;1.800109267;
70.15032959;80;50;2015.362549;0.6328318119;0;97.09725189;-0.08462186158;1.790378094;
70.29923248;80;50;2013.68042;0.6328318119;0;97.19725037;-0.0936505571;1.781349421;
70.46045685;80;50;2012.124756;0.6328318119;0;97.29725647;-0.1034610793;1.771538973;
70.60919952;80;50;2010.436401;0.6328318119;0;97.39725494;-0.1125344709;1.762465477;
70.77024841;80;50;2008.875122;0.6328318119;0;97.49727631;-0.1223780811;1.752621889;
70.91881561;80;50;2007.180664;0.6328318119;0;97.59725952;-0.1314759851;1.743524075;
71.0796051;80;50;2005.613647;0.6328318119;0;97.69727325;-0.1413438022;1.733656168;
71.22718048;80;50;2003.912964;0.6328318119;0;97.79727173;-0.1504624933;1.724537492;
71.38761902;80;50;2002.34021;0.6328318119;0;97.8972702;-0.1603540778;1.714645982;
71.5348053;80;50;2000.633423;0.6328318119;0;97.99727631;-0.1694951653;1.705504775;
71.69513702;80;50;1999.055176;0.6328318119;0;98.09727478;-0.1794096231;1.695590377;
71.84327698;80;50;1997.342285;0.6328318119;0;98.19728088;-0.1885722131;1.686427832;
72.00360107;80;50;1995.758423;0.6328318119;0;98.29728699;-0.1985103339;1.676489711;
72.15148926;80;50;1994.039551;0.6328318119;0;98.39731598;-0.207694605;1.66730535;
72.31163025;80;50;1992.450073;0.6328318119;0;98.49729156;-0.2176564932;1.657343507;
72.45951843;80;50;1990.725098;0.6328318119;0;98.59729767;-0.2269171476;1.648082852;
72.61928558;80;50;1989.130127;0.6328318119;0;98.69730377;-0.2370672524;1.637932777;
72.76676178;80;50;1987.399414;0.6328318119;0;98.79730225;-0.2468013167;1.628198743;
72.92660522;80;50;1985.799316;0.6328318119;0;98.89731598;-0.2580898404;1.616910219;
50;1984.063354;0.6328318119;0;98.99733734;-0.2692686021;1.605731368;
73.2336731;80;50;1982.458496;0.6328318119;0;99.09731293;-0.2819344401;1.593065619;
73.38080597;80;50;1980.717285;0.6328318119;0;99.19731903;-0.2939195931;1.581080437;
73.54027557;80;50;1979.107422;0.6328318119;0;99.2973175;-0.307099402;1.567900538;
73.68738556;80;50;1977.360474;0.6328318119;0;99.3973465;-0.3193679154;1.555632114;
73.84896851;80;50;1975.745239;0.6328318119;0;99.49732971;-0.3327220976;1.542277932;
74.03014374;80;50;1973.992432;0.6328318119;0;99.59732819;-0.3450901508;1.529909849;
74.21206665;80;50;1972.37085;0.6328318119;0;99.69733429;-0.3585218787;1.516478062;
74.36016846;80;50;1970.610962;0.6172063351;0;99.79733276;-0.3709408641;1.504059196;
74.49914551;80;50;1968.983887;0.6172063351;0;99.8973465;-0.3844109476;1.490589023;
74.59976196;80;50;1967.218628;0.6172063351;0;99.99734497;-0.3968542516;1.478145719;
74.70301819;80;50;1965.587646;0.6015808582;0;100.0973434;-0.4103422463;1.464657784;
74.79536438;80;50;1963.81897;0.6015808582;0;100.1973572;-0.4228003919;1.452199578;
74.89556885;80;50;1962.184937;0.6172063351;0;100.2973557;-0.4363060892;1.438693881;
74.98962402;80;50;1960.413208;0.6172063351;0;100.3973694;-0.4487817287;1.426218271;
75.0917511;80;50;1958.776367;0.6015808582;0;100.4973602;-0.4623071849;1.412692785;
75.18458557;80;50;1957.001465;0.6172063351;0;100.597374;-0.4748013914;1.400198579;
75.28791046;80;50;1955.361694;0.6172063351;0;100.6973724;-0.4883472323;1.386652827;
75.38296509;80;50;1953.58374;0.6172063351;0;100.7973938;-0.5008608103;1.37413919;
75.48607635;80;50;1951.94104;0.6172063351;0;100.8973694;-0.5144276023;1.360572457;
75.58146667;80;50;1950.159912;0.6172063351;0;100.9973755;-0.5269605517;1.348039389;
75.68476868;80;50;1948.514404;0.6172063351;0;101.0973816;-0.5405483842;1.334451675;
75.78011322;80;50;1946.730103;0.6172063351;0;101.1973953;-0.5531010628;1.321898937;
75.88317871;80;50;1945.081665;0.6172063351;0;101.2973862;-0.5667153001;1.30828476;
75.97825623;80;50;1943.294434;0.6172063351;0;101.3973923;-0.5792849064;1.295715094;
76.08138275;80;50;1941.643066;0.6172063351;0;101.4973984;-0.5929116011;1.282088399;
76.17634583;80;50;1939.852661;0.6172063351;0;101.5973969;-0.6054960489;1.269503951;
76.27909851;80;50;1938.198608;0.6172063351;0;101.6974182;-0.6191459894;1.255854011;
76.37372589;80;50;1936.405151;0.6015808582;0;101.7974167;-0.6317560673;1.243243933;
76.47187805;80;50;1934.748169;0.6015808582;0;101.8974152;-0.6454257965;1.229574203;
76.56182098;80;50;1932.951904;0.6015808582;0;101.997406;-0.6580532193;1.21694684;
76.65933228;80;50;1931.292358;0.6015808582;0;102.0974197;-0.6717424989;1.203257442;
76.75135803;80;50;1929.493286;0.6015808582;0;102.1974182;-0.6843877435;1.190612197;
76.84940338;80;50;1927.831299;0.6172063351;0;102.2974167;-0.6980967522;1.176903248;
76.94251251;80;50;1926.029297;0.6172063351;0;102.3974228;-0.7107602954;1.164239764;
77.04423523;80;50;1924.364624;0.6172063351;0;102.4974442;-0.7244893312;1.150510669;
77.13816833;80;50;1922.559814;0.6172063351;0;102.597435;-0.7371717095;1.13782835;
77.23960114;80;50;1920.892578;0.6172063351;0;102.6974335;-0.750921607;1.124078393;
77.33169556;80;50;1919.084839;0.6172063351;0;102.7974396;-0.7636231184;1.111376882;
77.43289185;80;50;1917.414917;0.6172063351;0;102.8974457;-0.7773932219;1.097606778;
77.52697754;80;50;1915.60437;0.6015808582;0;102.9974442;-0.7901132703;1.084886789;
77.62802124;80;50;1913.931885;0.6172063351;0;103.0974655;-0.8039031029;1.071096897;
77.72184753;80;50;1912.11853;0.6172063351;0;103.1974564;-0.8166419864;1.058358073;
77.82353973;80;50;1910.443359;0.6172063351;0;103.2974548;-0.8304525614;1.044547439;
77.91677094;80;50;1908.627319;0.6172063351;0;103.3974609;-0.8432101011;1.031789899;
78.01796722;80;50;1906.949585;0.6172063351;0;103.497467;-0.8570407033;1.017959356;
78.11160278;80;50;1905.130615;0.6015808582;0;103.5974655;-0.8697884083;1.005211592;
78.2090683;80;50;1903.450317;0.6015808582;0;103.697464;-0.8835595846;0.9914404154;
78.29897308;80;50;1901.628662;0.6172063351;0;103.7974701;-0.8960707188;0.9789292812;
78.39988708;80;50;1899.945801;0.6015808582;0;103.8974838;-0.9091853499;0.9658146501;
78.48973083;80;50;1898.120972;0.6015808582;0;103.9974823;-0.9208063483;0.9541936517;
78.58567047;80;50;1896.435059;0.6015808582;0;104.0974884;-0.9327987432;0.9422012568;
78.67636108;80;50;1894.607056;0.6015808582;0;104.1974945;-0.9432707429;0.9317292571;
78.77642059;80;50;1892.918091;0.6172063351;0;104.2974854;-0.9539442658;0.9210557342;
78.86950684;80;50;1891.08667;0.6172063351;0;104.3974915;-0.9631646872;0.9118353128;
78.9702301;80;50;1889.394531;0.6172063351;0;104.4974976;-0.9724600315;0.9025399685;
79.06314087;80;50;1887.559692;0.6172063351;0;104.5975037;-0.9803730249;0.8946269751;
79.16368866;80;50;1885.864258;0.6015808582;0;104.6975098;-0.9881744385;0.8868255615;
79.25300598;80;50;1884.025879;0.6172063351;0;104.7975235;-0.9945281148;0.8804718852;
79.35243225;80;50;1882.327026;0.6172063351;0;104.8975067;-1.000153542;0.8748464584;
79.44511414;80;50;1880.484619;0.6172063351;0;104.9975128;-1.003984094;0.8710159659;
79.54209137;80;50;1878.78186;0.6172063351;0;105.0975189;-1.006556511;0.8684434891;
79.633255;80;50;1876.935181;0.6172063351;0;105.1975174;-1.007403016;0.8675969243;
79.73338318;80;50;1875.228394;0.6172063351;0;105.2975311;-1.006712794;0.8682872057;
79.82420349;80;50;1873.377075;0.5937681198;0;105.3975372;-1.004659891;0.8703401089;
79.91067505;80;50;1871.666382;0.5468916893;0;105.4975357;-1.000929594;0.8740704656;
79.97372437;80;50;1869.811157;0.3281350136;0;105.5975342;-0.9961169958;0.8788830042;
79.96757507;80;50;1868.097412;0;0;105.6975327;-0.989433825;0.885566175;
79.8733902;80;50;1866.241333;0;0;105.7975388;-0.9819121361;0.8930878639;
79.7395401;80;50;1864.530151;0;0;105.8975525;-0.972292006;0.902707994;
79.61366272;80;50;1862.679199;0;0;105.997551;-0.9620522857;0.9129477143;
79.478302;80;50;1860.973511;0;0;106.0975494;-0.9494784474;0.9255215526;
79.35280609;80;50;1859.128784;0;0;106.1975632;-0.9365032315;0.9384967685;
79.21656799;80;50;1857.428833;0;0;106.297554;-0.9209691286;0.9540308714;
79.0912323;80;50;1855.59021;0;0;106.3975601;-0.905269742;0.969730258;
78.95645142;80;50;1853.895996;0.03125095367;0;106.4975586;-0.8867941499;0.9882058501;
78.85340881;80;50;1852.063477;0.1093783379;0;106.5975647;-0.8683876395;1.006612301;
78.78378296;80;50;1850.37439;0.1796929836;0;106.6975708;-0.8469743729;1.028025627;
78.74327087;80;50;1848.546021;0.2343821526;0;106.7975769;-0.8258342147;1.049165845;
78.71446228;80;50;1846.859253;0.2343821526;0;106.8975906;-0.8014273643;1.073572636;
78.69106293;80;50;1845.032715;0.2031311989;0;106.9975815;-0.7775719166;1.097428083;
78.65362549;80;50;1843.34729;0.1093783379;0;107.0975876;-0.7504225373;1.124577522;
78.60281372;80;50;1841.522705;0.1250038147;0;107.1975861;-0.7245948315;1.150405169;
78.54293823;80;50;1839.840088;0.09375286102;0;107.2975922;-0.6966940761;1.178305984;
78.48066711;80;50;1838.019897;0.09375286102;0;107.3976059;-0.6717039347;1.203296065;
78.41107941;80;50;1836.342651;0.1093783379;0;107.4976196;-0.6462332606;1.22876668;
78.34985352;80;50;1834.529419;0.1093783379;0;107.5976028;-0.6253697276;1.249630332;
78.28942871;80;50;1832.859741;0.1640675068;0;107.6976013;-0.6066231728;1.268376827;
78.24643707;80;50;1831.055786;0.1953184605;0;107.7976074;-0.5933674574;1.281632543;
78.20804596;80;50;1829.394897;0.1953184605;0;107.8976059;-0.5837682486;1.291231751;
78.17485046;80;50;1827.600464;0.2031311989;0;107.9976196;-0.5794456601;1.295554399;
78.14230347;80;50;1825.948486;0.2187566757;0;108.0976181;-0.5796555281;1.295344472;
78.11564636;80;50;1824.163452;0.2187566757;0;108.1976318;-0.5839756131;1.291024446;
78.08931732;80;50;1822.519531;0.2343821526;0;108.2976227;-0.5924178362;1.282582164;
78.06781769;80;50;1820.742432;0.2343821526;0;108.3976212;-0.602996707;1.272003293;
78.04582977;80;50;1818.98584;0.2500076294;0;108.4976273;-0.6172685623;1.257731438;
78.03009033;80;50;1817.35144;0.2656331062;0;108.5976563;-0.6325913072;1.242408752;
78.01683044;80;50;1815.583496;0.2656331062;0;108.6976395;-0.6507775784;1.224222422;
78.00553894;80;50;1813.953369;0.2656331062;0;108.7966461;-0.6685758829;1.206424117;
77.99324799;80;50;1812.325073;0.2500076294;0;108.8966522;-0.6886823773;1.186317682;
77.98085022;80;50;1810.562744;0.2500076294;0;108.9966431;-0.707826972;1.167173028;
77.96662903;80;50;1808.937622;0.2656331062;0;109.0966492;-0.7290835381;1.145916462;
77.95493317;80;50;1807.178711;0.2656331062;0;109.1966553;-0.7491239905;1.125876069;
77.94281769;80;50;1805.556641;0.2656331062;0;109.2966614;-0.7712266445;1.103773355;
77.93164825;80;50;1803.800903;0.2656331062;0;109.3966599;-0.7919023037;1.083097696;
77.91978455;80;50;1802.181519;0.2656331062;0;109.496666;-0.8144059777;1.060593963;
77.90868378;80;50;1800.428467;0.2656331062;0;109.5966644;-0.8348201513;1.040179849;
77.89659882;80;50;1798.811157;0.2656331062;0;109.6966858;-0.8560880423;1.018911958;
77.88552094;80;50;1797.059692;0.2656331062;0;109.796669;-0.8747258186;1.000274181;
77.87360382;80;50;1795.443604;0.2734458447;0;109.8966751;-0.8936734796;0.9813265204;
77.86366272;80;50;1793.693359;0.2734458447;0;109.9966812;-0.9099214673;0.9650785327;
77.85388947;80;50;1792.078125;0.2734458447;0;110.0966873;-0.9261201024;0.9488798976;
77.84680176;80;50;1790.328613;0.2890713215;0;110.1966858;-0.9397466183;0.9352533817;
77.84495544;80;50;1788.713989;0.3203222752;0;110.2966995;-0.9530853629;0.9219146371;
77.84884644;80;50;1786.965088;0.3203222752;0;110.3966904;-0.9641395211;0.9108604789;
77.85494995;80;50;1785.350952;0.3281350136;0;110.4967041;-0.9749608636;0.9000391364;
77.86398315;80;50;1783.602539;0.3437604904;0;110.5967255;-0.9843273759;0.8906726241;
77.87919617;80;50;1781.989136;0.3593859673;0;110.696701;-0.9940561056;0.8809438944;
77.89735413;80;50;1780.241943;0.3828241825;0;110.7967072;-1.002795219;0.8722047806;
77.92499542;80;50;1778.629517;0.4140751362;0;110.8967285;-1.012126207;0.8628738523;
77.95664215;80;50;1776.883179;0.4140751362;0;110.9967117;-1.020664454;0.8543355465;
77.99238586;80;50;1775.271484;0.4140751362;0;111.0967178;-1.029870152;0.8451298475;
78.02535248;80;50;1773.517456;0.429700613;0;111.1967239;-1.03834796;0.8366519809;
78.06402588;80;50;1771.914673;0.429700613;0;111.2967224;-1.047522545;0.8274775147;
78.10151672;80;50;1770.169556;0.429700613;0;111.3967361;-1.055988193;0.819011867;
78.14228058;80;50;1768.55896;0.429700613;0;111.4967346;-1.065159321;0.8098407388;
78.18010712;80;50;1766.814331;0.4375133514;0;111.5967331;-1.073626399;0.801373601;
78.22511292;80;50;1765.204102;0.484389782;0;111.6967392;-1.082801819;0.7921981812;
78.27790833;80;50;1763.451538;0.5078279972;0;111.7967377;-1.091319442;0.7836805582;
78.34217834;80;50;1761.841309;0.5078279972;0;111.8967438;-1.100460291;0.7745397091;
78.3990097;80;50;1760.105103;0.4375133514;0;111.9967499;-1.108988047;0.766012013;
78.44065857;80;50;1758.494629;0.3984496593;0;112.0967484;-1.118005037;0.7569949031;
50;1756.775269;0.4140751362;0;112.1967545;-1.126493216;0.748506844;
78.50505066;80;50;1755.03125;0.4140751362;0;112.2967682;-1.13569057;0.7393094301;
78.53604126;80;50;1753.421753;0.3828241825;0;112.396759;-1.144182563;0.7308174372;
78.56306458;80;50;1751.678589;0.3828241825;0;112.4967651;-1.15338397;0.7216160297;
78.58625031;80;50;1750.070068;0.3828241825;0;112.5967712;-1.161879182;0.7131208777;
78.61125183;80;50;1748.328125;0.3828241825;0;112.6967697;-1.171084166;0.7039158344;
78.63375854;80;50;1746.720703;0.3750114441;0;112.7967758;-1.179582953;0.6954171062;
78.64473724;80;50;1744.980103;0.1953184605;0;112.8967743;-1.188795805;0.686204195;
78.61605072;80;50;1743.374268;0.07031464577;0;112.9967804;-1.197291374;0.6777086258;
78.53800964;80;50;1741.636475;0.03125095367;0;113.0967865;-1.206484199;0.6685158014;
78.43733215;80;50;1740.035156;0.03125095367;0;113.196785;-1.214966059;0.6600338817;
78.32384491;80;50;1738.303711;0.03125095367;0;113.2967911;-1.224142671;0.6508573294;
78.22014618;80;50;1736.70874;0.05468916893;0;113.3967896;-1.232604146;0.642395854;
78.12633514;80;50;1734.984375;0.1250038147;0;113.4968185;-1.241748214;0.6332517862;
78.06892395;80;50;1733.395508;0.2187566757;0;113.5968018;-1.250095725;0.6249042749;
78.03220367;80;50;1731.676636;0.2500076294;0;113.6968307;-1.258901358;0.6160985827;
78.01242065;80;50;1730.091431;0.2656331062;0;113.796814;-1.266349673;0.6086503267;
77.99882507;80;50;1728.375244;0.2890713215;0;113.8968124;-1.273381948;0.6016180515;
77.99177551;80;50;1726.791748;0.2890713215;0;113.9968109;-1.278771162;0.5962288976;
77.98730469;80;50;1725.076782;0.3046967983;0;114.096817;-1.283289313;0.5917106867;
77.98580933;80;50;1723.494141;0.2890713215;0;114.1968231;-1.286176801;0.5888232589;
77.98430634;80;50;1721.779907;0.3046967983;0;114.2968216;-1.287879825;0.5871201158;77.98426056;80;50;1720.988892;0.3046967983;0;
77.98431396;80;50;1720.197876;0.2890713215;0;114.3968277;-1.288116097;0.5868839025;
77.98339844;80;50;1718.484253;0.3046967983;0;114.4968338;-1.286911964;0.5880880952;
77.98277283;80;50;1716.902588;0.2890713215;0;114.5968323;-1.284447432;0.5905525684;
77.97923279;80;50;1715.189575;0.2890713215;0;114.6968384;-1.280308247;0.594691813;
77.97515106;80;50;1713.608521;0.2890713215;0;114.7968369;-1.275129676;0.5998703241;
77.97061157;80;50;1711.895996;0.2890713215;0;114.8968506;-1.268047571;0.6069523692;
77.96639252;80;50;1710.315674;0.2890713215;0;114.9968414;-1.260152102;0.6148478985;
50;1708.603882;0.2734458447;0;115.0968475;-1.250116229;0.6248837709;
77.95088196;80;50;1707.02417;0.2734458447;0;115.1968536;-1.239494443;0.6355056167;
77.94134521;80;50;1705.313232;0.2734458447;0;115.2968521;-1.226518393;0.648481667;
77.93258667;80;50;1703.734375;0.2734458447;0;115.3968582;-1.213176727;0.6618233323;
77.92305756;80;50;1702.024292;0.2734458447;0;115.4968643;-1.179013729;0.6777524352;
77.91423798;80;50;1700.446289;0.2734458447;0;115.5968704;-1.123989701;0.6938182712;
77.90468597;80;50;1698.737183;0.2734458447;0;115.6968689;-1.062909603;0.7126989365;
77.89589691;80;50;1697.159912;0.2734458447;0;115.796875;-1.005170584;0.7314894199;
77.88638306;80;50;1695.45166;0.2734458447;0;115.8968735;-0.94114995;0.753320992;77.88199615;80;
77.87760925;80;50;1693.875244;0.2734458447;0;115.9968796;-0.8806974292;0.7748345733;
77.86812592;80;50;1692.167969;0.2890713215;0;116.0969009;-0.8137380481;0.7996153831;
77.86148071;80;50;1690.592407;0.2734458447;0;116.1968842;-0.7505177855;0.8239058852;
77.8527298;80;50;1688.885864;0.2734458447;0;116.2968903;-0.6803196669;0.8519343734;
77.84382629;80;50;1687.310791;0.2656331062;0;116.3968964;-0.6202408671;0.8797591329;
77.82809448;80;50;1685.604004;0.2187566757;0;116.4969025;-0.5919895768;0.9080104232;
0.9311141968;
77.77523041;80;50;1682.317505;0.2343821526;0;116.6968994;-0.5457304716;0.9542695284;
77.75241089;80;50;1680.736694;0.2500076294;0;116.7969055;-0.5252565145;0.9747434855;77.74113464;80;50;1679.945313;0.2500076294;0;116.8469086;-0.5135118365;0.9864881635;
77.73194122;80;50;1679.021118;0.2500076294;0;116.8969116;-0.5034962893;0.9965037107;
77.71443176;80;50;1677.434326;0.2500076294;0;116.9969101;-0.4835574925;1.016442537;
77.69606781;80;50;1675.711792;0.2500076294;0;117.0969162;-0.462033689;1.037966371;
77.67899323;80;50;1674.11853;0.2500076294;0;117.1969223;-0.4425821602;1.05741787;
77.66213226;80;50;1672.389404;0.2734458447;0;117.2969208;-0.4226722419;1.077327728;
77.6506424;80;50;1670.790771;0.2656331062;0;117.3969269;-0.4056278169;1.094372153;
77.63820648;80;50;1669.056274;0.2656331062;0;117.4969254;-0.3887314498;1.11126852;
77.62610626;80;50;1667.452637;0.2656331062;0;117.5969315;-0.3746834099;1.12531662;
77.60998535;80;50;1665.712769;0.2343821526;0;117.6969528;-0.3611385226;1.138861418;
77.58622742;80;50;1664.104492;0.2031311989;0;117.7969437;-0.3500709236;1.149929047;
77.55404663;80;50;1662.359619;0.2187566757;0;117.8969574;-0.3391958475;1.160804152;
77.52508545;80;50;1660.74646;0.2031311989;0;117.9969559;-0.3297521472;1.170247912;
77.4930954;80;50;1658.995972;0.2031311989;0;118.0969543;-0.3198964298;1.18010354;
77.46294403;80;50;1657.377441;0.2031311989;0;118.1969986;-0.3109832704;1.1890167;
77.42951202;80;50;1655.62085;0.2031311989;0;118.2969589;-0.3014110625;1.198588967;
77.39970398;80;50;1653.99646;0.2187566757;0;118.3969803;-0.2925901115;1.207409859;
77.37010193;80;50;1652.233643;0.2343821526;0;118.4969711;-0.2830076516;1.216992378;
77.34693909;80;50;1650.603394;0.2500076294;0;118.5969772;-0.2741155624;1.225884438;
77.32629395;80;50;1648.833984;0.2500076294;0;118.6969833;-0.2644457519;1.235554218;
77.30780029;80;50;1647.197632;0.2343821526;0;118.7969742;-0.255595237;1.244404793;
77.28590393;80;50;1645.421631;0.2343821526;0;118.8969727;-0.2463283241;1.253671646;
77.26530457;80;50;1643.779663;0.2343821526;0;118.9969788;-0.2387779355;1.261222005;
77.24350739;80;50;1641.998535;0.2343821526;0;119.0969925;-0.23243922;1.26756084;
77.2230835;80;50;1640.352417;0.2031311989;0;119.196991;-0.228629142;1.271370888;
77.19283295;80;50;1638.567383;0.14844203;0;119.2969971;-0.2269953191;1.273004651;
77.14972687;80;50;1636.918213;0.0859401226;0;119.3970108;-0.2279502302;1.272049785;
77.06912994;80;50;1635.130737;0;0;119.496994;-0.2317804098;1.26821959;
76.9575882;80;50;1633.480591;0;0;119.597023;-0.2379901558;1.262009859;
76.82492828;80;50;1631.693604;0;0;119.6970062;-0.2472834587;1.252716541;
76.70184326;80;50;1630.044678;0;0;119.79702;-0.2578189075;1.242181063;
76.56896973;80;50;1628.258667;0;0;119.8970108;-0.2708708644;1.229129195;
76.44606018;80;50;1626.610229;0;0;119.9970627;-0.2838329375;1.216167092;
76.31291199;80;50;1624.824219;0;0;120.097023;-0.2984782457;1.201521754;
76.19031525;80;50;1623.175293;0;0;120.1970215;-0.3123498261;1.187650204;
76.05774689;80;50;1621.38855;0;0;120.29702;-0.3276008368;1.172399163;
75.93553162;80;50;1619.73877;0;0;120.3970337;-0.3418032229;1.158196807;
75.80335236;80;50;1617.951172;0;0;120.4970398;-0.3572712839;1.142728686;
75.68156433;80;50;1616.300537;0;0;120.5970306;-0.3715957701;1.12840426;75.61062622;80;50;1615.475098;0;0;120.6470337;-0.3799650967;1.120034933;
75.54986572;80;50;1614.511963;0;0;120.6970367;-0.3871445656;1.112855434;
75.42851257;80;50;1612.860596;0;0;120.7970505;-0.4015150666;1.098484874;
75.29727173;80;50;1611.071167;0;0;120.8970413;-0.4170937538;1.082906246;
75.17636108;80;50;1609.419067;0;0;120.9970474;-0.4314786196;1.06852138;
75.04562378;80;50;1607.628784;0;0;121.0970535;-0.4470623434;1.052937627;
74.92511749;80;50;1605.975952;0;0;121.1970596;-0.4614412785;1.038558722;
74.7938385;80;50;1604.185059;0;0;121.2970581;-0.4768942297;1.023105741;
74.6727066;80;50;1602.531494;0;0;121.3970718;-0.4909532368;1.009046793;
74.54172516;80;50;1600.739746;0;0;121.4970703;-0.5053431392;0.9946568608;
74.42082214;80;50;1599.084839;0;0;121.5970917;-0.5172253251;0.9827746749;
74.2947464;80;50;1597.290894;0.01562547684;0;121.6970673;-0.5282621384;0.9717378616;
74.18333435;80;50;1595.633667;0.01562547684;0;121.7970886;-0.5365549326;0.9634450674;
74.06240845;80;50;1593.836792;0;0;121.8971024;-0.5433321595;0.9566678405;
73.9440918;80;50;1592.176636;0;0;121.9970932;-0.5474827886;0.9525172114;
73.81410217;80;50;1590.376831;0;0;122.0970917;-0.54966259;0.95033741;
73.69470215;80;50;1588.714111;0;0;122.1970978;-0.5495481491;0.9504518509;
0.9527723789;
73.44816589;80;50;1585.246826;0;0;122.3970947;-0.5432274342;0.9567725658;
73.32022858;80;50;1583.442261;0;0;122.4971008;-0.5375567079;0.9624432921;
73.20261383;80;50;1581.775879;0;0;122.5971069;-0.53147614;0.96852386;
73.07542419;80;50;1579.970337;0;0;122.6971054;-0.5241857171;0.9758142829;
72.95824432;80;50;1578.303467;0;0;122.7971115;-0.5169534087;0.9830465913;
72.83153534;80;50;1576.497437;0;0;122.89711;-0.5086655617;0.9913344383;
72.71484375;80;50;1574.830078;0;0;122.9971237;-0.5006394982;0.9993605018;
72.58863068;80;50;1573.023804;0;0;123.0971222;-0.4915651977;1.008434772;
72.47235107;80;50;1571.356323;0;0;123.1971283;-0.4828514159;1.017148614;
72.34662628;80;50;1569.549927;0;0;123.2971268;-0.4730522037;1.026947737;
72.23075867;80;50;1567.882324;0;0;123.3971558;-0.4636775851;1.036322474;
72.10547638;80;50;1566.075806;0;0;123.4971619;-0.45316571;1.04683423;
71.9900589;80;50;1564.408325;0;0;123.5971603;-0.4431335628;1.056866407;
71.86522675;80;50;1562.601807;0;0;123.6971436;-0.4319080412;1.068091989;
71.75032806;80;50;1560.934448;0;0;123.797142;-0.4212236106;1.07877636;
71.62712097;80;50;1559.128052;0;0;123.8971405;-0.4094555974;1.090544343;
71.51382446;80;50;1557.460938;0;0;123.9971466;-0.3985775411;1.101422429;
