sep=;
unknown1; unknown2; currentSpeed; currentLimit; nextLimit; distance; gaspedal; brakepedal; timestamp
0.1908867955;100;80;900;0;0;0.0500247106;-1.240342954e-005;1.874987602;
1.87498188;0.3690106869;100;80;512.0526733;0;0;0.1500017643;-1.95344528e-005;1.87498045;
-1.807027184e-005;1.87498188;0.5230455399;100;80;512.0411987;0;0;0.2500111759;
-1.152527238e-005;1.874988437;0.6820288301;100;80;512.0270386;0;0;0.3500066996;-1.001585861e-005;
-1.062241427e-005;1.87498939;0.8205014467;100;80;512.0078735;0;0;
-1.325374433e-005;1.874986768;0.9657288194;100;80;511.9861755;0;0;0.5500239134;-1.506725403e-005;1.87498498;
0;0.6000486612;-1.58082039e-005;1.874984145;1.096585751;100;80;511.9585571;0;0;0.6500287056;-1.606035948e-005;
-1.601962686e-005;1.874984026;1.234464049;100;80;511.9294434;0;0;0.7500370741;-1.617513044e-005;1.874983788;
0.8000284433;-1.668557525e-005;1.874983311;1.35846889;100;80;511.8940125;0;0;0.850058794;
-1.757956306e-005;1.874982476;1.489413023;100;80;511.8578491;0;0;0.9501005411;-1.813140989e-005;1.87498188;
1.000047684;-1.870807318e-005;1.874981284;1.607106924;100;80;511.815033;0;0;1.050038099;-1.900062489e-005;
-1.929659629e-005;1.874980688;1.731426954;100;80;511.7722168;0;0;1.150048494;-1.985176823e-005;1.874980092;
0;1.200047016;-2.026893162e-005;1.874979734;1.843284607;100;80;511.7223816;0;0;1.250050187;
1.961347699;100;80;511.6732483;0;0;1.350059032;
1.874978065;2.067521095;100;80;511.6167603;0;0;1.450058222;
1.500062346;-2.231496183e-005;1.874977708;2.179665804;100;80;511.5616455;0;0;1.550062418;-2.264994509e-005;1.87497735;
1.600072265;-2.299190419e-005;1.874976993;2.280509472;100;80;511.4988403;0;0;1.650075912;
1.874976516;2.386842012;100;80;511.4380493;0;0;1.750083327;
-2.374502583e-005;1.874976277;2.482423782;100;80;511.3692322;0;0;1.850081325;-2.390682494e-005;1.874976039;
1.900076866;-2.395144111e-005;1.874976039;2.583280802;100;80;511.3030396;0;0;1.950150251;-2.403047802e-005;1.87497592;
1.87497592;2.673829317;100;80;511.2285461;0;0;2.050091028;
2.100082159;-2.42320275e-005;1.874975801;2.769337654;100;80;511.1572876;0;0;2.150113106;-2.43229606e-005;
-2.444000529e-005;1.874975562;2.855187416;100;80;511.0773926;0;0;2.25009799;
-2.443913399e-005;1.874975562;2.945638895;100;80;511.0012817;0;0;2.350097656;-2.43634895e-005;1.874975681;
2.400123835;-2.424467493e-005;1.874975801;3.026972771;100;80;510.9162903;0;0;2.450100183;
-2.412345384e-005;1.87497592;3.112723112;100;80;510.8356018;0;0;2.550130129;-2.424369995e-005;
1.87497592;3.189767599;100;80;510.7457886;0;0;2.650108337;
1.874976158;3.271069288;100;80;510.6607361;0;0;2.750115156;-2.363926433e-005;
-2.350764953e-005;1.874976516;3.344070911;100;80;510.5663452;0;0;2.850120306;-2.327107904e-005;1.874976754;
1.874976873;3.421138763;100;80;510.4772034;0;0;2.950125694;-2.294384831e-005;1.874977112;
0;0;3.00012517;-2.273477367e-005;1.874977231;3.490353584;100;80;510.378479;0;0;3.050132036;-2.241876427e-005;
3.100135088;-2.208589831e-005;1.874977946;3.56335783;100;80;510.2854004;0;0;3.15020442;-2.208068327e-005;
-2.192360625e-005;1.874978065;3.628878593;100;80;510.1825562;0;0;3.250150204;
-2.134689566e-005;1.874978662;3.697996855;100;80;510.0857849;0;0;3.350182295;-2.088408473e-005;
1.874979377;3.760047674;100;80;509.9790649;0;0;3.450159788;-2.032727934e-005;
3.500155687;-1.998757034e-005;1.874979973;3.825502157;100;80;509.8788147;0;0;3.550163507;-1.961434464e-005;1.87498033;
-1.935156797e-005;1.874980688;3.884275198;100;80;509.7683716;0;0;
3.700181246;-1.848761713e-005;1.874981523;3.946279526;100;80;509.6647949;0;0;3.750168562;-1.814180541e-005;1.87498188;
1.874982238;4.001961231;100;80;509.5508728;0;0;3.85015893;
3.900171757;-1.672295912e-005;1.874983311;4.060730457;100;80;509.4441833;0;0;3.950170755;-1.632239764e-005;1.874983668;
0;4.000172615;-1.590881402e-005;1.874984145;4.113503933;100;80;509.3269348;0;0;4.050193787;
-1.498825259e-005;1.87498498;4.169212341;100;80;509.2172546;0;0;4.150174141;-1.423304002e-005;1.874985814;
0;0;4.200174332;-1.360717943e-005;1.87498641;4.219283581;100;80;509.0968933;0;0;4.250190735;-1.314595283e-005;
-1.276933835e-005;1.874987245;4.272111893;100;80;508.984375;0;0;4.350191593;-1.222530045e-005;
0;4.400184631;-1.164672904e-005;1.874988317;4.319615841;100;80;508.8610229;0;0;4.450193882;-1.087387682e-005;1.874989152;
4.500192642;-1.023328696e-005;1.874989748;4.369715214;100;80;508.7458496;0;0;4.55020237;
4.414756775;100;80;508.6196899;0;0;4.65019846;-8.388688002e-006;
-8.044879905e-006;1.874992013;4.462210178;100;80;508.5019531;0;0;4.750201225;-9.043666068e-006;1.87499094;
-1.080947277e-005;1.874989152;4.504834175;100;80;508.3724976;0;0;4.850203514;-1.393738421e-005;
-1.900099051e-005;1.874981046;4.55632019;100;80;508.2529907;0.2343821526;0;4.950211525;-3.12376178e-005;1.874968767;
0.2734458447;0;5.000240326;-4.840562178e-005;1.874951601;4.644739151;100;80;508.1213684;0.2968840599;0;5.050216675;-7.149470184e-005;1.874928474;
5.100226402;-0.0001004513106;1.874899507;4.817887783;100;80;507.9972534;0.6093935966;0;5.150217533;-0.0001411960693;1.874858856;
0;5.200241089;-0.000182208023;1.874817848;5.222336292;100;80;507.8576355;0.9609668255;0;5.250235081;
-0.0002888712916;1.874711156;6.2318573;100;80;507.7164917;0.9765923023;0;5.350230694;-0.0003733735939;1.874626637;
-0.0004627589369;1.87453723;7.595421314;100;80;507.5339355;0.9765923023;0;5.450232029;-0.0005688256351;1.874431133;
1.874302626;9.091783524;100;80;507.328186;0.9922177792;0;5.550235271;-0.0008822310483;
-0.001072878484;1.873927116;10.53602219;100;80;507.0654602;1;0;5.650242329;-0.00130348315;
-0.001568883308;1.873431087;12.06922245;100;80;506.7837524;1;0;5.750246525;-0.001939643989;1.873060346;
5.800263882;-0.002314636949;1.872685313;13.4708004;100;80;506.4342041;1;0;5.85024929;
-0.003173364792;1.871826649;14.9913702;100;80;506.076416;1;0;5.950252056;-0.003728595097;1.871271372;
0;6.000255108;-0.004227806348;1.870772243;16.40781403;100;80;505.6425476;0.9399999976;0;6.050266743;-0.004753664136;1.870246291;
6.100261211;-0.005312006921;1.869688034;17.93605614;100;80;505.2044983;0.8000000119;0;6.150257587;-0.006011185236;
-0.006651730277;1.868348241;19.30417061;100;80;504.687561;0.8119999766;0;6.250261784;-0.007337840274;
-0.008061261848;1.86693871;20.4887619;100;80;504.1733093;0.9160000086;0;6.350283146;-0.008940877393;
6.4002738;-0.009725314565;1.865274668;21.47762871;100;80;503.5838928;1;0;6.45027256;-0.01054043509;
-0.0113884313;1.863611579;22.37910843;100;80;503.0122986;1;0;6.550278664;-0.01241374388;1.86258626;
6.600280762;-0.01332486048;1.861675143;23.21254539;100;80;502.3675232;1;0;6.650283337;-0.01426835638;
1.85975647;24.12458038;100;80;501.7487183;1;0;6.750331879;-0.01642457955;1.858575463;
6.800287247;-0.01747522876;1.857524753;24.97126579;100;80;501.0527954;1;0;6.850289345;-0.01856008358;
6.900293827;-0.01968133077;1.855318666;25.89336395;100;80;500.3869019;1;0;6.950318336;-0.02103458904;1.853965402;
-0.02223655581;1.852763414;26.75077248;100;80;499.6398315;1;0;7.050300598;
-0.02475754358;1.850242496;27.69158363;100;80;498.9263306;1;0;7.150319576;-0.02630286664;
1.847324967;28.57409286;100;80;498.1271973;1;0;7.250316143;
-0.03054618835;1.844453812;29.54615974;100;80;497.3649902;1;0;7.35031414;-0.0323055461;1.842694402;
1.841136932;30.50380135;100;80;496.512207;0.8000000119;0;7.450323105;
-0.03712751716;1.837872505;31.37106133;100;80;495.6986389;0.8000000119;0;7.550321579;-0.03911836445;
7.600325584;-0.04087237269;1.834127665;32.04640579;100;80;494.7938843;0.8600000143;0;7.650326729;
-0.04451291636;1.830487132;32.75654984;100;80;493.9399109;0.9639999866;0;7.750332355;-0.04672401026;
-0.04867086187;1.826329112;33.36074066;100;80;492.9945374;1;0;7.850346565;
-0.05270153284;1.822298527;33.96420288;100;80;492.1052551;1;0;7.950372696;-0.05513986573;1.819860101;
0;8.000343323;-0.05728217587;1.817717791;34.52389908;100;80;491.1251221;1;0;8.050355911;-0.05947253481;
8.100359917;-0.06171375141;1.813286304;35.13363647;100;80;490.2044983;1;0;8.150370598;-0.06439457089;1.810605407;
-0.06674880534;1.808251143;35.69758224;100;80;489.1902466;1;0;8.250351906;
-0.07161232829;1.803387642;36.30977631;100;80;488.2383423;1;0;
-0.07712502033;1.797874928;36.87047577;100;80;487.1900635;1;
37.48651505;100;80;486.2169495;1;0;8.550362587;-0.08559799939;
8.600372314;-0.08840987831;1.786590099;38.05648041;100;80;485.1346436;1;0;8.650377274;-0.09128227085;
-0.09421373159;1.780786276;38.67565155;100;80;484.119751;1;0;8.75037384;-0.09770911187;
8.800374985;-0.1007721424;1.774227858;39.24876785;100;80;483.0030518;1;0;8.849373817;-0.1038973033;1.771102667;
39.87154388;100;80;481.9563293;1;0;8.949384689;-0.1108864993;1.764113545;
40.44775009;100;80;480.8050842;1;0;9.049385071;-0.1176064089;1.757393599;
41.0737648;100;80;479.7263794;1;0;9.149394989;-0.1251877099;1.749812245;
41.65436935;100;80;478.5404053;1;0;9.249412537;-0.1324688941;1.742531061;
42.28783035;100;80;477.4295044;1;0;9.349401474;-0.1406741887;1.734325767;
42.87672806;100;80;476.2084351;1;0;9.449402809;-0.148548156;1.726451874;
43.51919556;100;80;475.0649414;1;0;9.549411774;-0.157411769;1.717588186;
44.11634064;100;80;473.8083191;1;0;9.649413109;-0.1659099758;1.709089994;
44.7678299;100;80;472.6317749;1;0;9.74942112;-0.1754542887;1.699545741;
45.37351227;100;80;471.3390808;1;0;9.849473;-0.1845210195;1.690478921;
46.03401184;100;80;470.1289673;1;0;9.94942379;-0.1945015937;1.680498362;
46.63298035;100;80;468.7995911;0.8000000119;0;10.04943466;-0.2034183294;1.671581626;
47.16197586;100;80;467.5561523;0.8000000119;0;10.14944839;-0.2121198922;1.662880063;
47.61292648;100;80;466.1947021;0.8874999881;0;10.24944019;-0.2191034704;1.655896544;
48.11729431;100;80;464.9251404;0.99150002;0;10.34946823;-0.2254346013;1.649565339;
48.54866028;100;80;463.535675;1;0;10.44944954;-0.2300626338;1.644937396;
49.00074005;100;80;462.2412415;1;0;10.54946327;-0.2337204367;1.641279578;
49.42007446;100;80;460.8262939;1;0;10.64945984;-0.2358075976;1.639192343;
49.87563324;100;80;459.5083618;1;0;10.74947166;-0.2366266102;1.638373375;
50.29618073;100;80;458.0680237;1;0;10.8494606;-0.2360218614;1.638978124;
50.75214767;100;80;456.7267456;1;0;10.94946957;-0.2338592559;1.641140699;
51.17373657;100;80;455.2610168;1;0;11.04948044;-0.2304410934;1.644558907;
51.63107681;100;80;453.8963318;1;0;11.14947319;-0.2251604199;1.64983964;
52.05371857;100;80;452.4052124;1;0;11.24949455;-0.218799457;1.656200528;
52.51208115;100;80;451.0170593;1;0;11.34949589;-0.2102621794;1.664737821;
52.93577576;100;80;449.5004883;1;0;11.4494915;-0.2008318752;1.67416811;
53.39535904;100;80;448.0888367;1;0;11.54950047;-0.1889019907;1.68609798;
53.82001114;100;80;446.5467529;1;0;11.64949894;-0.1762718111;1.698728204;
54.28064728;100;80;445.1115417;1;0;11.74951553;-0.1608060896;1.71419394;
54.70637512;100;80;443.5439148;1;0;11.84950542;-0.1448514163;1.730148554;
55.16823196;100;80;442.085083;1;0;11.94956398;-0.1257103831;1.749289632;
55.59558105;100;80;440.4918823;1;0;12.04952049;-0.1062960029;1.768704057;
56.06031418;100;80;439.0093689;1;0;12.1495266;-0.08333660662;1.791663408;
56.49084091;100;80;437.3904114;1;0;12.24955845;-0.06033261493;1.814667344;
56.958992;100;80;435.8840942;1;0;12.34953117;-0.0334112756;1.841588736;
57.3927002;100;80;434.2392578;1;0;12.44953156;-0.006682516076;1.868317485;
57.86428452;100;80;432.7089233;1;0;12.54954815;0.02434640564;1.899346352;
58.30109787;100;80;431.0380249;1;0;12.64955521;0.05493636057;1.929936409;
58.77625275;100;80;429.483551;1;0;12.74954605;0.0901440829;1.965144038;
59.21648788;100;80;427.786377;1;0;12.84955406;0.1244791448;1.999479175;
59.6950531;100;80;426.20755;1;0;12.94955349;0.1632424742;2.038242579;
60.13843155;100;80;424.4838867;1;0;13.04956245;0.1996332705;2.07463336;
60.62061691;100;80;422.8805237;1;0;13.14958763;0.2391685247;2.114168644;
61.06533432;100;80;421.1301575;0.8000000119;0;13.24960136;0.2755497396;2.15054965;
61.47865295;100;80;419.5021973;0.8000000119;0;13.34957695;0.3145640194;2.18956399;
61.80643082;100;80;417.7272644;0.7890865803;0;13.4495821;0.349907726;2.224907637;
62.02587128;100;80;416.0798035;0.0859401226;0;13.54958057;0.3865701258;2.261570215;
62.01391602;100;80;414.2893066;0;0;13.64958763;0.4180583358;2.293058395;
61.88751221;100;80;412.6369629;0;0;13.74958992;0.449174583;2.324174643;
61.75502777;100;80;410.8500061;0;0;13.84959698;0.4748705029;2.349870443;
61.61412811;100;80;409.2037354;0;0;13.94962025;0.4993171692;2.374317169;
61.48411179;100;80;407.4240112;0;0;14.04960346;0.5188550949;2.393855095;
61.35001755;100;80;405.7847595;0;0;14.14961147;0.5373636484;2.412363768;
61.25898361;100;80;404.0124512;0;0;14.24961472;0.5527017713;2.427701712;
61.17037964;100;80;402.3789368;0;0;14.34965134;0.5678833127;2.442883253;
61.09150314;100;80;400.6117859;0;0;14.44964409;0.5807529092;2.45575285;
61.00526047;100;80;398.9827576;0;0;14.5496254;0.5935106277;2.468510628;
60.91257095;100;80;397.2203979;0;0;14.64962959;0.6041430831;2.479143143;
60.8092041;100;80;395.5961609;0;0;14.74965191;0.6139561534;2.488956213;
60.71386337;100;80;393.8394165;0;0;14.84963989;0.6210776567;2.496077776;
60.61083603;100;80;392.2204285;0;0;14.9496727;0.626540482;2.501540422;
60.51577759;100;80;390.4693909;0;0;15.04965782;0.6292519569;2.504251957;
60.41294098;100;80;388.8556519;0;0;15.14965725;0.6295071244;2.504507065;
60.31816864;100;80;387.1102905;0;0;15.24966431;0.6272225976;2.502222538;
60.27086639;100;80;386.3057556;0;
60.16847229;100;80;384.5647278;0;0;15.39966583;
60.07416916;100;80;382.9602356;0;0;15.49968433;
2.478922129;59.9724617;100;80;381.2249146;0;0;15.59967518;0.5980888605;
0.5917197466;2.466719866;59.87874222;100;80;379.6257019;0;0;15.69968033;
59.77728271;100;80;377.8960266;0;0;15.79968643;
2.436453581;59.68386078;100;80;376.3020325;0;0;
2.419688463;59.58446121;100;80;374.5780334;0.09375286102;0;15.99969196;0.5368496776;
0.5289728045;2.403972864;59.56095123;100;80;372.9890747;0.6093935966;0;16.09969139;
59.67301178;100;80;371.2679749;
2.370901346;59.81970596;100;80;369.676239;0.8000000119;0;16.29971886;0.4879251122;
59.99334335;100;80;367.9476929;0.8693022132;0;16.39972305;
16.44971275;0.4627960026;2.337795973;60.19038391;100;80;366.3477173;0.9428161979;0;16.49970627;
60.47443008;100;80;364.6082153;0.9531540871;0;
60.75001907;100;80;362.9952393;0.9531540871;0;
2.292485952;61.0474205;100;80;361.2397156;0.9531540871;0;
61.32239532;100;80;359.6116943;0.9531540871;0;
61.62139511;100;80;357.8396912;0.9609668255;0;16.99973488;0.3912469745;2.266247034;
0.9765923023;0;17.04976845;0.3874070346;2.262407064;61.90236282;100;80;356.1877747;0.9609668255;0;
62.20253754;100;80;354.5369568;0.9531540871;0;
0.3761798441;2.251179934;62.479599;100;80;352.7402039;0.9531540871;0;17.29976463;
62.7783699;100;80;351.0827332;0.9531540871;
2.247508049;63.05433273;100;80;349.2694397;0.9531540871;0;17.49975395;0.3727726042;
63.35320282;100;80;347.4387207;0.9531540871;0;17.59975815;
0.3765758574;2.251575947;63.62924194;100;80;345.7492676;0.9531540871;0;17.69976234;0.378723979;
2.256811142;63.92825699;100;80;343.9107056;0.9531540871;0;17.79977798;
0.3885668516;2.263566971;64.20436096;100;80;342.2059021;0.9531540871;0;17.89977074;
64.50352478;100;80;340.350769;0.9531540871;0;17.99978638;0.4030884802;
0;18.04977608;0.4086591303;2.28365922;64.77973938;100;80;338.6306763;0.9531540871;0;18.0997963;
65.07904053;100;80;336.7589111;0.9531540871;0;
0.4369320869;2.311932087;65.35561371;100;80;335.0234985;0.9531540871;0;18.29979324;
2.329641819;65.65515137;100;80;333.1351624;0.9531540871;0;18.39984131;
0.4722276628;2.347227573;65.93170166;100;80;331.3844299;0.9531540871;0;18.49982643;
66.23131561;100;80;329.4794617;0.9531540871;
66.50872803;100;80;327.7133484;0.9609668255;0;18.69980431;
66.81286621;100;80;325.7917175;0.9765923023;0;18.79980659;0.5347182155;
67.09883881;100;80;324.0100708;0.9765923023;0;
67.40884399;100;80;322.0713196;0.9765923023;0;18.9998188;0.5652466416;
19.04981995;0.5719254017;2.446925402;67.69483185;100;80;320.2737732;0.9765923023;0;19.09983826;
2.4605124;68.00487518;100;80;318.3178101;0.9765923023;0;19.19982719;
0.596968472;2.471968412;68.29110718;100;80;316.504364;0.9765923023;0;19.29983139;0.6023021936;
0.6081900597;2.48319006;68.60122681;100;80;314.5311584;0.9765923023;0;19.39987373;0.6129493117;
0;19.44984245;0.6174413562;2.492441416;68.88729858;100;80;312.7017822;0.9609668255;0;19.4998455;
2.501249552;69.19152832;100;80;310.7113647;0.9765923023;0;
69.4759903;100;80;308.8662415;0.9609668255;0;19.69984627;
69.77983093;100;80;306.8587952;0.9609668255;0;19.79985237;0.6420711279;
2.519277573;70.06441498;100;80;304.9979553;0.9609668255;0;19.89985847;0.6462028027;
70.36865234;100;80;302.9735107;0.9609668255;0;19.99985886;0.6494044662;2.524404526;
0.6504297853;2.525429726;70.65260315;100;80;301.0969543;0.9609668255;0;20.09986496;
2.526667356;70.95760345;100;80;299.0555115;0.9609668255;0;20.19987297;
71.2379837;100;80;297.163269;0.9609668255;0;20.29987144;0.6511365771;
2.52526474;71.54190063;100;80;295.1048889;0.9609668255;0;20.39996529;0.6492200494;
2.522916794;71.82336426;100;80;293.197052;0.9765923023;0;20.49988556;
72.13040924;100;80;291.1217346;0.9609668255;0;20.59989929;
0.6410138011;2.516013861;72.41113281;100;80;289.1982117;0.9609668255;0;20.69989586;
72.71517181;100;80;287.105957;0.9609668255;0;20.7999115;
0.6338191032;2.508819103;72.99604034;100;80;285.1668396;0.9609668255;0;20.89990807;0.6321873069;
73.30027771;100;80;283.0576782;0.9609668255;0;20.99991226;0.6288406253;2.503840685;
73.88543701;100;80;278.9768677;0.9609668255;0;21.19991493;
74.16637421;100;80;277.0065308;0.9609668255;0;21.29993629;
74.47072601;100;80;274.8635559;0.9609668255;0;21.39992523;
0.6177905202;2.492790461;74.75175476;100;80;272.8776245;0.9609668255;0;21.49995804;
2.491044521;75.05645752;100;80;270.7177429;0.9609668255;0;21.59993553;0.6153442264;
21.64994431;0.6147117615;2.489711761;75.33815765;100;80;268.7161865;0.9609668255;0;21.69994354;0.6141477823;
75.64381409;100;80;266.5393677;0.9609668255;
21.89998436;0.6125296354;2.487529516;76.09129333;100;80;263.5107117;0.9609668255;0;21.94994545;0.6122912169;2.487291098;
76.37441254;100;80;261.3128052;0.9609668255;0;22.0499649;0.6121025085;
22.09996414;0.6121137738;2.487113714;76.68157959;100;80;259.2760925;0.9609668255;0;22.14997864;0.6122159362;2.487215996;
0.6123796701;2.487379789;76.96552277;100;80;257.0611267;0.9609668255;0;22.24996185;0.6126146317;
0.6129215956;2.487921476;77.27354431;100;80;255.0086823;0.9609668255;0;22.34996223;0.613370657;2.488370657;
0.6138331294;2.488833189;77.55827332;100;80;252.7766266;0.9609668255;0;22.44996834;
0.6149758697;2.489975929;77.8671875;100;80;250.7083588;0.9609668255;0;22.54998207;0.6157770157;2.490777016;
2.491543293;78.15276337;100;80;248.4591522;0.9609668255;0;22.64997292;
0.6182979941;2.493298054;78.46251678;100;80;246.3750305;0.9609668255;0;22.74998665;0.619459331;
0.6205357313;2.495535851;78.748909;100;80;244.1086273;0.9609668255;0;22.85000801;
2.497912407;79.05954742;100;80;242.0086212;0.9609668255;0;22.94999695;0.6244392395;2.49943924;
2.500830412;79.34669495;100;80;239.7249756;0.9609668255;0;23.04999352;0.6272980571;2.502298117;
0.628842473;2.503842592;79.65826416;100;80;237.609024;0.9609668255;0;23.14999771;0.6307411194;2.505741119;
0.6324517727;2.507451773;79.94620514;100;80;235.3080902;0.9609668255;0;23.25;
2.511107445;80.25862885;100;80;233.1761475;0.9609668255;0;23.35001755;0.6383844614;2.513384342;
23.40000916;0.6404210329;2.515421152;80.54740143;100;80;230.8578796;0.9609668255;0;23.45001411;
80.86064148;100;80;228.7099152;0.9609668255;0;23.55001831;0.6473944783;2.522394419;
23.6000309;0.6497632265;2.524763346;81.15024567;100;80;226.3742523;0.9609668255;0;23.65001678;0.6522120237;
23.7000618;0.6547407508;2.52974081;81.46437836;100;80;224.2102051;0.9609668255;0;23.75002289;0.6577932239;2.532793283;
2.535498142;81.75468445;100;80;221.8571167;0.9609668255;
2.541153669;82.06974792;100;80;219.6769562;0.9609668255;0;23.95004272;0.6696052551;2.544605255;
0.6726529598;2.54765296;82.36091614;100;80;217.3063812;0.9609668255;0;
2.553996325;82.67840576;100;80;215.1100769;0.9765923023;0;24.15003586;0.6828511357;2.557851076;
2.561246157;82.98186493;100;80;212.7218933;0.9922177792;0;24.25004959;
0.6932914257;2.568291426;83.30770874;100;80;210.5089874;0.8000000119;0;24.35004997;0.6975588799;2.57255888;
24.40005112;0.70130831;2.57630825;83.50835419;100;80;208.1027679;0.1640675068;0;24.45004845;
2.584056377;83.50719452;100;80;205.8765411;0;0;24.55008698;0.7137246132;2.588724613;
24.60007095;0.7178106308;2.592810631;83.42234039;100;80;203.4649658;0;0;24.65007019;
0.7262244821;2.601224422;83.30448151;100;80;201.2409515;0;0;24.75008202;
24.80008125;0.7357186079;2.610718489;83.17774963;100;80;198.8346252;0;0;24.85007286;
0.7448382974;2.619838238;83.03591919;100;80;196.6168976;0;0;24.95010757;0.750316143;2.625316143;
25.00008583;0.755104661;2.630104542;82.9042511;100;80;194.2182007;0;0;
0.7649398446;2.639939785;82.76200104;100;80;192.0076294;0;0;25.15010452;0.7708358765;
0;25.20009041;0.7759824991;2.65098238;82.63101959;100;80;189.6167603;0;0;25.25010109;0.7812147737;
0.7865325212;2.661532402;82.48929596;100;80;187.4134216;0;0;25.35009575;0.7928442955;
0.7983469963;2.673346996;82.35868835;100;80;185.0303955;0;0;25.45009804;
0.8096068501;2.684606791;82.217453;100;80;182.8343048;0;0;25.55012512;0.8163312674;
0.82218647;2.69718647;82.08733368;100;80;180.4591217;0;0;25.65010262;
0.8341495991;2.709149599;81.9466095;100;80;178.2702637;0;0;25.75011444;0.8412827849;
0.8474872708;2.722487211;81.81692505;100;80;175.9029083;0;0;
0.8601468205;2.735146761;81.67804718;100;80;173.7212524;0;0;25.95012093;0.8675495386;2.742549419;
0.8740986586;2.749098778;81.54879761;100;80;171.3843842;0;0;26.0501461;
2.762444258;81.40904236;100;80;169.2098999;0;0;26.1501255;0.895381391;
0.9022737145;2.777273655;81.28027344;100;80;166.8580933;0;0;26.25013733;
0.9163041115;2.791304111;81.14100647;100;80;164.6907806;0;0;26.34914207;0.9246386886;2.799638748;
81.01264954;100;80;162.3467407;0;0;26.44914246;0.9391831756;2.814183235;
80.87387085;100;80;160.1865692;0;0;26.54915428;0.9553061128;2.830306053;
80.74597168;100;80;157.8502655;0;0;26.64916801;0.9705234766;2.845523596;
80.60765839;100;80;155.6972351;0;0;26.74917221;0.9873712659;2.862371206;
80.48019409;100;80;153.3686371;0;0;26.84915733;1.003255606;2.878255606;
80.34235382;100;80;151.2227173;0;0;26.94916725;1.02082181;2.89582181;
80.21533203;100;80;148.9018097;0;0;27.04917145;1.037366033;2.912365913;
80.07795715;100;80;146.76297;0;0;27.14918327;1.055644393;2.930644512;
79.95039368;100;80;144.4497223;0;0;27.24919128;1.072834849;2.94783473;
79.81310272;100;80;142.3179779;0;0;27.34918022;1.091810226;2.966810226;
79.68694305;100;80;140.0124054;0;0;27.44918633;1.109661102;2.984661102;
79.55577087;100;80;137.8877106;0;0;27.54919434;1.128585458;3.003585339;
79.41954041;100;80;135.6780701;0;0;27.64919281;1.14861846;3.02361846;
79.29399109;100;80;133.3839264;0;0;27.74921417;1.167422295;3.042422295;
79.15825653;100;80;131.2697449;0;0;27.84920311;1.18812716;3.063127279;
79.03316498;100;80;128.9831848;0;0;27.94921303;1.207543731;3.08254385;
78.8978653;100;80;126.8759918;0;0;28.04922295;1.228905916;3.103905916;
78.77319336;100;80;124.5969925;0;0;28.14924049;1.24892509;3.123924971;
78.63837433;100;80;122.4967728;0;0;28.24922752;1.270935893;3.145935774;
78.51411438;100;80;120.2253113;0;0;28.34923172;1.291549921;3.166549921;
78.37974548;100;80;118.1320419;0;0;28.44925117;1.314203024;3.189203024;
78.25592041;100;80;115.8680954;0;0;28.54923439;1.335406899;3.210407019;
78.12200165;100;80;113.7817612;0;0;28.64925766;1.358694673;3.233694792;
77.99858856;100;80;111.514473;0;0;28.7492485;1.380481958;3.255481958;
77.86449432;100;80;109.4458923;0;0;28.84925461;1.404515028;3.279515028;
77.7414856;100;80;107.1861267;0;0;28.94925499;1.426882982;3.301882982;
77.60848999;100;80;105.1136169;0;0;29.04926491;1.451424956;3.326424837;
77.48590088;100;80;102.8721313;0;0;29.14925766;1.474364758;3.349364758;
77.35334015;100;80;100.8065033;0;0;29.24928474;1.499523997;3.374523878;
77.23097229;100;80;98.57246399;0;0;29.34927368;1.522913218;3.397913218;
77.09702301;100;80;96.51371002;0;0;29.44927025;1.547999501;3.42299962;
76.97052765;100;80;94.28712463;0;0;29.54927635;1.569787741;3.444787741;
76.83056641;100;80;92.23529816;0;0;29.64930534;1.588819623;3.463819742;
76.7008667;100;80;90.01621246;0;0;29.74928474;1.598515868;3.473515749;
76.55887604;100;80;87.97120667;0;0;29.84928513;1.596559644;3.471559763;
76.42682648;100;80;85.75949097;0;0;29.94929504;1.580999136;3.455999136;
76.28330994;100;80;83.72142029;0;0;30.04929733;1.547767639;3.422767639;
76.15093994;100;80;81.51741791;0;0;30.14929771;1.501149893;3.376149893;
76.0072937;100;80;79.48671722;0;0;30.24931908;1.432887673;3.307887554;
75.87481689;100;80;77.29103088;0;0;30.3493557;1.353267193;3.228267193;
75.73249817;100;80;75.26831055;0;0;30.44932175;1.248934507;3.123934507;
75.60719299;100;80;73.08159637;0;0;30.54932022;1.136249661;3.011249781;
75.47756195;100;80;71.06729126;0;0;30.64933586;0.997328639;2.87232852;
75.35820007;100;80;68.88973999;0;0;30.74932861;0.8562081456;2.731208086;
75.22559357;100;80;66.88388824;0;0;30.84933472;0.6957615018;2.570761442;
75.0952301;100;80;64.71510315;0;0;30.94933319;0.5477205515;2.422720671;
74.94269562;100;80;62.71679688;0;0;31.04942703;0.3949911892;2.269991159;
74.79624939;100;80;60.55570602;0;0;31.14934921;0.2675157785;2.142515659;
74.63442993;100;80;58.56408691;0;0;31.24937439;0.1508908719;2.025890827;
74.48171997;100;80;56.40988159;0;0;31.34935379;0.06756579876;1.942565799;
