sep=;
unknown1; unknown2; currentSpeed; currentLimit; nextLimit; distance; gaspedal; brakepedal; timestamp

0.2052912414;100;80;900;0;0;0.05001444742;-1.387233897e-005;1.874986172;
0.3690106869;100;80;512.0519409;0;0;0.1500176787;-1.95344528e-005;1.87498045;
0.5356064439;100;80;512.0411987;0;0;0.2500168085;-1.444100872e-005;1.874985576;
0.6820288301;100;80;512.0256958;0;0;0.3500215709;-1.001585861e-005;1.874989986;
0.8205014467;100;80;512.0078735;0;0;0.4500196874;-1.164789592e-005;1.874988317;
0.9657288194;100;80;511.9841919;0;0;0.5500254631;-1.506725403e-005;1.87498498;
1.10734272;100;80;511.9585571;0;0;0.6500328183;-1.606228034e-005;1.874983907;
1.234464049;100;80;511.9268494;0;0;0.7500345111;-1.617513044e-005;1.874983788;
1.368663311;100;80;511.8940125;0;0;0.8500377536;-1.724676986e-005;1.874982715;
1.489413023;100;80;511.8546753;0;0;0.9500496984;-1.813140989e-005;1.87498188;
1.616789222;100;80;511.815033;0;0;1.050044775;-1.900398274e-005;1.874981046;
1.731426954;100;80;511.7685242;0;0;1.150057197;-1.985176823e-005;1.874980092;
1.852474332;100;80;511.7223816;0;0;1.250052214;-2.075956763e-005;1.874979258;
1.961347699;100;80;511.6690369;0;0;1.350063205;-2.166138984e-005;1.874978304;
2.067521095;100;80;511.6167603;0;0;1.450062752;-2.20430411e-005;1.874977946;
2.179665804;100;80;511.5569153;0;0;1.550067067;-2.264994509e-005;1.87497735;
2.288799763;100;80;511.4988403;0;0;1.650075436;-2.328405026e-005;1.874976754;
2.387993574;100;80;511.4328613;0.07031464577;0;1.750100255;-2.36112719e-005;1.874976397;
2.51033473;100;80;511.3691711;0.09375286102;0;1.850082397;-2.376290831e-005;1.874976277;
2.638486624;100;80;511.2967224;0.07031464577;0;1.950083017;-2.433609734e-005;1.874975681;
2.778533459;100;80;511.2262878;0.05468916893;0;2.050112963;-2.432675683e-005;1.874975681;
2.897716999;100;80;511.1461792;0.05468916893;0;2.150092602;-2.463968121e-005;1.874975324;
3.027270317;100;80;511.0689392;0.187505722;0;2.250121593;-2.479873365e-005;1.874975204;
3.179786921;100;80;510.9815674;0.2890713215;0;2.350102186;-2.472947926e-005;1.874975324;
3.443042278;100;80;510.8965454;0.7734611034;0;2.450105906;-2.489016515e-005;1.874975085;
4.011642933;100;80;510.7965393;0.9531540871;0;2.550110579;-2.568779928e-005;1.87497437;
5.199237347;100;80;510.6872864;0.9765923023;0;2.65011549;-2.709952423e-005;1.874972939;
6.590913296;100;80;510.5347595;1;0;2.75012064;-2.468268758e-005;1.874975324;
8.105520248;100;80;510.3563232;1;0;2.850122452;-2.263388706e-005;1.87497735;
9.546584129;100;80;510.1224976;0.9609668255;0;2.950130224;-1.582953155e-005;1.874984145;
11.07260799;100;80;509.8670349;0.9062776566;0;3.050132513;-8.851705388e-006;1.874991179;
12.465765;100;80;509.5481262;0.5859553814;0;3.150137186;-5.195821359e-006;1.874994755;
13.970994;100;80;509.2151489;0.2734458447;0;3.25017643;1.010243409e-006;1.875000954;
14.94132519;100;80;508.8136292;0.2734458447;0;3.350145817;-2.950214594e-006;1.87499702;
15.61664867;100;80;508.4173279;0.2890713215;0;3.450149536;-9.009368682e-007;1.874999046;
16.06754684;100;80;507.9692078;0.2890713215;0;3.550168753;5.136855634e-006;1.875005126;
16.72506905;100;80;507.5419006;0.2968840599;0;3.650160074;1.376855926e-005;1.875013709;
17.29923248;100;80;507.0592346;0.2890713215;0;3.750158787;2.379438411e-005;1.875023842;
17.49801254;100;80;506.5990601;0.2968840599;0;3.850167036;3.967348312e-005;1.875039697;
17.65862083;100;80;506.0960999;0.3125095367;0;3.950173378;5.637272989e-005;1.875056386;
17.87211418;100;80;505.6256409;0.3281350136;0;4.050201416;7.771312812e-005;1.875077724;
18.07021713;100;80;505.1096497;0.335947752;0;4.150183678;9.824767767e-005;1.875098228;
18.28131104;100;80;504.6281433;0.335947752;0;4.250197411;0.0001215051307;1.875121474;
18.4805069;100;80;504.1004639;0.3515732288;0;4.350188732;0.0001439091138;1.875143886;
18.70498466;100;80;503.6076965;0.3515732288;0;4.450191021;0.0001704000315;1.87517035;
18.91813087;100;80;503.0650024;0.3671987057;0;4.550222397;0.0001961280213;1.875196099;
19.23688698;100;80;502.5631104;0.3515732288;0;4.650201321;0.000225255033;1.875225306;
19.55784225;100;80;502.0074158;0.3671987057;0;4.75020647;0.0002541969006;1.875254154;
19.85663795;100;80;501.4857483;0.3671987057;0;4.850208759;0.0002875273058;1.875287533;
20.08650017;100;80;500.9126892;0.3515732288;0;4.950217724;0.0003203474334;1.875320315;
20.27646828;100;80;500.3771973;0.3671987057;0;5.050221443;0.0003599633346;1.875360012;
20.43763733;100;80;499.7918396;0.4453260899;0;5.150222778;0.000398926466;1.875398874;
20.71218872;100;80;499.2439575;0.7031464577;0;5.250237942;0.0004412558919;1.875441313;
21.08352852;100;80;498.6482544;0.7890865803;0;5.350234032;0.0004825673241;1.875482559;
21.51147842;100;80;498.0855408;0.7890865803;0;5.450263977;0.0005288057728;1.875528812;
21.8780098;100;80;497.4643555;0.7890865803;0;5.550240517;0.0005749519332;1.875574946;
22.26850891;100;80;496.8809509;0.7890865803;0;5.650245667;0.0006294649211;1.875629425;
22.65487671;100;80;496.237915;0.7890865803;0;5.750257969;0.0006829380291;1.87568295;
23.0976181;100;80;495.6303406;0.7890865803;0;5.850253582;0.0007451841957;1.875745177;
23.6241188;100;80;494.9633484;0.7890865803;0;5.950260162;0.0008056466468;1.875805616;
24.31872368;100;80;494.33255;0.7890865803;0;6.050261974;0.0008753229049;1.875875354;
24.95573235;100;80;493.6299438;0.7890865803;0;6.150295258;0.0009466268239;1.875946641;
25.64380264;100;80;492.9642334;0.7890865803;0;6.250302315;0.001030615414;1.876030564;
26.28424263;100;80;492.2239075;0.7890865803;0;6.350291252;0.001116628642;1.876116633;
26.98179436;100;80;491.5226746;0.7890865803;0;6.45028162;0.001218711492;1.876218677;
27.62995911;100;80;490.7437134;0.7890865803;0;6.550284863;0.001320366166;1.876320362;
28.43607521;100;80;490.0067139;0.7890865803;0;6.650288582;0.001441713423;1.876441717;
29.21532059;100;80;489.1855469;0.7890865803;0;6.750302792;0.001561965211;1.876561999;
29.92491722;100;80;488.406189;0.7890865803;0;6.850301743;0.001707700081;1.876707673;
30.49032211;100;80;487.5429688;0.7890865803;0;6.950300217;0.001854163944;1.876854181;
31.00254631;100;80;486.7302246;0.7890865803;0;7.050305367;0.002025402151;1.877025366;
31.41601563;100;80;485.8355408;0.7890865803;0;7.150309086;0.002194727072;1.877194762;
31.86618042;100;80;484.9981384;0.7890865803;0;7.250325203;0.002388823079;1.877388835;
32.28333282;100;80;484.0781555;0.7890865803;0;7.350319386;0.00257589831;1.877575874;
32.73524094;100;80;483.2173462;0.7890865803;0;7.450324059;0.002787873847;1.877787828;
33.15273666;100;80;482.2722168;0.7890865803;0;7.550336361;0.002992348978;1.877992392;
33.60579681;100;80;481.3881531;0.7890865803;0;7.650334835;0.003224084387;1.878224134;
34.02481079;100;80;480.4177856;0.7890865803;0;7.750371933;0.00344766234;1.878447652;
34.47921753;100;80;479.510437;0.7890865803;0;7.850354195;0.003699346911;1.878699303;
34.89920807;100;80;478.5148315;0.7890865803;0;7.950353146;0.0039422228;1.878942251;
35.35490417;100;80;477.584137;0.7890865803;0;8.050361633;0.004215908237;1.879215956;
35.77400589;100;80;476.5632019;0.7890865803;0;8.150357246;0.004479486495;1.879479527;
36.23100281;100;80;475.6091919;0.7890865803;0;8.250441551;0.004776610527;1.879776597;
36.65339279;100;80;474.5629272;0.7890865803;0;8.350374222;0.005061528645;1.880061507;
37.1114502;100;80;473.5854492;0.7890865803;0;8.450365067;0.005382634234;1.880382657;
37.534832;100;80;472.5137634;0.7890865803;0;8.55037117;0.005690049846;1.880690098;
37.9899025;100;80;471.5232239;0.7890865803;0;8.650421143;0.006033257116;1.881033301;
38.41447067;100;80;470.426178;0.7890865803;0;8.750385284;0.006363276858;1.881363273;
38.8750267;100;80;469.4017029;0.7890865803;0;8.850393295;0.006735617761;1.881735563;
39.30073929;100;80;468.2790833;0.7890865803;0;8.950390816;0.007092345506;1.882092357;
39.76262665;100;80;467.2309875;0.7890865803;0;9.050402641;0.007490615826;1.882490635;
40.18942261;100;80;466.0827026;0.7890865803;0;9.14939785;0.007873824798;1.882873774;
40.65251923;100;80;465.0108948;0.7890865803;0;9.249401093;0.008303115144;1.883303165;
41.08164978;100;80;463.8369141;0.7968993187;0;9.349411964;0.008711748756;1.883711696;
41.56877518;100;80;462.7413025;0.8672139645;0;9.449435234;0.00916913338;1.884169102;
42.09249115;100;80;461.5406799;0.9609668255;0;9.549417496;0.00960791111;1.884607911;
42.69986343;100;80;460.4177246;0.9609668255;0;9.649446487;0.01009848714;1.885098457;
43.26218414;100;80;459.1845093;0.9609668255;0;9.749444962;0.01057011634;1.885570168;
43.87954712;100;80;458.0306702;0.9609668255;0;9.849442482;0.01110106707;1.886101127;
44.45061493;100;80;456.7634888;0.9609668255;0;9.949433327;0.01160998829;1.886610031;
45.07293701;100;80;455.5779419;0.9609668255;0;10.04945469;0.01218514331;1.887185097;
45.65951157;100;80;454.2763367;0.8784713149;0;10.14945412;0.01273530349;1.887735248;
46.2542305;100;80;453.0585327;0.8000000119;0;10.24947929;0.01335624699;1.888356209;
46.7199707;100;80;451.7230225;0.815698266;0;10.34944916;0.01395284571;1.888952851;
47.20227814;100;80;450.4774475;0.8953384161;0;10.44946766;0.01462129783;1.889621258;
47.64524841;100;80;449.1144104;0.9531540871;0;10.54946518;0.01525743306;1.890257478;
48.07253647;100;80;447.8440247;0.9531540871;0;10.64948559;0.01597044989;1.890970469;
48.46546555;100;80;446.4559631;0.9531540871;0;10.74946785;0.01664560474;1.891645551;
48.89324188;100;80;445.1635742;0.9531540871;0;10.84949589;0.01739729196;1.892397285;
49.288517;100;80;443.7515259;0.9531540871;0;10.94948769;0.01810936071;1.893109322;
49.71673584;100;80;442.4371643;0.9531540871;0;11.04948044;0.01890119538;1.893901229;
50.11242676;100;80;441.0013733;0.9531540871;0;11.14949894;0.01965166815;1.894651651;
50.54169464;100;80;439.664978;0.9531540871;0;11.24951077;0.02048444934;1.895484447;
50.93806076;100;80;438.2053223;0.9375286102;0;11.34950352;0.02127163298;1.896271586;
51.35971451;100;80;436.8469238;0.9375286102;0;11.44949532;0.02214597352;1.897145987;
51.74571991;100;80;435.3636169;0.9375286102;0;11.54952431;0.02297372557;1.897973776;
52.16759872;100;80;433.9836731;0.9375286102;0;11.6495285;0.0238903556;1.898890376;
52.5577507;100;80;432.4769897;0.9375286102;0;11.74951744;0.02475761436;1.899757624;
52.97299194;100;80;431.0754089;0.9219031334;0;11.84951878;0.02571759373;1.900717616;
53.35508728;100;80;429.5455017;0.9219031334;0;11.94952393;0.02662552521;1.901625514;
53.76971436;100;80;428.1226196;0.9219031334;0;12.04952812;0.02763137221;1.902631402;
54.1544075;100;80;426.5696716;0.9375286102;0;12.14952564;0.02857983485;1.903579831;
54.57139206;100;80;425.1254578;0.9219031334;0;12.24953365;0.02963107638;1.904631019;
54.95497131;100;80;423.5493469;0.9219031334;0;12.34955883;0.03062253259;1.905622482;
55.36606216;100;80;422.0838013;0.9062776566;0;12.44954109;0.03172018752;1.906720161;
55.74232864;100;80;420.4847412;0.9062776566;0;12.54956245;0.03275598586;1.907755971;
56.14809799;100;80;418.99823;0.8984649181;0;12.64954758;0.03390143067;1.908901453;
56.52344894;100;80;417.3765564;0.8984649181;0;12.74955273;0.03498201817;1.909981966;
56.92775726;100;80;415.8692017;0.8984649181;0;12.84957504;0.03617546707;1.911175489;
57.30432129;100;80;414.2249756;0.8984649181;0;12.94957924;0.03730068356;1.912300706;
57.70910645;100;80;412.6968079;0.8984649181;0;13.04957008;0.03854518756;1.913545132;
58.08208084;100;80;411.0300293;0.8828394413;0;13.14957333;0.03971694782;1.914716959;
58.49282455;100;80;409.4810791;0.9062776566;0;13.24957943;0.04101224989;1.916012287;
58.87581635;100;80;407.7916565;0.8984649181;0;13.34960651;0.04222933948;1.917229295;
59.27818298;100;80;406.2215576;0.8672139645;0;13.44958591;0.04357657209;1.918576598;
59.67676544;100;80;404.5093384;0.8000000119;0;13.54960442;0.04484530911;1.919845343;
60.05459213;100;80;402.9178772;0.8000000119;0;13.64961243;0.04624431208;1.921244264;
60.36565018;100;80;401.1835022;0.8238596916;0;13.74959564;0.04756163061;1.922561646;
60.68082047;100;80;399.5739441;0.8660377264;0;13.84961987;0.04901425913;1.924014211;
60.93317795;100;80;397.8214111;0.8672139645;0;13.94962406;0.0503783375;1.925378323;
61.1954422;100;80;396.1967163;0.8672139645;0;14.04961395;0.05187837407;1.926878333;
61.43844604;100;80;394.4292297;0.8672139645;0;14.14962196;0.05328349397;1.928283453;
61.70180893;100;80;392.7908936;0.8672139645;0;14.2496376;0.05482663214;1.929826617;
61.94463348;100;80;391.0086975;0.8672139645;0;14.34964085;0.0562697947;1.931269765;
62.20761108;100;80;389.356842;0.8672139645;0;14.44964314;0.05785497651;1.93285501;
62.45052719;100;80;387.5600281;0.8672139645;0;14.54963303;0.05933767185;1.934337616;
62.71367645;100;80;385.8946533;0.8672139645;0;14.64963436;0.06096527725;1.9359653;
62.95656204;100;80;384.0831909;0.8672139645;0;14.74964619;0.06248589605;1.937485933;
63.21969223;100;80;382.4043274;0.8672139645;0;14.84964371;0.06415554881;1.939155579;
63.46259308;100;80;380.5782166;0.8672139645;0;14.94964695;0.06571656466;1.940716624;
63.7257576;100;80;378.8858643;0.8672139645;0;15.04967403;0.06742919236;1.942429185;
63.96870041;100;80;377.0451355;0.8672139645;0;15.1496582;0.06903034449;1.944030404;
64.22881317;100;80;375.3392639;0.8515884876;0;15.24968147;0.07078686357;1.945786834;
64.46896362;100;80;373.4840393;0.8672139645;0;15.34970188;0.07242907584;1.947429061;
64.73015594;100;80;371.764801;0.8672139645;0;15.4496727;0.07422982156;1.949229836;
64.97051239;100;80;369.8950806;0.8515884876;0;15.5496788;0.0759126246;1.950912595;
65.22701263;100;80;368.1625061;0.8515884876;0;15.64970779;0.0777586624;1.95275867;
65.46521759;100;80;366.2784119;0.8672139645;0;15.74968147;0.07948244363;1.954482436;
65.72766876;100;80;364.5326233;0.8672139645;0;15.84971333;0.08137473464;1.956374764;
65.97032166;100;80;362.6340637;0.8515884876;0;15.94969559;0.08314149827;1.958141446;
66.22760773;100;80;360.8748169;0.8515884876;0;16.04969788;0.0850777626;1.960077763;
66.46429443;100;80;358.9618225;0.8515884876;0;16.14970398;0.08688809723;1.961888075;
66.7233429;100;80;357.1894226;0.8672139645;0;16.24974442;0.08887171745;1.963871717;
66.96469879;100;80;355.262085;0.8515884876;0;16.34971428;0.09072498232;1.965724945;
67.22125244;100;80;353.4763184;0.8672139645;0;16.4497509;0.09275493026;1.96775496;
67.46013641;100;80;351.5346069;0.8515884876;0;16.54972076;0.09465212375;1.969652176;
67.72329712;100;80;349.7356262;0.8672139645;0;16.6497364;0.09674029052;1.971740246;
67.96512604;100;80;347.7794495;0.8672139645;0;16.74974823;0.09867097437;1.973670959;
68.22690582;100;80;345.9670105;0.8515884876;0;16.84973526;0.1007988229;1.975798845;
68.46655273;100;80;343.9867554;0.8672139645;0;16.94973755;0.1027951092;1.977795124;
68.7251358;100;80;342.1609497;0.8515884876;0;17.04973984;0.1049620807;1.979962111;
68.96518707;100;80;340.1853333;0.8515884876;0;17.14977264;0.106995143;1.981995106;
69.22484589;100;80;338.3462219;0.8515884876;0;17.24976158;0.1092325151;1.984232545;
69.46072388;100;80;336.3370361;0.8515884876;0;17.34975433;0.1113003716;1.986300349;
69.71245575;100;80;334.4847107;0.7968993187;0;17.44975662;0.1135880873;1.988588095;
69.92568207;100;80;332.4710693;0.7890865803;0;17.54976463;0.1157131717;1.99071312;
70.14674377;100;80;330.6064148;0.7500228882;0;17.6497612;0.1180409417;1.993040919;
70.33828735;100;80;328.5802307;0.7187719345;0;17.74977112;0.1202105805;1.995210528;
70.52857971;100;80;326.7045898;0.6484572887;0;17.84978485;0.1225847527;1.997584701;
70.68104553;100;80;324.6673889;0.6250190735;0;17.94980812;0.1247977689;1.999797821;
70.83847046;100;80;322.7826538;0.6250190735;0;18.04979134;0.1272163093;2.002216339;
70.98400879;100;80;320.7364197;0.6250190735;0;18.14980698;0.1294671595;2.004467249;
71.14167023;100;80;318.8435059;0.6250190735;0;18.2497921;0.1319261342;2.00692606;
71.28684235;100;80;316.7885132;0.6250190735;0;18.34982681;0.1342137903;2.009213686;
71.44393158;100;80;314.8875122;0.6093935966;0;18.44980431;0.1367121041;2.011712074;
71.58213806;100;80;312.823761;0.5859553814;0;18.54980087;0.1390357018;2.014035702;
71.73717499;100;80;310.914917;0.5468916893;0;18.64980888;0.1415719837;2.016571999;
71.88237;100;80;308.8426514;0.5156407356;0;18.74984169;0.1439314783;2.018931389;
72.01302338;100;80;306.9257813;0.5156407356;0;18.84981918;0.14650774;2.02150774;
72.11784363;100;80;304.8456726;0.5156407356;0;18.94985008;0.1489021182;2.023902178;
72.21017456;100;80;302.9226074;0.4922025204;0;19.04984474;0.1515143663;2.026514292;
72.26535797;100;80;300.8367615;0.4218878746;0;19.14985466;0.1539412737;2.028941154;
72.30908203;100;80;298.9098511;0.4062623978;0;19.2498455;0.1565848589;2.031584978;
72.34548187;100;80;296.8210754;0.4218878746;0;19.34986687;0.1590370983;2.034037113;
72.38787842;100;80;294.8919067;0.4218878746;0;19.44984818;0.1617076993;2.03670764;
72.42767334;100;80;292.8007813;0.4062623978;0;19.54986763;0.1641820967;2.039182186;
72.46982574;100;80;290.8694153;0.4218878746;0;19.64987946;0.1668749005;2.041874886;
72.51003265;100;80;288.7759094;0.4218878746;0;19.74988365;0.1693710387;2.044371128;
72.55360413;100;80;286.8423157;0.4062623978;0;19.84986115;0.1720860898;2.047086;
72.58985901;100;80;284.7463684;0.4062623978;0;19.94988823;0.1746033579;2.049603462;
72.62758636;100;80;282.8106689;0.3906369209;0;20.04987144;0.1773405522;2.052340508;
72.65987396;100;80;280.7125854;0.4062623978;0;20.14987755;0.1798784733;2.054878473;
72.69450378;100;80;278.7749939;0.4062623978;0;20.24990463;0.1826370358;2.057636976;
72.72860718;100;80;276.6749878;0.4062623978;0;20.34990501;0.1851935536;2.060193539;
72.76467133;100;80;274.7355652;0.4062623978;0;20.44989777;0.1879748255;2.06297493;
72.79788971;100;80;272.6335144;0.3906369209;0;20.54990387;0.1905508488;2.065550804;
72.83240509;100;80;270.6922302;0.3906369209;0;20.64989471;0.1933525801;2.068352699;
72.86412048;100;80;268.5882263;0.4062623978;0;20.74990082;0.1959488094;2.070948839;
72.90021515;100;80;266.6451721;0.3906369209;0;20.84990501;0.1987722963;2.073772192;
72.9320755;100;80;264.5392151;0.3906369209;0;20.9499054;0.2013872713;2.076387167;
72.96495819;100;80;262.553833;0.3906369209;0;21.04991913;0.2040671706;2.07906723;
73.00021362;100;80;260.4459229;0.3906369209;0;21.14993668;0.206921652;2.081921577;
73.03231049;100;80;258.4992371;0.3828241825;0;21.24991798;0.209566623;2.084566593;
73.06399536;100;80;256.3894043;0.3828241825;0;21.34994507;0.2124421746;2.08744216;
73.09254456;100;80;254.44104;0.3828241825;0;21.44993401;0.2151066214;2.090106726;
73.12336731;100;80;252.3294373;0.3671987057;0;21.54993439;0.2180032581;2.093003273;
73.14892578;100;80;250.3794861;0.3515732288;0;21.64995956;0.2206870168;2.095686913;
73.17166138;100;80;248.2662964;0.3515732288;0;21.74994469;0.2236039937;2.098603964;
73.19108582;100;80;246.3150787;0.3515732288;0;21.84995651;0.2263064682;2.101306438;
73.21333313;100;80;244.2006531;0.3515732288;0;21.94997597;0.2292438;2.104243755;
73.22775269;100;80;242.248291;0.242194891;0;22.04997826;0.2319634706;2.106963396;
73.2154007;100;80;240.1329041;0.2031311989;0;22.14996147;0.2349199653;2.109920025;
73.1939621;100;80;238.1805878;0.2187566757;0;22.24998665;0.2376571447;2.11265707;
73.17179871;100;80;236.0661926;0.2031311989;0;22.3499794;0.2406283915;2.115628481;
73.14945221;100;80;234.114975;0.187505722;0;22.44997978;0.2433776855;2.118377686;
73.12352753;100;80;232.0018311;0.2187566757;0;22.55000305;0.2463628203;2.121362925;
73.10123444;100;80;230.0518951;0.187505722;0;22.64999008;0.2491232306;2.124123335;
73.07339478;100;80;227.9401398;0.1796929836;0;22.74999046;0.252120167;2.127120256;
73.04293823;100;80;225.9915466;0.1250038147;0;22.84998894;0.2548910379;2.129891157;
72.98635101;100;80;223.8815155;0;0;22.95002174;0.2578982711;2.132898331;
72.8878479;100;80;221.935379;0;0;23.05000305;0.260676533;2.135676622;
72.76451874;100;80;219.8300781;0;0;23.15003014;0.2636894286;2.138689518;
72.65000916;100;80;217.889801;0;0;23.25002861;0.2664707899;2.141470909;
72.52668762;100;80;215.791214;0;0;23.35005188;0.2694822848;2.144482374;
72.41269684;100;80;213.8572388;0;0;23.45001793;0.2722603977;2.147260427;
72.28914642;100;80;211.7655182;0;0;23.55002403;0.275267154;2.150267124;
72.17541504;100;80;209.8378448;0;0;23.65003777;0.2780403197;2.153040409;
72.05251312;100;80;207.7529449;0;0;23.75004959;0.2810408771;2.156040907;
71.9392395;100;80;205.8315735;0;0;23.85005951;0.28380844;2.15880847;
71.81671143;100;80;203.7534943;0;0;23.950037;0.2868025601;2.16180253;
71.70379639;100;80;201.8384094;0;0;24.05006218;0.2895632088;2.164563179;
71.58172607;100;80;199.7671204;0;0;24.15005302;0.2925513983;2.167551517;
71.46922302;100;80;197.8583069;0;0;24.25007629;0.2953064442;2.170306444;
71.3475647;100;80;195.7937927;0;0;24.35005379;0.2982875407;2.17328763;
71.23545837;100;80;193.8912201;0;0;24.45008469;0.3010360897;2.176036119;
71.11421967;100;80;191.8334656;0;0;24.55008698;0.3040107787;2.179010868;
71.00251007;100;80;189.9371033;0;0;24.65006638;0.306753099;2.181753159;
70.88169861;100;80;187.8860779;0;0;24.75007629;0.309720397;2.184720516;
70.77036285;100;80;185.9959106;0;0;24.85008049;0.3124571741;2.187457085;
70.64997101;100;80;184.1087341;0;0;24.95008469;0.3154179156;2.190418005;
70.53903961;100;80;182.0676117;0;0;25.05011559;0.3181483448;2.193148375;
70.41904449;100;80;180.0299835;0;0;25.15011597;0.3211028278;2.196102858;
70.30849457;100;80;178.1521606;0;0;25.25012589;0.3238272667;2.198827267;
70.18893433;100;80;176.1211853;0;0;25.35012245;0.3267747164;2.201774836;
70.07876587;100;80;174.2494965;0;0;25.45012856;0.3294927478;2.204492807;
69.95962524;100;80;172.2251587;0;0;25.55012894;0.3324336112;2.207433701;
69.84984589;100;80;170.3595886;0;0;25.65012932;0.3351455331;2.210145473;
69.73110962;100;80;168.3418579;0;0;25.75014114;0.338081032;2.213081121;
69.62169647;100;80;166.4823761;0;0;25.85012054;0.3407863081;2.215786219;
69.50336456;100;80;164.4712372;0;0;25.95014763;0.3437145948;2.218714714;
69.39432526;100;80;162.6178436;0;0;26.05013275;0.3464147747;2.221414804;
69.27755737;100;80;160.6325378;0;0;26.15014458;0.3493078947;2.224308014;
69.16889191;100;80;158.7851563;0;0;26.25016594;0.3520021141;2.227002144;
69.05137634;100;80;156.7870941;0;0;26.35014915;0.3549177349;2.229917765;
68.94309235;100;80;154.945755;0;0;26.45017815;0.3576057553;2.232605696;
68.82598877;100;80;152.9542084;0;0;26.55017471;0.3605145216;2.235514641;
68.71807098;100;80;151.1188812;0;0;26.64917755;0.3631964326;2.238196373;
68.60135651;100;80;149.1338501;0;0;26.74915886;0.3660984933;2.241098404;
68.49382019;100;80;147.3045044;0;0;26.84916306;0.3687749207;2.243774891;
68.37751007;100;80;145.325943;0;0;26.94916725;0.37167117;2.2466712;
68.27033234;100;80;143.5025635;0;0;27.04917336;0.3743412793;2.249341249;
68.15442657;100;80;141.5304718;0;0;27.14917946;0.3772304952;2.252230406;
68.04763031;100;80;139.7130432;0;0;27.24917984;0.3798953295;2.25489521;
67.93210602;100;80;137.7473755;0;0;27.34919357;0.3827785254;2.257778645;
67.82566833;100;80;135.9358826;0;0;27.44919014;0.3854370117;2.260437012;
67.7105484;100;80;134.1272278;0;0;27.54919624;0.3883140087;2.263314009;
67.6044693;100;80;132.1710358;0;0;27.64919662;0.390966624;2.265966654;
67.48975372;100;80;130.2181854;0;0;27.74920082;0.3938370943;2.268837214;
67.38401031;100;80;128.4184875;0;0;27.84921074;0.3964843154;2.271484375;
67.26967621;100;80;126.4719925;0;0;27.94921494;0.3993485868;2.274348497;
67.1643219;100;80;124.6781616;0;0;28.04921722;0.4019893706;2.27698946;
67.05036926;100;80;122.7380142;0;0;28.14923859;0.4048476815;2.279847622;
66.94537354;100;80;120.9500351;0;0;28.24922371;0.4074830115;2.282483101;
66.83126831;100;80;119.0162125;0;0;28.34924126;0.410348624;2.285348654;
66.72717285;100;80;117.2247849;0;0;28.44924355;0.4129648805;2.287964821;
66.61398315;100;80;115.4547043;0;0;28.5492363;0.4158102274;2.290810347;
66.50968933;100;80;113.5302048;0;0;28.64924049;0.4184341431;2.293434143;
66.39692688;100;80;111.5997467;0;0;28.7492466;0.4212738276;2.296273947;
66.29241943;100;80;109.8292084;0;0;28.84925461;0.4239050448;2.298905134;
66.18001556;100;80;107.9142532;0;0;28.94928932;0.4267387092;2.301738739;
66.07642365;100;80;106.1494904;0;0;29.04925728;0.4293514192;2.30435133;
65.96440887;100;80;104.2407761;0;0;29.14926147;0.4321787357;2.307178736;
65.86115265;100;80;102.4817581;0;0;29.24926758;0.4347853363;2.309785366;
65.74951935;100;80;100.5792694;0;0;29.34927368;0.4376061559;2.312606096;
65.64660645;100;80;98.82598877;0;0;29.44927597;0.4402073026;2.315207243;
65.53533936;100;80;97.07544708;0;0;29.54928017;0.4430221915;2.318022251;
65.4327774;100;80;95.18212128;0;0;29.64928627;0.445617646;2.320617676;
65.32188416;100;80;93.29200745;0;0;29.74928856;0.4484264255;2.323426485;
65.21968079;100;80;91.55013275;0;0;29.84929657;0.4510165155;2.326016426;
65.10915375;100;80;89.66617584;0;0;29.94929695;0.4538188875;2.328818798;
65.0072937;100;80;87.92997742;0;0;30.04930496;0.4564037323;2.331403732;
64.89712524;100;80;86.05215454;0;0;30.14930534;0.4591999054;2.334199905;
64.79560852;100;80;84.3216095;0;0;30.24930954;0.4617788196;2.336778879;
64.68582153;100;80;82.44991302;0;0;30.34931564;0.4645693302;2.33956933;
64.58464813;100;80;80.7250061;0;0;30.44931793;0.4671424627;2.342142582;
64.47521973;100;80;78.85940552;0;0;30.54932594;0.4699269235;2.344926834;
64.37437439;100;80;77.14011383;0;0;30.64933014;0.4724949598;2.347494841;
64.26530457;100;80;75.28059387;0;0;30.74933243;0.475273639;2.350273609;
64.16480255;100;80;73.56690979;0;0;30.84933853;0.4778353572;2.352835417;
64.0561142;100;80;71.71343994;0;0;30.94936371;0.4806080759;2.355607986;
63.95593262;100;80;70.00534058;0;0;31.04934692;0.4831647575;2.358164787;
63.84759521;100;80;68.15790558;0;0;31.14935112;0.4859310389;2.360931158;
63.74775696;100;80;66.45536804;0;0;31.24935532;0.488482058;2.363481998;
63.63980103;100;80;64.61396027;0;0;31.34935951;0.4912428558;2.366242886;
63.54027176;100;80;62.91697311;0;0;31.44936371;0.4937890172;2.368788958;
63.43266296;100;80;61.08156586;0;0;31.54937935;0.496543467;2.371543407;
63.33347702;100;80;59.3901062;0;0;31.6493721;0.4990832806;2.374083281;
63.22622299;100;80;57.56068039;0;0;31.74938583;0.5018323064;2.376832247;
63.12737274;100;80;55.87473297;0;0;31.84941101;0.5043669343;2.379366875;
63.02047729;100;80;54.05126953;0;0;31.94938278;0.5071100593;2.382110119;
62.92194366;100;80;52.37081909;0;0;32.04940033;0.5096390843;2.384639025;
62.81540298;100;80;50.55330276;0;0;32.14939117;0.5123762488;2.387376308;
62.71719742;100;80;48.87833405;0;0;32.24940491;0.5149004459;2.389900446;
62.61101532;100;80;47.06674576;0;0;32.34939957;0.5176311731;2.392631292;
62.51311874;100;80;45.3972435;0;0;32.44940567;0.5201496482;2.395149708;
62.4072876;100;80;43.59156799;0;0;32.54940796;0.5228751898;2.397875309;
62.30973434;100;80;41.92751312;0;0;32.64941406;0.5253880024;2.400388002;
62.20423126;100;80;40.12773895;0;0;32.74945068;0.5281075835;2.403107643;
62.10700226;100;80;38.46912384;0;0;32.84943008;0.5306152701;2.40561533;
62.00183105;100;80;36.67523193;0;0;32.94942856;0.5333291888;2.408329248;
61.90492249;100;80;35.02204514;0;0;33.04943466;0.5358312726;2.410831213;
61.80012894;100;80;33.23402786;0;0;33.14943695;0.5385394096;2.41353941;
61.70352936;100;80;31.58625793;0;0;33.24943924;0.5410364866;2.416036367;
61.59906387;100;80;29.80410957;0;0;33.34944916;0.5437383652;2.418738365;
61.5027771;100;80;28.16175842;0;0;33.44945145;0.5462299585;2.421229839;
61.39866638;100;80;26.38547897;0;0;33.54945374;0.548926115;2.423926115;
61.30270767;100;80;24.74855042;0;0;33.64946747;0.5514127612;2.426412821;
61.19891357;100;80;22.97815514;0;0;33.74947357;0.5541031361;2.429103136;
61.10327148;100;80;21.34667015;0;0;33.84946442;0.5565845966;2.431584597;
60.99980927;100;80;19.58219337;0;0;33.94947052;0.559063077;2.434062958;
60.90449524;100;80;17.95620155;0;0;34.04947281;0.559063077;2.434062958;
60.80138016;100;80;16.1977272;0;0;34.14948654;0.559063077;2.434062958;
60.70643997;100;80;14.57734776;0;0;34.2494812;0.559063077;2.434062958;
60.65309906;100;80;12.92542267;0;0;34.34950256;0.559063077;2.434062958;
60.52280426;100;80;11.17550373;0;0;34.44952011;0.5326546431;2.407654762;
60.41545868;100;80;9.531493187;0;0;34.54950714;0.5326901078;2.407690048;
60.29693222;100;80;7.787817001;0;0;34.6495018;0.5329774022;2.407977343;
60.21047592;100;80;6.18454504;0;0;34.74950027;0.5332968235;2.408296824;
60.11281204;100;80;4.454835892;0;0;34.84951019;0.5337543488;2.408754349;
60.01925278;100;80;2.869839907;0;0;34.9495163;0.534239471;2.409239531;
59.9161377;80;60;1.210365057;0;0;35.04951859;0.5347851515;2.409785032;
59.82170868;80;60;638.680542;0;0;35.14952087;0.5352988243;2.410298824;
59.72081375;80;60;636.9525146;0;0;35.24952698;0.5358612537;2.410861254;
59.62770462;80;60;635.3599854;0;0;35.3495636;0.5363823175;2.411382198;
59.52648544;80;60;633.6375732;0;0;35.449543;0.5369480848;2.411948204;
59.43333054;80;60;632.0501709;0;0;35.54953766;0.5374708772;2.412470818;
59.33275604;80;60;630.333374;0;0;35.64954376;0.5380374193;2.413037539;
59.2400322;80;60;628.7511597;0;0;35.74955368;0.5385612249;2.413561344;
59.13968658;80;60;627.039917;0;0;35.84955597;0.5391293168;2.414129257;
59.04724884;80;60;625.4628906;0;0;35.94955826;0.5396534801;2.41465354;
58.94725418;80;60;623.7572021;0;0;36.04956055;0.540222466;2.415222406;
58.8551178;80;60;622.1853027;0;0;36.14956284;0.5407476425;2.415747643;
58.7554512;80;60;620.4851685;0;0;36.24958038;0.5413175821;2.416317463;
58.66360855;80;60;618.918396;0;0;36.34957886;0.5418443084;2.416844368;
58.56424332;80;60;617.2237549;0;0;36.44960785;0.5424156785;2.417415619;
58.47271347;80;60;615.6620483;0;0;36.54958344;0.5429430008;2.417943001;
58.37369919;80;60;613.9729614;0;0;36.64958572;0.5435154438;2.418515444;
58.28243637;80;60;612.4163818;0;0;36.74959183;0.5440437794;2.419043779;
58.18371582;80;60;610.7327881;0;0;36.84959793;0.5446168184;2.419616938;
58.09275818;80;60;609.1812134;0;0;36.94961929;0.5451464653;2.420146465;
57.99438095;80;60;607.5031128;0;0;37.04960632;0.5457206964;2.420720816;
57.90370178;80;60;605.956604;0;0;37.14960861;0.5462514758;2.421251535;
57.80561447;80;60;604.2839966;0;0;37.24964905;0.5468266606;2.421826601;
57.71524048;80;60;602.7424927;0;0;37.349617;0.5473579764;2.422358036;
57.61748886;80;60;601.0753174;0;0;37.44962311;0.5479344726;2.422934532;
57.52738953;80;60;599.5388794;0;0;37.54963684;0.5484673977;2.423467398;
57.42994308;80;60;597.8770752;0;0;37.6496315;0.5490446687;2.424044609;
57.34011459;80;60;596.3456421;0;0;37.74963379;0.5495778322;2.424577713;
57.24298096;80;60;594.68927;0;0;37.84964371;0.5501561165;2.425156116;
57.15346527;80;60;593.1627808;0;0;37.949646;0.5506907701;2.425690889;
57.05663681;80;60;591.5118408;0;0;38.04964828;0.5512703061;2.426270247;
56.9673996;80;60;589.9903564;0;0;38.14966583;0.5518058538;2.426805973;
56.87086487;80;60;588.3447266;0;0;38.24965668;0.5523864627;2.427386522;
56.68569183;80;60;585.1879272;0;0;38.44966507;0.553503871;2.428503752;
56.59701538;80;60;583.6763306;0;0;38.54967117;0.5540411472;2.429041147;
56.50109863;80;60;582.0414429;0;0;38.64971161;0.5546233654;2.429623365;
56.41270828;80;60;580.53479;0;0;38.74967957;0.555161953;2.430161953;
56.31711197;80;60;578.9052124;0;0;38.84968567;0.5557454824;2.430745363;
56.22898102;80;60;577.4034424;0;0;38.94968414;0.5562846065;2.431284666;
56.13366699;80;60;575.7791748;0;0;39.04969025;0.5568690896;2.43186903;
56.04584122;80;60;574.2822876;0;0;39.14973068;0.5574083924;2.432408333;
55.95084;80;60;572.663269;0;0;39.24969864;0.5579943657;2.432994366;
55.86326599;80;60;571.1712646;0;0;39.34970856;0.5585349798;2.433535099;
55.7685585;80;60;569.5575562;0;0;39.44970703;0.5591216683;2.434121609;
55.68127823;80;60;568.0704346;0;0;39.54971313;0.5596631765;2.434663296;
55.58641815;80;60;566.4619751;0;0;39.64972687;0.5602527857;2.435252666;
55.49986267;80;60;564.9796753;0;0;39.74972153;0.5607928038;2.435792685;
55.40572739;80;60;563.3764648;0;0;39.84973526;0.5613814592;2.436381578;
55.31900787;80;60;561.8989868;0;0;39.94972992;0.5619248152;2.436924934;
55.2252121;80;60;560.3010254;0;0;40.04973221;0.5625137687;2.437513828;
55.13871765;80;60;558.8283691;0;0;40.14973831;0.5630580783;2.438058138;
55.04519653;80;60;557.2355957;0;0;40.2497673;0.5636488199;2.438648701;
54.95901108;80;60;555.7600708;0;0;40.34976196;0.5641931891;2.439193249;
54.86532974;80;60;554.1725464;0;0;40.44976044;0.5647870302;2.439786911;
54.77939606;80;60;552.7094727;0;0;40.5497551;0.5653333664;2.440333366;
54.68645477;80;60;551.1270752;0;0;40.6497612;0.5659254789;2.44092536;
54.600811;80;60;549.6687622;0;0;40.74977875;0.5660850406;2.4410851;
54.50815201;80;60;548.0915527;0;0;40.84976959;0.5660850406;2.4410851;
54.42277527;80;60;546.6380005;0;0;40.94978333;0.5660850406;2.4410851;
54.34071732;80;60;545.1565552;0;0;41.04981232;0.5660850406;2.4410851;
54.28588486;80;60;543.5856323;0;0;41.1497879;0.5660850406;2.4410851;
54.17082214;80;60;542.1393433;0;0;41.24982834;0.4092091918;2.284209251;
54.06376648;80;60;540.5452271;0;0;41.34980774;0.4120790958;2.287079096;
53.97238159;80;60;539.1017456;0;0;41.44980621;0.4148296416;2.289829731;
53.88658524;80;60;537.5428467;0;0;41.54980087;0.4178737402;2.292873859;
53.80473328;80;60;536.1063232;0;0;41.64980316;0.4207736254;2.295773745;
53.71383286;80;60;534.5519409;0;0;41.74980545;0.4239574969;2.298957586;
53.62838364;80;60;533.1196289;0;0;41.84981155;0.4269010425;2.301901102;
53.53655624;80;60;531.5705566;0;0;41.94984055;0.4300910532;2.305091143;
53.45298767;80;60;530.1429443;0;0;42.04983521;0.4330351055;2.308035135;
53.36240387;80;60;528.598877;0;0;42.14982986;0.4362200797;2.311220169;
53.27851868;80;60;527.1759033;0;0;42.24983215;0.4391561449;2.314156055;
53.18787384;80;60;525.755188;0;0;42.34986877;0.4423337281;2.317333698;
53.10450363;80;60;524.2185669;0;0;42.44984055;0.4452632368;2.320263147;
53.01430511;80;60;522.6845703;0;0;42.54984283;0.4484322071;2.323432207;
52.93110275;80;60;521.270874;0;0;42.64985275;0.4513536394;2.32635355;
52.84113312;80;60;519.7418823;0;0;42.74985123;0.4545157254;2.329515696;
52.75823212;80;60;518.3327637;0;0;42.84985352;0.4574308395;2.33243084;
52.6685524;80;60;516.8087769;0;0;42.94986725;0.4605848789;2.335584879;
52.58589935;80;60;515.4042969;0;0;43.04986572;0.4634926915;2.338492632;
52.49648666;80;60;513.8852539;0;0;43.14986801;0.4666390717;2.341639042;
52.41408157;80;60;512.4853516;0;0;43.24987411;0.46954;2.344540119;
52.3249588;80;60;510.9713135;0;0;43.34988785;0.4726784825;2.347678423;
52.24282074;80;60;509.5759888;0;0;43.44987869;0.4755724072;2.350572348;
52.15483093;80;60;508.066864;0;0;43.5498848;0.4786739647;2.353673935;
52.07292557;80;60;506.6906128;0;0;43.64989471;0.4815612733;2.356561184;
51.98433304;80;60;505.1864014;0;0;43.74992371;0.4846844375;2.359684467;
51.90270233;80;60;503.8001709;0;0;43.84991074;0.4875644147;2.362564325;
51.81439972;80;60;502.3008728;0;0;43.94992828;0.4906810522;2.365680933;
51.73300171;80;60;500.9191589;0;0;44.04891205;0.4935539365;2.368553877;
51.64496613;80;60;499.4247742;0;0;44.14896011;0.4966628253;2.371662855;
51.56381607;80;60;498.0476074;0;0;44.24891663;0.4995289743;2.374528885;
51.4760437;80;60;496.558075;0;0;44.34892273;0.5026304722;2.377630472;
51.39514923;80;60;495.1854248;0;0;44.44895172;0.505489707;2.380489826;
51.30764389;80;60;493.7007751;0;0;44.54895401;0.5085834861;2.383583546;
51.22699738;80;60;492.3325806;0;0;44.6489296;0.5114359856;2.386435986;
51.13976288;80;60;490.8528137;0;0;44.7489357;0.514522016;2.389522076;
51.05935669;80;60;489.4891052;0;0;44.84894943;0.5173678398;2.39236784;
50.97238922;80;60;488.0141907;0;0;44.94894409;0.5204470158;2.395447016;
50.89222717;80;60;486.6549377;0;0;45.04898071;0.5232854486;2.398285389;
50.80553055;80;60;485.1848145;0;0;45.1489563;0.5263566375;2.401356697;
50.72561264;80;60;483.8300476;0;0;45.24898529;0.529188633;2.404188633;
50.63916016;80;60;482.3647461;0;0;45.34898758;0.5322526693;2.407252789;
50.55948257;80;60;481.0143738;0;0;45.44896698;0.5350778699;2.41007781;
50.47331619;80;60;479.553894;0;0;45.54898071;0.5381346941;2.413134813;
50.39387894;80;60;478.2079468;0;0;45.64898682;0.5409527421;2.415952682;
50.3079567;80;60;476.7522583;0;0;45.74897766;0.5440019965;2.419002056;
50.22877502;80;60;475.4107056;0;0;45.84898758;0.5468134284;2.421813488;
50.14329147;80;60;473.9597778;0;0;45.94900513;0.549855113;2.424855232;
50.06475449;80;60;472.6226501;0;0;46.04899597;0.5526596308;2.42765975;
49.98012543;80;60;471.1764526;0;0;46.14899826;0.5556941032;2.430694103;
49.90235901;80;60;469.8436584;0;0;46.24901581;0.5584920645;2.433492184;
49.81854248;80;60;468.4021301;0;0;46.34901428;0.5615196824;2.436519623;
49.74156952;80;60;467.0736694;0;0;46.44901276;0.5643104911;2.439310551;
49.65858459;80;60;465.6368103;0;0;46.54904938;0.5673311949;2.442331076;
49.58235931;80;60;464.3125916;0;0;46.64904404;0.5701158047;2.445115805;
49.50018692;80;60;462.8803101;0;0;46.74902725;0.5731287599;2.4481287;
49.42472839;80;60;461.5603333;0;0;46.84902954;0.57590729;2.45090723;
49.34338379;80;60;460.1325989;0;0;46.94903183;0.5789132118;2.453913212;
49.26863861;80;60;458.816803;0;0;47.04904938;0.5816854835;2.456685543;
49.18808746;80;60;457.3935852;0;0;47.14904022;0.5846846104;2.45968461;
49.11410141;80;60;456.0819397;0;0;47.24906921;0.5874505639;2.462450504;
49.03436279;80;60;454.6631775;0;0;47.34906006;0.5904435515;2.465443611;
48.96108627;80;60;453.3556213;0;0;47.4490509;0.593203187;2.468203306;
48.88210678;80;60;451.9412842;0;0;47.54905701;0.5961890817;2.471189022;
48.80957031;80;60;450.6377869;0;0;47.64907074;0.5989429951;2.473942995;
48.73139191;80;60;449.2278442;0;0;47.7490654;0.6019226313;2.476922512;
48.65956116;80;60;447.9283447;0;0;47.84907532;0.6046698689;2.479669809;
48.58213043;80;60;446.5227356;0;0;47.94908524;0.6076433659;2.482643366;
48.51103592;80;60;445.2272339;0;0;48.0490799;0.6103848815;2.485384941;
48.43436432;80;60;443.8258972;0;0;48.149086;0.6133522391;2.488352299;
48.36394882;80;60;442.5343323;0;0;48.24908829;0.6160882711;2.491088152;
48.28805161;80;60;441.1372681;0;0;48.34912109;0.6190493703;2.494049311;
48.21832275;80;60;439.8495789;0;0;48.44909668;0.6217790842;2.496779203;
48.14315796;80;60;438.4567261;0;0;48.54910278;0.6247339845;2.499733925;
48.07413101;80;60;437.1729126;0;0;48.6491127;0.6274585724;2.502458572;
47.99970627;80;60;435.7842102;0;0;48.74913025;0.6304070354;2.505407095;
