sep=;
unknown1; unknown2; currentSpeed; currentLimit; nextLimit; distance; gaspedal; brakepedal; timestamp

0.2336151004;100;80;900;0;0;0.05000754446;-1.642863572e-005;1.874983549;0.3158817291;100;80;512.0546265;0;0;0.0999955833;-1.99678816e-005;1.874979973;
0.4081807435;100;80;512.050415;0;0;0.1500359774;-2.007488365e-005;1.874979973;
0.5605966449;100;80;512.0379639;0;0;0.2500053942;-1.447194245e-005;1.874985576;
0.7172920704;100;80;512.0230103;0;0;0.3500076532;-1.183225049e-005;1.874988198;
0.8543290496;100;80;512.0028076;0;0;0.4500145316;-1.519959369e-005;1.874984741;
0.9987045527;100;80;511.9801636;0;0;0.5500198603;-1.791088107e-005;1.874982119;
1.128767848;100;80;511.9515991;0;0;0.6500544548;-1.936085937e-005;1.874980688;
1.265737414;100;80;511.9216003;0;0;0.7500238419;-2.034164572e-005;1.874979615;
1.38899827;100;80;511.8852844;0;0;0.8500312567;-2.214410597e-005;1.874977827;
1.519126415;100;80;511.8482971;0;0;0.9500330091;-2.446369945e-005;1.874975562;
1.636083603;100;80;511.8046265;0;0;1.050032735;-2.617702012e-005;1.874973774;
1.759654641;100;80;511.7610168;0;0;1.15003705;-2.896907608e-005;1.874971032;
1.870815277;100;80;511.7103882;0;0;1.250046492;-3.142412243e-005;1.874968529;
1.988143444;100;80;511.6605225;0;0;1.350050211;-3.434691098e-005;1.874965668;
2.093666553;100;80;511.603241;0;0;1.450048447;-3.71815695e-005;1.874962807;
2.205122232;100;80;511.5474243;0;0;1.550053239;-4.066965994e-005;1.87495935;
2.305315018;100;80;511.4838867;0;0;1.650057077;-4.461273056e-005;1.874955416;
2.410955191;100;80;511.4224243;0;0;1.750058293;-4.896350583e-005;1.874951005;
2.50595212;100;80;511.3529053;0;0;1.850088239;-5.334944217e-005;1.874946594;
2.606149435;100;80;511.2861023;0;0;1.95009613;-5.870476889e-005;1.874941349;
2.696086645;100;80;511.210968;0;0;2.050072193;-6.422414299e-005;1.874935746;
2.791006088;100;80;511.1390991;0;0;2.150094032;-7.08723237e-005;1.87492907;
2.876300335;100;80;511.0585938;0;0;2.250082254;-7.776522398e-005;1.874922276;
2.966149807;100;80;510.9819031;0;0;2.350086689;-8.588893979e-005;1.874914169;
3.046969652;100;80;510.8963318;0;0;2.450098276;-9.405314631e-005;1.874905944;
3.132151604;100;80;510.815094;0;0;2.550091743;-0.0001039620838;1.874896049;
3.208724737;100;80;510.7247314;0;0;2.650104284;-0.0001137998042;1.874886155;
3.28951025;100;80;510.6391602;0;0;2.750104427;-0.0001254948002;1.874874473;
3.362051487;100;80;510.5442505;0;0;2.850102186;-0.0001369915262;1.874863029;
3.438621998;100;80;510.4546204;0;0;2.950115204;-0.000150871987;1.874849081;
3.507375479;100;80;510.3553772;0;0;3.050111771;-0.0001645666052;1.874835491;
3.579907656;100;80;510.2618408;0;0;3.150126219;-0.0001804684725;1.874819517;
3.644996405;100;80;510.1585388;0;0;3.250119209;-0.000196298337;1.874803662;
3.713671923;100;80;510.0613403;0;0;3.350121498;-0.0002146908519;1.874785304;
3.775300503;100;80;509.9541626;0;0;3.450126886;-0.0002326926333;1.874767303;
3.86972332;100;80;509.7940369;0;0;3.600147486;-0.0002638038713;1.87473619;
3.927378416;100;80;509.6908569;0;0;3.700138569;-0.0002849533048;1.87471509;
3.988162518;100;80;509.5773315;0;0;3.800140142;-0.0003093275882;1.874690652;
4.042824268;100;80;509.4709778;0;0;3.900168657;-0.0003331417101;1.87466681;
4.100428581;100;80;509.3541565;0;0;4.000153065;-0.000360413047;1.87463963;
4.15224123;100;80;509.244812;0;0;4.10016489;-0.0003870780929;1.874612927;
4.206880093;100;80;509.1248169;0;0;4.200164795;-0.00041738039;1.874582648;
4.256025314;100;80;509.0126343;0;0;4.300180435;-0.0004470061685;1.874552965;
4.307854652;100;80;508.8896484;0;0;4.400166035;-0.0004805602948;1.874519467;
4.354437828;100;80;508.7747803;0.007812738419;0;4.500169754;-0.0005132716615;1.874486685;
4.405642509;100;80;508.6489258;0.04687643051;0;4.600171566;-0.0005502219428;1.87444973;
4.462923527;100;80;508.5314331;0.1015655994;0;4.70018816;-0.0005860889214;1.874413967;
4.547152042;100;80;508.4023438;0.187505722;0;4.800200462;-0.0006271808525;1.87437284;
4.655902863;100;80;508.2809448;0.2500076294;0;4.900185108;-0.0006670936127;1.874332905;
4.825446606;100;80;508.1460571;0.3203222752;0;5.000190258;-0.0007134370389;1.874286532;
5.049436092;100;80;508.0170593;0.3750114441;0;5.100192547;-0.0007595980424;1.874240398;
5.387702942;100;80;507.8703308;0.4140751362;0;5.200192928;-0.0008145262836;1.874185443;
5.794364929;100;80;507.7260132;0.4453260899;0;5.300222397;-0.0008711396367;1.874128819;
6.33589983;100;80;507.5572815;0.4687643051;0;5.400207996;-0.0009403381264;1.874059677;
6.912464142;100;80;507.3875732;0.4687643051;0;5.500206947;-0.001012806781;1.873987198;
7.595798016;100;80;507.1863708;0.484389782;0;5.600212097;-0.001102314447;1.873897672;
8.261457443;100;80;506.9831848;0.484389782;0;5.700214386;-0.00119643996;1.873803616;
8.999035835;100;80;506.7431641;0.484389782;0;5.800238132;-0.001312041306;1.873687983;
9.683590889;100;80;506.5028076;0.484389782;0;5.900222301;-0.001432532445;1.873567462;
10.42581367;100;80;506.22052;0.484389782;0;6.000234127;-0.001579648117;1.873420358;
11.10324574;100;80;505.9437561;0.5156407356;0;6.100232124;-0.001730725402;1.87326932;
11.87175655;100;80;505.6218872;0.5937681198;0;6.200242043;-0.001913169166;1.87308681;
12.67212486;100;80;505.3048401;0.6640827656;0;6.300237179;-0.002104065148;1.872895956;
13.67417526;100;80;504.9351196;0.7187719345;0;6.400243759;-0.002334144199;1.872665882;
14.75914001;100;80;504.5692139;0.7968993187;0;6.500256062;-0.002578676911;1.872421265;
16.16682816;100;80;504.1398621;0.8136799335;0;6.60025692;-0.002875567414;1.872124434;
17.57145691;100;80;503.7069702;0.8000000119;0;6.700255394;-0.003177957376;1.871822;
19.05994415;100;80;503.196167;0.8221329451;0;6.800260544;-0.003563125851;1.871436834;
20.17523384;100;80;502.6879272;0.8993970156;0;6.900259018;-0.003983321134;1.871016622;
21.18891907;100;80;502.105072;0.9609668255;0;7.000279903;-0.004484072328;1.870515943;
21.97794533;100;80;501.5411377;0.9609668255;0;7.100266457;-0.004986715503;1.870013237;
22.83898926;100;80;500.9058838;0.9609668255;0;7.200283527;-0.005576825701;1.869423151;
23.64032745;100;80;500.296936;0.9609668255;0;7.300282001;-0.006172086578;1.868827939;
24.51176453;100;80;499.6130371;0.9609668255;0;7.400295258;-0.006873370614;1.868126631;
25.32923126;100;80;498.9594116;0.9765923023;0;7.500301838;-0.007576076314;1.867423892;
26.22944641;100;80;498.2265625;0.9765923023;0;7.600286007;-0.008403681219;1.866596341;
27.0530014;100;80;497.526947;0.9609668255;0;7.700288773;-0.009227291681;1.865772724;
27.95301247;100;80;496.7443237;0.9609668255;0;7.80030632;-0.01018926408;1.864810705;
28.8119545;100;80;495.9986877;0.9765923023;0;7.90031147;-0.01114790794;1.863852143;
29.77751541;100;80;495.1649475;0.8865196705;0;8.000301361;-0.01226667594;1.862733364;
30.6680603;100;80;494.3703003;0.8000000119;0;8.100309372;-0.01337768883;1.861622334;
31.44379044;100;80;493.483551;0.814889431;0;8.200344086;-0.01466304436;1.8603369;
32.09176254;100;80;492.6457214;0.8921535015;0;8.30031395;-0.01592342369;1.859076619;
32.76506424;100;80;491.7181702;0.9609668255;0;8.40032196;-0.01737583801;1.857624173;
33.29737854;100;80;490.8448181;0.9609668255;0;8.500326157;-0.01879617013;1.856203794;
33.87272644;100;80;489.8827515;0.9609668255;0;8.600333214;-0.02042283863;1.854577184;
34.40747833;100;80;488.9796143;0.9609668255;0;8.700393677;-0.02201011218;1.852989912;
34.98822021;100;80;487.9849854;0.9609668255;0;8.800333977;-0.02382805571;1.85117197;
35.52495956;100;80;487.052002;0.9609668255;0;8.900341988;-0.02559680678;1.849403143;
36.10801697;100;80;486.0250854;0.9609668255;0;9.000339508;-0.0276184231;1.847381592;36.37767029;
36.64769745;100;80;485.0621643;0.9609668255;0;9.100354195;-0.02958147228;1.845418572;
37.23383331;100;80;484.0027466;0.9609668255;0;9.200358391;-0.03181831166;1.843181729;
37.77627563;100;80;483.0097656;0.9609668255;0;9.30036068;-0.03398819268;1.841011763;
38.36524582;100;80;481.9177246;0.9609668255;0;9.400405884;-0.0364548564;1.838545084;
38.91041183;100;80;480.8945313;0.9609668255;0;9.500359535;-0.03884262964;1.836157322;
39.50240707;100;80;479.7697144;0.9609668255;0;9.600391388;-0.04155166075;1.833448291;
40.05015945;100;80;478.716217;0.9609668255;0;9.700391769;-0.0441708602;1.830829144;
40.64527893;100;80;477.5584106;0.9609668255;0;9.800372124;-0.04713616893;1.827863812;
41.19565582;100;80;476.4744568;0.9609668255;0;9.900379181;-0.04999662191;1.825003386;
41.7951889;100;80;475.2835693;0.9609668255;0;10.00040436;-0.05323444679;1.821765542;
42.35237885;100;80;474.1688843;0.9609668255;0;10.10041046;-0.05635032803;1.81864965;
42.96006393;100;80;472.9445801;0.9609668255;0;10.20039272;-0.05987359956;1.815126419;
43.52455521;100;80;471.7988281;0.9609668255;0;10.30039215;-0.06326118857;1.811738849;
44.14028931;100;80;470.5406189;0.9609668255;0;10.40041542;-0.06708292663;1.807917118;
44.71246338;100;80;469.3634033;0.9609668255;0;10.50041389;-0.07075495273;1.804244995;
45.33651733;100;80;468.0708618;0.9609668255;0;10.60040951;-0.07489356399;1.800106406;
45.9289093;100;80;466.8617554;0.8000000119;0;10.70044327;-0.07886523753;1.79613471;
46.4733696;100;80;465.5342712;0.8000000119;0;10.80043888;-0.08333092928;1.79166913;
46.92300034;100;80;464.2952576;0.8519117832;0;10.90041733;-0.08759892732;1.78740108;
47.40951538;100;80;462.9393921;0.9356145263;0;11.00042629;-0.09238347411;1.782616496;
47.83308411;100;80;461.6751099;0.9609668255;0;11.10042763;-0.09695595503;1.778044105;
48.26260757;100;80;460.2929993;0.9609668255;0;11.20043278;-0.1020740867;1.772925854;
48.66058731;100;80;459.006134;0.9609668255;0;11.30046749;-0.1069562659;1.768043756;
49.09318924;100;80;457.599884;0.9609668255;0;11.40043354;-0.1124223992;1.762577653;
49.49245453;100;80;456.290741;0.9609668255;0;11.50043678;-0.1176320091;1.757367969;
49.92531967;100;80;454.8604736;0.9609668255;0;11.60045815;-0.1234559938;1.751543999;
50.32543564;100;80;453.5291138;0.9609668255;0;11.70047283;-0.1290046573;1.745995402;
50.7593956;100;80;452.0747375;0.9609668255;0;11.80046272;-0.1352031678;1.739796877;
51.16048431;100;80;450.7210999;0.9609668255;0;11.90045834;-0.1411018819;1.733898163;
51.59534454;100;80;449.2426147;0.9609668255;0;12.00046349;-0.1476861089;1.727313876;
51.99726868;100;80;447.8666687;0.9609668255;0;12.10046196;-0.1539450735;1.721054912;
52.43930817;100;80;446.3639832;0.9765923023;0;12.20047188;-0.1609262973;1.714073658;
52.84723663;100;80;444.9655151;0.9609668255;0;12.30047321;-0.1675578952;1.707442164;
53.28369904;100;80;443.4382935;0.9609668255;0;12.40050125;-0.1749517918;1.700048208;
53.68723679;100;80;442.017334;0.9609668255;0;12.50047493;-0.1819667816;1.693033218;
54.12520599;100;80;440.4658203;0.9609668255;0;12.60050106;-0.1897812933;1.685218692;
54.52978134;100;80;439.0224304;0.9609668255;0;12.70049286;-0.1971917897;1.677808166;
54.9683609;100;80;437.4465942;0.9609668255;0;12.80050945;-0.2054401487;1.669559836;
55.37389374;100;80;435.9807129;0.9609668255;0;12.9005003;-0.2132580727;1.661741972;
55.81465912;100;80;434.3804626;0.9609668255;0;13.00050354;-0.2219534218;1.653046608;
56.22291183;100;80;432.8920288;0.9609668255;0;13.10050392;-0.2301891446;1.644810915;
56.66834259;100;80;431.2672424;0.9609668255;0;13.20051765;-0.239346087;1.635653853;
57.07936096;100;80;429.756012;0.9609668255;0;13.30050659;-0.2480145991;1.626985431;
57.5261879;100;80;428.1065063;0.9609668255;0;13.40051746;-0.2576425672;1.617357492;
57.94010162;100;80;426.5724182;0.9609668255;0;13.50051975;-0.2667540312;1.608245969;
58.3900528;100;80;424.8980408;0.9609668255;0;13.60053349;-0.2768694162;1.598130584;
58.80681229;100;80;423.3409119;0.9609668255;0;13.70053196;-0.2864369452;1.588563085;
59.25986862;100;80;421.6414795;0.9609668255;0;13.80053139;-0.2970525622;1.577947378;
59.67940903;100;80;420.0611572;0.9609668255;0;13.90053463;-0.3070870638;1.567912936;
60.13563919;100;80;418.3365173;0.9609668255;0;14.00055313;-0.3182163835;1.556783557;
60.55814362;100;80;416.7328491;0.9609668255;0;14.1005373;-0.328732729;1.546267271;
61.01741409;100;80;414.9828491;0.9609668255;0;14.20054817;-0.3403894007;1.534610629;
61.45039749;100;80;413.3556213;0.8000000119;0;14.30054855;-0.3513995707;1.523600459;
61.84024811;100;80;411.5799561;0.8000000119;0;14.40054989;-0.363591373;1.511408687;
62.16137314;100;80;409.9311829;0.8615698218;0;14.50055313;-0.3750806451;1.499919415;
62.50790024;100;80;408.1352539;0.9452725649;0;14.60055733;-0.3877843022;1.487215638;
62.80337143;100;80;406.4684448;0.9609668255;0;14.70056915;-0.3997550905;1.47524488;
63.10460281;100;80;404.6540222;0.9609668255;0;14.80057526;-0.4129842818;1.462015748;
63.38358688;100;80;402.9713745;0.9609668255;0;14.90058041;-0.4254423678;1.449557662;
63.68645477;100;80;401.1400146;0.9609668255;0;15.00058746;-0.4392114878;1.435788512;
63.96585464;100;80;399.4417725;0.9609668255;0;15.10058689;-0.4521752596;1.42282474;
64.26834869;100;80;397.5936279;0.9609668255;0;15.20058537;-0.4664992988;1.408500671;
64.54762268;100;80;395.8798523;0.9609668255;0;15.30060863;-0.4799802601;1.39501977;
64.85042572;100;80;394.0148315;0.9609668255;0;15.40059662;-0.4948687255;1.380131245;
65.12997437;100;80;392.285553;0.9609668255;0;15.50061989;-0.5088771582;1.366122842;
65.4327774;100;80;390.403717;0.9609668255;0;15.60063076;-0.5243419409;1.350658059;
65.71240997;100;80;388.6588745;0.9609668255;0;15.7006073;-0.5388851762;1.336114883;
66.01542664;100;80;386.7602234;0.9609668255;0;15.8006115;-0.5549355745;1.320064425;
66.29516602;100;80;384.9998779;0.9609668255;0;15.90060997;-0.570025444;1.304974556;
66.59827423;100;80;383.0843811;0.9609668255;0;16.00061035;-0.5866702199;1.28832972;
66.87809753;100;80;381.3084717;0.9609668255;0;16.10064697;-0.6023147702;1.272685289;
67.18132782;100;80;379.3761597;0.9609668255;0;16.20062828;-0.6195653677;1.255434632;
67.48168945;100;80;377.5847168;0.9609668255;0;16.30062294;-0.6369655728;1.238034368;
67.76171875;100;80;375.6543579;0.9609668255;0;16.40063095;-0.6534665227;1.221533418;
68.06508636;100;80;373.8474121;0.9609668255;0;16.50063324;-0.6716544032;1.203345537;
68.34520721;100;80;371.8815002;0.9609668255;0;16.60064507;-0.6887328029;1.186267257;
68.6244812;100;80;370.0590515;0.9375286102;0;16.699646;-0.7060928941;1.168907166;
68.9151535;100;80;368.0763245;0.9219031334;0;16.79964638;-0.7252156734;1.149784327;
69.17939758;100;80;366.2387085;0.9062776566;0;16.89964867;-0.743160069;1.131839871;
69.44814301;100;80;364.2400208;0.7968993187;0;16.99968719;-0.7629182935;1.112081647;
69.65788269;100;80;362.3883057;0.7422101498;0;17.09965706;-0.7814444304;1.09355557;
69.86991882;100;80;360.3760071;0.7578356266;0;17.19965744;-0.8018206954;1.073179364;
70.06925964;100;80;358.5130005;0.7578356266;0;17.29966927;-0.8209199905;1.054080009;
70.28289032;100;80;356.488678;0.7422101498;0;17.39966774;-0.8419289589;1.033071041;
70.47545624;100;80;354.6146545;0.7422101498;0;17.49967575;-0.8616167903;1.01338315;
70.68032837;100;80;352.5786438;0.6797082424;0;17.59967995;-0.8832705021;0.9917294979;
70.84143829;100;80;350.6940613;0.4453260899;0;17.69968033;-0.903552115;0.971447885;
70.94651794;100;80;348.6477661;0.335947752;0;17.79968071;-0.9258311391;0.9491688609;
71.00810242;100;80;346.7562866;0.335947752;0;17.89968681;-0.9466654658;0.9283345342;
71.06257629;100;80;344.7052612;0.335947752;0;17.99969101;-0.9695318341;0.9054681659;
71.10508728;100;80;342.8105774;0.335947752;0;18.09970284;-0.990916729;0.884083271;
71.12957764;100;80;340.7567444;0.335947752;0;18.1996994;-1.014384866;0.8606151342;
71.14885712;100;80;338.860321;0.3515732288;0;18.29970169;-1.036326885;0.8386731148;
71.17152405;100;80;336.8051758;0.3515732288;0;18.3997097;-1.060405374;0.8145946264;
71.19299316;100;80;334.9075317;0.3515732288;0;18.49971199;-1.082918048;0.7920818925;
71.21606445;100;80;332.8511047;0.3515732288;0;18.59972;-1.107619524;0.7673805356;
71.23721313;100;80;330.95224;0.3515732288;0;18.69971466;-1.130711079;0.7442889214;
71.26014709;100;80;328.8945313;0.3515732288;0;18.79973602;-1.156040311;0.7189596891;
71.28135681;100;80;326.9945068;0.3515732288;0;18.89972878;-1.179711223;0.6952887177;
71.30461121;100;80;324.9355469;0.3593859673;0;18.99972725;-1.205670118;0.6693299413;
71.3283844;100;80;323.0343323;0.3750114441;0;19.09973145;-1.229924202;0.6450758576;
71.35996246;100;80;320.973999;0.4062623978;0;19.19973564;-1.255616307;0.6193836927;
71.40102386;100;80;318.9820557;0.4609515667;0;19.29976273;-1.282532215;0.5924678445;
71.4511261;100;80;317.0782776;0.4687643051;0;19.39974213;-1.307676315;0.5673236847;
71.51036835;100;80;315.0143127;0.4687643051;0;19.49976349;-1.335243344;0.5397566557;
71.56524658;100;80;313.1076355;0.4687643051;0;19.59975815;-1.360991478;0.5140085816;
71.62442017;100;80;311.0404358;0.4609515667;0;19.69976807;-1.389211178;0.4857887626;
71.67742157;100;80;309.1307678;0.4609515667;0;19.79975891;-1.4155581;0.4594419301;
71.73496246;100;80;307.0603638;0.4687643051;0;19.89977264;-1.444425821;0.4305741489;
71.79035187;100;80;305.1477661;0.484389782;0;19.9997654;-1.47137332;0.4036266804;
71.8514328;100;80;303.0741272;0.484389782;0;20.09976959;-1.500889897;0.374110043;
71.90864563;100;80;301.1584167;0.4687643051;0;20.1997757;-1.528240085;0.3467599452;
71.96742249;100;80;299.0813599;0.484389782;0;20.29978561;-1.557373643;0.3176263571;
72.02147675;100;80;297.1625671;0.484389782;0;20.39978027;-1.582305789;0.292694211;
72.08272552;100;80;295.0821533;0.5000152588;0;20.49979401;-1.603279948;0.2717199922;
72.14067078;100;80;293.1600342;0.5000152588;0;20.5997982;-1.613684535;0.2613155246;
72.20711517;100;80;291.0758972;0.5156407356;0;20.69979477;-1.613319397;0.2616806328;
72.27170563;100;80;289.1502991;0.523453474;0;20.79979897;-1.601605654;0.2733944058;
72.34352112;100;80;287.0622864;0.523453474;0;20.89980507;-1.576821089;0.2981788516;
72.41126251;100;80;285.1331482;0.523453474;0;20.99981308;-1.543528318;0.3314716518;
72.48604584;100;80;283.0413208;0.523453474;0;21.09980965;-1.497344851;0.3776551187;
72.55767822;100;80;281.1086731;0.5390789509;0;21.19981575;-1.447045207;0.4279548228;
72.63695526;100;80;279.0129395;0.523453474;0;21.29982758;-1.386787772;0.4882122576;
72.70944214;100;80;277.0765076;0.5390789509;0;21.39982414;-1.328162789;0.5468372703;
72.78975677;100;80;274.9766235;0.523453474;0;21.49982643;-1.263864875;0.6111350656;
72.86239624;100;80;273.0361938;0.5390789509;0;21.59982681;-1.205431461;0.6695685983;
72.94226074;100;80;270.9318237;0.5390789509;0;21.69983101;-1.144102097;0.7308979034;
73.0160675;100;80;268.9872437;0.5390789509;0;21.79984283;-1.090073109;0.7849268317;
73.09439087;100;80;266.8783264;0.523453474;0;21.89984322;-1.034955025;0.8400449753;
73.16470337;100;80;264.9295959;0.5390789509;0;21.9998436;-0.9874819517;0.8875180483;
73.24384308;100;80;262.8162537;0.5390789509;0;22.09986496;-0.9399192929;0.9350807071;
73.31733704;100;80;260.8633728;0.5390789509;0;22.1998806;-0.8996796012;0.9753203988;
73.39689636;100;80;258.7454834;0.5390789509;0;22.29985619;-0.8600847125;1.014915347;
73.47054291;100;80;256.7883911;0.5390789509;0;22.39986801;-0.8271381259;1.047861934;
73.55037689;100;80;254.6659851;0.5390789509;0;22.49986267;-0.7951707244;1.079829335;
73.62395477;100;80;252.7047424;0.5390789509;0;22.59988213;-0.7684125304;1.10658741;
73.70371246;100;80;250.5778351;0.5390789509;0;22.69990158;-0.7417414188;1.133258581;
73.77661896;100;80;248.6124573;0.5390789509;0;22.79987526;-0.7189915776;1.156008482;
73.85436249;100;80;246.4811096;0.5390789509;0;22.89987755;-0.6961631775;1.178836823;
73.92699432;100;80;244.5117035;0.5390789509;0;22.99988174;-0.6766571403;1.198342919;
74.00653839;100;80;242.3759766;0.5390789509;0;23.09988976;-0.6571632624;1.217836738;
74.08030701;100;80;240.4024963;0.5547044277;0;23.1999073;-0.6406559944;1.234344006;
74.16716766;100;80;238.2622986;0.578142643;0;23.29989624;-0.6243690252;1.250630975;
74.25373077;100;80;236.2845001;0.6328318119;0;23.39993477;-0.6108014584;1.264198542;
74.36436462;100;80;234.1392212;0.6797082424;0;23.49990273;-0.5976892114;1.277310729;
74.47812653;100;80;232.1560822;0.6797082424;0;23.59990692;-0.5870471597;1.287952781;
74.60257721;100;80;230.0042877;0.6484572887;0;23.69994164;-0.5770964622;1.297903538;
74.70937347;100;80;228.0148621;0.6484572887;0;23.79991722;-0.5693647265;1.305635333;
74.82361603;100;80;225.8564606;0.6328318119;0;23.89998055;-0.5625598431;1.312440157;
74.90440369;100;80;223.8611603;0.2500076294;0;23.99992752;-0.5577364564;1.317263603;
74.87749481;100;80;221.697464;0;0;24.09992981;-0.5541064739;1.320893526;
74.77633667;100;80;219.7011566;0;0;24.19994164;-0.5522294044;1.322770596;
74.64897156;100;80;217.5414886;0;0;24.29993629;-0.5518263578;1.323173642;
74.53198242;100;80;215.5510101;0;0;24.3999424;-0.5529873967;1.322012663;
74.40539551;100;80;213.3981476;0;0;24.49993896;-0.5559167862;1.319083214;
74.28783417;100;80;211.4141388;0;0;24.59994507;-0.5601652861;1.314834714;
74.1606369;100;80;209.2682953;0;0;24.69994926;-0.5664432049;1.308556795;
74.04370117;100;80;207.2907715;0;0;24.79995346;-0.5737800002;1.30121994;
73.91727448;100;80;205.1519775;0;0;24.89995575;-0.5833924413;1.291607499;
73.80220032;100;80;203.180954;0.03125095367;0;24.99998474;-0.5937962532;1.281203747;
73.69687653;100;80;201.0490875;0.06250190735;0;25.09996223;-0.6067116261;1.268288374;
73.61988068;100;80;199.0838776;0.0859401226;0;25.19997597;-0.6200422049;1.254957795;
73.54842377;100;80;196.9571991;0.0859401226;0;25.29997253;-0.635818541;1.239181399;
73.48767853;100;80;194.9959869;0.1015655994;0;25.39999199;-0.6509517431;1.224048257;
73.42745209;100;80;192.8731689;0.1015655994;0;25.50000763;-0.666980803;1.208019137;
73.37554169;100;80;190.9151917;0.1171910763;0;25.59999275;-0.6809566617;1.194043279;
73.32311249;100;80;188.7956085;0.1328165531;0;25.6999855;-0.694886446;1.180113554;
73.27798462;100;80;186.8403931;0.1406292915;0;25.80000305;-0.7064646482;1.168535352;
73.2312088;100;80;184.7236023;0.1328165531;0;25.8999939;-0.717533946;1.157466054;
73.18772125;100;80;182.7708435;0.1328165531;0;26.00000191;-0.7265196443;1.148480296;
73.1410141;100;80;180.656662;0.1406292915;0;26.10004044;-0.7350597978;1.139940262;
73.09866333;100;80;178.7062836;0.1328165531;0;26.2000103;-0.7418960333;1.133103967;
73.05207825;100;80;176.5946655;0.1406292915;0;26.30002022;-0.748218894;1.126781106;
73.0098877;100;80;174.6466675;0.1406292915;0;26.40001678;-0.7530829906;1.121917009;
72.9644928;100;80;172.5375824;0.1406292915;0;26.50001717;-0.757319808;1.117680192;
72.92342377;100;80;170.5919037;0.1562547684;0;26.60002136;-0.760286212;1.114713788;
72.88607788;100;80;168.4853058;0.2109439373;0;26.7000885;-0.7624844909;1.112515569;
72.86521912;100;80;166.541687;0.2968840599;0;26.80004692;-0.7635819912;1.111418009;
72.86997223;100;80;164.4366302;0.3750114441;0;26.90003586;-0.7637636065;1.111236334;
72.895401;100;80;162.4933319;0.4140751362;0;27.00003624;-0.7630048394;1.111995101;
72.93896484;100;80;160.3873138;0.484389782;0;27.10005188;-0.761184752;1.113815188;
72.99794769;100;80;158.4421844;0.5390789509;0;27.20005417;-0.7585917115;1.116408348;
73.08006287;100;80;156.3331451;0.578142643;0;27.30005455;-0.7548009753;1.120198965;
73.17085266;100;80;154.3842316;0.6328318119;0;27.40006256;-0.7503988743;1.124601126;
73.28315735;100;80;152.2701569;0.6484572887;0;27.50005531;-0.7446597815;1.130340219;
73.39297485;100;80;150.3158417;0.6797082424;0;27.6000576;-0.7384716272;1.136528373;
73.51738739;100;80;148.1953735;0.6797082424;0;27.70006371;-0.7308051586;1.144194841;
73.63246918;100;80;146.234848;0.6797082424;0;27.80007172;-0.7228414416;1.152158618;
73.75696564;100;80;144.1074982;0.6797082424;0;27.90007782;-0.7132577896;1.16174221;
73.87190247;100;80;142.1406097;0.6797082424;0;28.00009155;-0.7036420703;1.17135787;
73.99624634;100;80;140.0063629;0.6797082424;0;28.1000824;-0.692577064;1.182422876;
74.10999298;100;80;138.0330963;0.6797082424;0;28.20014191;-0.6823993921;1.192600608;
74.23394012;100;80;135.891983;0.6797082424;0;28.3000927;-0.6726822257;1.202317715;
74.35082245;100;80;133.912384;0.6875209808;0;28.40008926;-0.6655120254;1.209487915;
74.48246002;100;80;131.7642975;0.7343974113;0;28.50009918;-0.6600673795;1.21493268;
74.61136627;100;80;129.7780609;0.7343974113;0;28.60010147;-0.6574210525;1.217578888;
74.75258636;100;80;127.6224442;0.7422101498;0;28.70010185;-0.65726614;1.21773386;
74.88309479;100;80;125.6290436;0.7343974113;0;28.80013084;-0.6596835256;1.215316534;
75.02415466;100;80;123.4656296;0.7343974113;0;28.90011406;-0.6650192142;1.209980845;
75.15454865;100;80;121.4650345;0.7343974113;0;29.00011635;-0.6723340154;1.202666044;
75.29581451;100;80;119.2938309;0.7422101498;0;29.10013199;-0.6822887659;1.192711234;
75.42800903;100;80;117.2860413;0.7422101498;0;29.20012856;-0.6923611164;1.182638884;
75.57206726;100;80;115.1069641;0.7578356266;0;29.30013275;-0.7035276294;1.17147243;
75.71169281;100;80;113.0918045;0.7734611034;0;29.40014267;-0.7137295604;1.16127038;
75.86235809;100;80;110.9045181;0.7578356266;0;29.50013542;-0.7244117856;1.150588155;
75.99907684;100;80;108.8816376;0.7578356266;0;29.60013962;-0.7338070869;1.141192913;
76.14648438;100;80;106.6860809;0.7422101498;0;29.70014191;-0.7434104681;1.131589532;
76.27893066;100;80;104.655632;0.7422101498;0;29.80015564;-0.7517091036;1.123290896;
76.42281342;100;80;102.4519958;0.7578356266;0;29.900177;-0.7600643039;1.114935637;
76.55870819;100;80;100.4141693;0.7578356266;0;30.00017357;-0.7671837807;1.107816219;
76.70656586;100;80;98.2024231;0.7422101498;0;30.10015488;-0.7742459178;1.100754023;
76.8421936;100;80;96.1570282;0.7734611034;0;30.20018578;-0.7801623344;1.094837666;
76.99287415;100;80;93.93709564;0.7578356266;0;30.30018997;-0.7859147191;1.08908534;
77.12944794;100;80;91.88405609;0.7578356266;0;30.40016747;-0.7906520963;1.084347963;
77.27610779;100;80;89.65583801;0.7734611034;0;30.50017738;-0.7952464819;1.079753518;
77.41573334;100;80;87.59525299;0.7734611034;0;30.60017586;-0.7992104292;1.075789571;
77.5681839;100;80;85.35874939;0.7734611034;0;30.70018578;-0.8037953377;1.071204662;
77.70888519;100;80;83.29039001;0.7890865803;0;30.80020714;-0.8087168932;1.066283107;
77.86554718;100;80;81.04545593;0.7968993187;0;30.90019226;-0.815035522;1.059964418;
78.01279449;100;80;78.96920013;0.7968993187;0;31.00019646;-0.8219286203;1.05307138;
78.17746735;100;80;76.71551514;0.8437757492;0;31.10019684;-0.8306424618;1.044357538;
78.34384155;100;80;74.63098907;0.9062776566;0;31.20021629;-0.8398807645;1.035119176;
78.54660797;100;80;72.3677063;0.9531540871;0;31.30021477;-0.8512129784;1.023787022;
78.74147797;100;80;70.27335358;0.9531540871;0;31.40021133;-0.8629143238;1.012085676;
78.9514389;100;80;67.98774719;0.9531540871;0;31.50024033;-0.8769335151;0.9980664849;
79.14497375;100;80;65.89372253;0.9531540871;0;31.60021973;-0.8911126852;0.9838873148;
79.3549118;100;80;63.60755539;0.9531540871;0;31.70022392;-0.9078196883;0.9671803117;
79.54868317;100;80;61.49193573;0.9531540871;0;31.8002224;-0.9244894385;0.9505105615;
79.7583313;100;80;59.19427109;0.9531540871;0;31.90024185;-0.9439063072;0.9310936928;
79.95275879;100;80;57.0569725;0.9609668255;0;32.00023651;-0.9630878568;0.9119121432;
80.16323853;100;80;54.7477951;0.9531540871;0;32.10023117;-0.98524189;0.88975811;
80.35658264;100;80;52.61096191;0.9531540871;0;32.20024109;-1.006965518;0.868034482;
80.56600189;100;80;50.29037857;0.9531540871;0;32.30024719;-1.031876683;0.8431232572;
80.76036835;100;80;48.14306641;0.9531540871;0;32.40024185;-1.056173563;0.818826437;
80.96979523;100;80;45.81115723;0.9531540871;0;32.50024796;-1.083479524;0.7915205359;
81.16288757;100;80;43.65343094;0.9531540871;0;32.60025406;-1.109148502;0.765851438;
81.37207031;100;80;41.31026077;0.9531540871;0;32.70025635;-1.136669397;0.7383306026;
81.5651474;100;80;39.14214325;0.9531540871;0;32.80027008;-1.161398053;0.7136019468;
81.77398682;100;80;36.78774643;0.9531540871;0;32.90029526;-1.187047243;0.6879526973;
81.96650696;100;80;34.60931396;0.9531540871;0;33.00027084;-1.209348321;0.665651679;
82.17485046;100;80;32.24380112;0.9531540871;0;33.10027695;-1.23118639;0.6438135505;
82.36700439;100;80;30.05515289;0.9531540871;0;33.20028687;-1.248311996;0.6266880035;
82.57511139;100;80;27.6786232;0.9531540871;0;33.30028152;-1.263054371;0.6119456887;
82.76708984;100;80;25.47989464;0.9531540871;0;33.40029526;-1.272840738;0.6021592617;
82.97646332;100;80;23.09261703;0.9609668255;0;33.5002861;-1.279076338;0.5959237218;
83.16921997;100;80;20.88416862;0.9531540871;0;33.60030746;-1.280767083;0.5942328572;
83.37746429;100;80;18.48674583;0.9531540871;0;33.70029449;-1.280408978;0.5945910215;
83.58361816;100;80;16.29266548;0.9531540871;0;33.80031967;-1.280408978;0.5945910215;
83.84226227;100;80;13.84062386;0.9531540871;0;33.90030289;-1.280408978;0.5945910215;
84.0151062;100;80;11.6152916;0.9531540871;0;34.00031662;-1.291065693;0.5839343667;
84.17829895;100;80;9.346843719;0.9609668255;0;34.10031128;-1.280826092;0.5941739678;
84.34159088;100;80;6.94301796;0.9531540871;0;34.19931412;-1.269329429;0.6056705713;
84.54819489;100;80;4.746332169;0.9609668255;0;34.29932785;-1.256170273;0.6188297868;
84.77085114;100;80;2.471054077;0.9531540871;0;34.39933014;-1.240158677;0.6348413229;
84.96205902;80;60;639.0634766;0.9531540871;0;34.49932861;-1.223850965;0.6511490345;
85.1648941;80;60;636.6088257;0.9531540871;0;34.59934998;-1.204602599;0.6703974605;
85.35649109;80;60;634.3378906;0.9531540871;0;34.69933701;-1.185413957;0.6895860434;
85.56695557;80;60;631.8718262;0.9531540871;0;34.79933929;-1.163249254;0.7117507458;
85.7589035;80;60;629.5900879;0.9531540871;0;34.89934158;-1.141713142;0.733286798;
85.96551514;80;60;627.1124878;0.9531540871;0;34.99934387;-1.118107677;0.7568922639;
86.15830231;80;60;624.8201294;0.9609668255;0;35.09934998;-1.097170234;0.7778297663;
86.36644745;80;60;622.3309326;0.9531540871;0;35.19935608;-1.076067805;0.7989321351;
86.5574646;80;60;620.0278931;0.9531540871;0;35.29935837;-1.058428407;0.8165715933;
86.76428986;80;60;617.5270996;0.9531540871;0;35.39936829;-1.041603684;0.8333963752;
86.95531464;80;60;615.2134399;0.9531540871;0;35.49937057;-1.028288603;0.8467113376;
87.16233826;80;60;612.7011108;0.9531540871;0;35.59938049;-1.016237855;0.8587622046;
87.35331726;80;60;610.37677;0.9531540871;0;35.69937897;-1.007133126;0.8678669333;
87.56065369;80;60;607.8530273;0.9609668255;0;35.79937744;-0.9987594485;0.8762405515;
87.75283813;80;60;605.5180054;0.9609668255;0;35.89938736;-0.9918012619;0.8831987381;
87.96133423;80;60;602.982666;0.9609668255;0;35.99938583;-0.9845960736;0.8904039264;
88.15437317;80;60;600.6370239;0.9531540871;0;36.09939194;-0.9778556228;0.8971443772;
88.36117554;80;60;598.0900879;0.9609668255;0;36.19939423;-0.9701089263;0.9048910737;
88.5531311;80;60;595.7337646;0.9609668255;0;36.29940796;-0.9619579911;0.9130420089;
88.7598114;80;60;593.175293;0.9531540871;0;36.3993988;-0.9511771798;0.9238228202;
88.9510498;80;60;590.8083496;0.9609668255;0;36.49940491;-0.938977778;0.936022222;
89.15951538;80;60;588.2384033;0.9531540871;0;36.5994339;-0.9230111241;0.9519888759;
89.34989929;80;60;585.8608398;0.9609668255;0;36.6994133;-0.9055378437;0.9694621563;
89.55735779;80;60;583.2794189;0.9531540871;0;36.7994194;-0.8835264444;0.9914735556;
89.74757385;80;60;580.8912964;0.9531540871;0;36.89942551;-0.8603011966;1.014698744;
89.95474243;80;60;578.2984619;0.9609668255;0;36.9994278;-0.8320293427;1.042970657;
90.14604187;80;60;575.8997803;0.9531540871;0;37.09943008;-0.8030908704;1.071909189;
90.35153198;80;60;573.2955322;0.9531540871;0;37.19943237;-0.7690595984;1.105940342;
90.54174042;80;60;570.8863525;0.9609668255;0;37.29943848;-0.7355568409;1.139443159;
90.74952698;80;60;568.2706909;0.9531540871;0;37.39944839;-0.697206676;1.177793384;
90.93997955;80;60;565.8509521;0.9609668255;0;37.49944687;-0.6600432396;1.21495676;
91.14769745;80;60;563.223877;0.9609668255;0;37.59944916;-0.6180198789;1.256980062;
91.33840942;80;60;560.7935181;0.9531540871;0;37.69945145;-0.5778509378;1.297149062;
91.54330444;80;60;558.1550293;0.9531540871;0;37.79945755;-0.5333071351;1.341692924;
91.73265076;80;60;555.7141724;0.9609668255;0;37.89945602;-0.4924621582;1.382537842;
91.93966675;80;60;553.06427;0.9609668255;0;37.99947357;-0.4500215352;1.424978495;
92.13054657;80;60;550.612793;0.9609668255;0;38.09952927;-0.4214662015;1.453533769;
92.33692169;80;60;547.9512939;0.9531540871;0;38.19950104;-0.4214662015;1.453533769;
92.57788086;80;60;545.4891968;0.9531540871;0;38.29948044;-0.4214662015;1.453533769;
92.77105713;80;60;542.9683228;0.9531540871;0;38.39948654;-0.4787740707;1.396225929;
92.92480469;80;60;540.2386475;0.9531540871;0;38.49948883;-0.4509735703;1.424026489;
93.07056427;80;60;537.7595825;0.9531540871;0;38.59951019;-0.4297099113;1.445290089;
93.29040527;80;60;535.0700073;0.9531540871;0;38.69950104;-0.4127827287;1.462217331;
93.49230194;80;60;532.5825806;0.9531540871;0;38.79949951;-0.4023523033;1.472647667;
93.69446564;80;60;529.8815308;0.9531540871;0;38.89950562;-0.3965570927;1.478442907;
93.87715912;80;60;527.3829956;0.9609668255;0;38.99950027;-0.3955506384;1.479449391;
94.0825882;80;60;524.6707764;0.9531540871;0;39.09951401;-0.3978303671;1.477169633;
94.27263641;80;60;522.1618652;0.9609668255;0;39.19951248;-0.4021714628;1.472828507;
94.47688293;80;60;519.4381714;0.9531540871;0;39.29951477;-0.4085927904;1.46640718;
94.66561127;80;60;516.9188232;0.9609668255;0;39.39952469;-0.4155870676;1.459412932;
94.87028503;80;60;514.1837769;0.9531540871;0;39.49953079;-0.4236908555;1.451309085;
95.05888367;80;60;511.6538696;0.9609668255;0;39.59952927;-0.4307682216;1.444231749;
95.2635498;80;60;508.9074707;0.9531540871;0;39.69953537;-0.4372956157;1.437704444;
95.45094299;80;60;506.3670959;0.9531540871;0;39.79954147;-0.4419052005;1.43309474;
95.65382385;80;60;503.609375;0.9531540871;0;39.89955902;-0.445076108;1.429923892;
95.84111023;80;60;501.0585938;0.9531540871;0;39.99954605;-0.4461688697;1.4288311;
96.04403687;80;60;498.2895813;0.9609668255;0;40.09954834;-0.4452710152;1.429728985;
96.23318481;80;60;495.728363;0.9609668255;0;40.19955063;-0.4425573051;1.432442665;
96.43680573;80;60;492.9480286;0.9531540871;0;40.29956055;-0.4377053976;1.437294602;
96.62397003;80;60;490.3763428;0.9531540871;0;40.39955902;-0.4319425821;1.443057418;96.73316193;80;60;489.0886536;0.9531540871;0;40.44956589;-0.4283865392;1.446613431;
96.82683563;80;60;487.5847473;0.9531540871;0;40.4995575;-0.4254057407;1.449594259;
97.01422119;80;60;485.002655;0.9531540871;0;40.5995636;-0.4199668467;1.455033183;
97.21720886;80;60;482.1997681;0.9531540871;0;40.69960022;-0.4153079689;1.459692001;
97.40462494;80;60;479.6072998;0.9531540871;0;40.79957581;-0.412515521;1.462484479;
97.60772705;80;60;476.7931213;0.9531540871;0;40.89957428;-0.4113782048;1.463621855;
97.79521179;80;60;474.1902161;0.9531540871;0;40.99958038;-0.4122011364;1.462798834;
97.99839783;80;60;471.3647461;0.9531540871;0;41.0995903;-0.4152095914;1.459790468;
98.18602753;80;60;468.7514343;0.9531540871;0;41.19959259;-0.419985652;1.455014348;
98.38931274;80;60;465.9147034;0.9531540871;0;41.29959488;-0.4273567498;1.44764328;
98.57700348;80;60;463.2909851;0.9531540871;0;41.3996048;-0.4362049997;1.438794971;
98.7804184;80;60;460.4429626;0.9531540871;0;41.49960327;-0.4480196834;1.426980376;
98.96826172;80;60;457.8088074;0.9531540871;0;41.59960938;-0.4609953165;1.414004683;
99.17050934;80;60;454.9495239;0.9219031334;0;41.69960785;-0.4773039222;1.397696018;
99.34311676;80;60;452.3050232;0.9062776566;0;41.79960632;-0.4944450259;1.380555034;
99.52935791;80;60;449.4349976;0.8828394413;0;41.89961624;-0.5152812004;1.3597188;
99.69513702;80;60;446.7809753;0.8828394413;0;41.99961472;-0.5366229415;1.338377118;
99.87374878;80;60;443.9008179;0.8828394413;0;42.09962463;-0.5620465875;1.312953472;
100.0386124;80;60;441.2376404;0.8828394413;0;42.19962692;-0.5876562595;1.28734374;
100.2172928;80;60;438.3475952;0.8828394413;0;42.29962921;-0.6177371144;1.257262945;
100.3822021;80;60;435.675293;0.8828394413;0;42.39964294;-0.6476723552;1.227327704;
100.5609436;80;60;432.7753601;0.8828394413;0;42.49964142;-0.6824558973;1.192544103;
100.7260971;80;60;430.0939636;0.8828394413;0;42.59964371;-0.7166092396;1.15839076;
100.905098;80;60;427.1841736;0.8828394413;0;42.6996727;-0.7556075454;1.119392395;
101.0702209;80;60;424.4936218;0.8828394413;0;42.79965591;-0.7927532196;1.08224678;
101.2491379;80;60;421.5739441;0.8828394413;0;42.89965057;-0.8330238461;1.041976094;
101.4142761;80;60;418.8742371;0.8828394413;0;42.99966431;-0.8694354892;1.00556457;
101.5932236;80;60;415.9446106;0.8828394413;0;43.09966278;-0.9075161815;0.9674838185;
101.7584305;80;60;413.2356873;0.8828394413;0;43.1996994;-0.9410821199;0.9339178801;
101.9374542;80;60;410.2960815;0.8828394413;0;43.29966736;-0.9756276608;0.8993723392;
102.1027527;80;60;407.5779419;0.8828394413;0;43.39967728;-1.005964398;0.8690356016;
102.2817993;80;60;404.6283264;0.8828394413;0;43.49967957;-1.037228584;0.8377714157;
102.4471054;80;60;401.901001;0.8828394413;0;43.59968567;-1.064665079;0.8103349209;
102.6261749;80;60;398.9414063;0.8828394413;0;43.69968796;-1.092899799;0.782100141;
102.7915344;80;60;396.2048645;0.8828394413;0;43.79970551;-1.117613554;0.757386446;
102.9706573;80;60;393.2352905;0.8828394413;0;43.89969254;-1.14294064;0.7320593596;
103.1360626;80;60;390.4895325;0.8828394413;0;43.9997139;-1.164990544;0.7100095153;
103.3152542;80;60;387.5099792;0.8828394413;0;44.09970093;-1.187440753;0.6875593066;
103.4800262;80;60;384.7550049;0.8672139645;0;44.19971085;-1.206836462;0.668163538;
103.6560516;80;60;381.7655029;0.8828394413;0;44.29972076;-1.226404786;0.6485952139;
103.8213577;80;60;379.0014343;0.8828394413;0;44.39970779;-1.243133545;0.6318664551;
104.0007553;80;60;376.0020142;0.8828394413;0;44.4997139;-1.259803653;0.6151963472;
104.1661835;80;60;373.2287292;0.8828394413;0;44.59972;-1.273845792;0.6011542082;
104.3441086;80;60;370.2193298;0.8672139645;0;44.69971848;-1.287658334;0.5873416662;
104.5046616;80;60;367.4223938;0.8672139645;0;44.79972839;-1.29933393;0.57566607;
104.6789398;80;60;364.4177246;0.8672139645;0;44.89975357;-1.311303377;0.5636966825;
104.8381958;80;60;361.6118164;0.8672139645;0;44.9997406;-1.32277143;0.55222857;
105.0125504;80;60;358.5829773;0.8828394413;0;45.09975433;-1.337178469;0.5378215909;
105.1755753;80;60;355.7827148;0.8828394413;0;45.19974136;-1.352711797;0.5222881436;
105.3555832;80;60;352.7441711;0.8828394413;0;45.29974365;-1.372871876;0.5021281242;
105.518692;80;60;349.9348145;0.8672139645;0;45.39974594;-1.394634247;0.480365783;
105.6918716;80;60;346.8865051;0.8672139645;0;45.49976349;-1.421924233;0.4530757964;
105.8549652;80;60;344.0682678;0.8828394413;0;45.599823;-1.450606585;0.4243934453;
106.0328445;80;60;341.0103149;0.8828394413;0;45.69976044;-1.485372186;0.3896277547;
106.1972427;80;60;338.1831055;0.8828394413;0;45.79977417;-1.520575166;0.3544248044;
106.3753204;80;60;335.115387;0.8672139645;0;45.89976501;-1.561078787;0.3139211833;
106.5075607;80;60;332.2791443;0.242194891;0;45.99977493;-1.59980154;0.2751984298;
106.4808731;80;60;329.2030334;0;0;46.09978104;-1.642323017;0.2326770127;
106.3506546;80;60;326.364624;0;0;46.19978333;-1.681066632;0.1939333826;
106.1699905;80;60;323.2935791;0;0;46.29978561;-1.720348477;0.1546515375;
105.9987335;80;60;320.4630432;0;0;46.39979172;-1.75256443;0.12243554;
105.8129959;80;60;317.4016113;0;0;46.49979782;-1.781877398;0.09312256426;
105.6403961;80;60;314.5803223;0;0;46.59980011;-1.802948833;0.07205116004;
105.4530258;80;60;311.5289612;0;0;46.69979858;-1.818676353;0.05632359907;
105.2805328;80;60;308.717041;0;0;46.79980087;-1.826278925;0.04872108996;
105.0940781;80;60;305.6759033;0;0;46.89981079;-1.82675612;0.04824386165;
104.9222031;80;60;302.8734436;0;0;46.99982071;-1.819882035;0.05511794984;
104.7362289;80;60;299.8425598;0;0;47.09981537;-1.804405093;0.0705948621;
104.5648575;80;60;297.0495911;0;0;47.19982529;-1.782654643;0.09234529734;
104.37957;80;60;294.0290222;0;0;47.29981995;-1.750979424;0.1240205243;
104.2087631;80;60;291.2456055;0;0;47.39982224;-1.714246154;0.1607538015;
104.0241165;80;60;288.2354431;0;0;47.49982834;-1.66634059;0.2086594105;
103.8539276;80;60;285.4616699;0;0;47.59983444;-1.614649534;0.2603504062;
103.6698456;80;60;282.4619446;0;0;47.69984055;-1.55058217;0.3244177997;
103.500267;80;60;279.6978455;0;0;47.79983902;-1.484019876;0.3909800947;
103.3168716;80;60;276.7086487;0;0;47.89984894;-1.403900385;0.4710995555;
103.1478577;80;60;273.9542847;0;0;47.99984741;-1.322580814;0.5524192452;
102.9655914;80;60;270.975708;0;0;48.09986115;-1.226586223;0.6484137774;
102.7988739;80;60;268.2311401;0;0;48.1998558;-1.130996346;0.7440036535;
102.6191635;80;60;265.2631531;0;0;48.29986954;-1.020517826;0.8544821739;
102.4534149;80;60;262.5283203;0;0;48.39986038;-0.9139454961;0.9610545039;
102.2738419;80;60;259.5707397;0;0;48.49988174;-0.7961109877;1.078889012;
102.1076279;80;60;256.8453979;0;0;48.59988403;-0.6876699328;1.187330008;
101.9264221;80;60;253.8978882;0;0;48.69987869;-0.5730679631;1.301931977;
101.7590027;80;60;251.1816711;0;0;48.79989243;-0.471790731;1.403209209;
101.5772705;80;60;248.2439575;0;0;48.89988708;-0.3692589402;1.505741119;
101.4092331;80;60;245.5366516;0;0;48.99990845;-0.2828257084;1.592174292;
101.2274323;80;60;242.6085205;0;0;49.09989548;-0.1992025822;1.675797462;
101.0607376;80;60;239.9100189;0;0;49.19989777;-0.1318633705;1.743136644;
100.8802109;80;60;236.9914246;0;0;49.29993057;-0.07000542432;1.804994583;
100.714447;80;60;234.3017731;0;0;49.39990616;-0.02281817608;1.852181792;
100.5368195;80;60;231.3927765;0;0;49.49991226;0.01818238385;1.893182397;
100.3738708;80;60;228.7119904;0;0;49.59991074;0.04724933207;1.922249317;
100.1974869;80;60;225.8126373;0;0;49.69992065;0.07069009542;1.945690155;
100.0352936;80;60;223.1407928;0;0;49.79994583;0.08654215187;1.96154213;
99.86012268;80;60;220.2511292;0;0;49.89992905;0.09870129824;1.973701239;
99.69872284;80;60;217.5882263;0;0;49.99992371;0.1061043665;1.981104374;
99.52416229;80;60;214.7082672;0;0;50.09993362;0.1106486022;1.985648632;
99.36345673;80;60;212.0543213;0;0;50.19993591;0.1120337918;1.987033844;
99.1897583;80;60;209.1840363;0;0;50.2999382;0.1108185872;1.985818624;
99.02992249;80;60;206.5389862;0;0;50.39994431;0.1074887887;1.982488751;
98.85700226;80;60;203.6783295;0;0;50.49995804;0.1018956378;1.97689569;
98.69765472;80;60;201.04216;0;0;50.59996033;0.09566308558;1.970663071;
98.52537537;80;60;198.1911011;0;0;50.69995117;0.08865036815;1.963650346;
98.36663818;80;60;195.5637817;0;0;50.79995728;0.08246584237;1.957465887;
98.19499207;80;60;192.7222748;0;0;50.89995956;0.07650540769;1.951505423;
98.03681183;80;60;190.1037598;0;0;50.99996567;0.0719588846;1.946958899;
97.86579895;80;60;187.2717896;0;0;51.09997177;0.06826103479;1.943261027;
97.70822144;80;60;184.6620636;0;0;51.19997406;0.06609582156;1.941095829;
97.539505;80;60;181.8666992;0;0;51.29998398;0.0651877448;1.940187693;
97.36945343;80;60;179.2656555;0;0;51.39998627;0.06580847502;1.940808535;
97.21277618;80;60;176.4525909;0;0;51.49998474;0.06778135151;1.942781329;
97.04338837;80;60;173.8602753;0;0;51.59998703;0.07144249231;1.946442485;
96.88735962;80;60;171.0566406;0;0;51.6989975;0.07621687651;1.951216817;
96.7315979;80;60;168.4730072;0;0;51.79900742;0.08227989823;1.957279921;
96.56319427;80;60;165.6787567;0;0;51.89902496;0.09015333652;1.965153337;
96.40801239;80;60;163.1037903;0;0;51.99901199;0.09854613245;1.973546147;
96.24027252;80;60;160.3189087;0;0;52.0990181;0.1087689996;1.98376894;
96.08576202;80;60;157.7525482;0;0;52.19901276;0.1190875471;1.994087577;
95.91864014;80;60;154.9769897;0;0;52.29901505;0.130984515;2.005984545;
