sep=;
unknown1; unknown2; currentSpeed; currentLimit; nextLimit; distance; gaspedal; brakepedal; timestamp


0.3821257055;100;80;512.0512085;0;0;0.1499972343;-1.941988376e-005;1.874980569;0.4596666396;100;80;512.0461426;0;0;
0;0.2500266731;-1.439685548e-005;1.874985576;0.6220860481;100;80;512.0332642;0;
80;512.024353;0;0;0.3500032723;-9.99014901e-006;1.874989986;
0.8374458551;100;80;512.0053711;0;0;0.4499998987;-1.199676171e-005;1.87498796;
0.9712332487;100;80;511.9832153;0;0;0.550003171;-1.51850536e-005;1.87498486;
1.112704754;100;80;511.9551086;0;0;0.6500090361;-1.610877553e-005;1.874983907;
1.239696264;100;80;511.9255371;0;0;0.7500143647;-1.624579272e-005;1.874983788;
1.373762727;100;80;511.889679;0;0;0.8500192165;-1.726408482e-005;1.874982715;
1.494380474;100;80;511.8530884;0;0;0.9500255585;-1.82033873e-005;1.874981761;1.563334703;100;80;511.8335876;0;0;1.000023127;-1.884328231e-005;1.874981165;
1.621614695;100;80;511.809845;0;0;1.050025225;-1.903824341e-005;1.874980927;
1.736150622;100;80;511.7666626;0;0;1.150037766;-1.992617035e-005;1.874980092;
1.857067704;100;80;511.7164001;0;0;1.25002718;-2.077661702e-005;1.874979258;
1.965822577;100;80;511.6669006;0;0;1.350032568;-2.169029722e-005;1.874978304;
2.080618858;100;80;511.6100159;0;0;1.450036287;-2.209411286e-005;1.874977946;
2.18392396;100;80;511.5545654;0;0;1.550035477;-2.26794873e-005;1.87497735;
2.292931795;100;80;511.4913635;0;0;1.650065541;-2.331147516e-005;1.874976635;
0;0;1.750047207;-2.368676542e-005;1.874976277;
2.494204044;100;80;511.361084;0;0;1.850045919;-2.388935718e-005;1.874976158;
2.587107658;100;80;511.2945862;0;0;1.950052261;-2.403889994e-005;1.87497592;
2.684980869;100;80;511.2197876;0;0;2.050055981;-2.423690967e-005;1.874975801;
2.772953272;100;80;511.1481934;0;0;2.150057316;-2.432959263e-005;1.874975681;
2.865757465;100;80;511.0679932;0;0;2.250063181;-2.453229718e-005;1.874975443;
2.949057579;100;80;510.9916077;0;0;2.350088596;-2.435905662e-005;1.874975681;
3.036981106;100;80;510.9063416;0;0;2.450070143;-2.412145659e-005;1.87497592;
3.115963936;100;80;510.8253784;0;0;2.550072908;-2.424657578e-005;1.874975801;
3.199258089;100;80;510.73526;0;0;2.650076866;-2.391377348e-005;1.874976039;
3.27415204;100;80;510.6499634;0;0;2.750076532;-2.363350904e-005;1.874976397;
3.35307765;100;80;510.5553284;0;0;2.850081921;-2.322655018e-005;1.874976754;
3.424059629;100;80;510.4659119;0;0;2.95008564;-2.291219607e-005;1.874977112;
3.498873234;100;80;510.3669434;0;0;3.050088406;-2.231767212e-005;1.874977708;
3.566124439;100;80;510.2736511;0;0;3.150095224;-2.207371836e-005;1.874977946;
3.636957884;100;80;510.1705627;0;0;3.250099659;-2.155145557e-005;1.874978423;
3.70061636;100;80;510.0735779;0;0;3.350111008;-2.084252083e-005;1.874979138;
100;80;509.9666138;0;0;3.450125694;-2.017177576e-005;1.874979854;
3.827980042;100;80;509.8661499;0;0;3.55010891;-1.959379733e-005;1.87498045;
3.891523838;100;80;509.7555237;0;0;3.650110722;-1.890005478e-005;1.874981046;
3.948630571;100;80;509.6517639;0;0;3.750110388;-1.813359631e-005;1.87498188;
4.00881958;100;80;509.5376282;0;0;3.850115776;-1.701180008e-005;1.874982953;
4.063036919;100;80;509.4307251;0.03125095367;0;3.950119495;-1.632621752e-005;1.874983668;
4.125843525;100;80;509.3132935;0.07031464577;0;4.050123215;-1.525025982e-005;1.874984741;
4.197281837;100;80;509.2032471;0.1093783379;0;4.150146961;-1.431938108e-005;1.874985695;
4.295594215;100;80;509.0817871;0.1953184605;0;4.250128746;-1.326427355e-005;1.874986768;
4.415934086;100;80;508.9671326;0.2656331062;0;4.350131035;-1.227735356e-005;1.874987721;

4.821455002;100;80;508.7161865;0.3046967983;0;4.550155163;-1.032426644e-005;1.874989629;
5.114652634;100;80;508.5762024;0.3046967983;0;4.650143147;-9.135475921e-006;1.874990821;
5.418002605;100;80;508.4394531;0.3046967983;0;4.750145912;-7.906280189e-006;1.874992132;
5.770363808;100;80;508.2822266;0.3046967983;0;4.850152969;-6.591302281e-006;1.874993443;
6.113518238;100;80;508.1280823;0.3281350136;0;4.950153351;-5.017851436e-006;1.874994993;
6.51041317;100;80;507.9507446;0.3593859673;0;5.050157547;-3.177921599e-006;1.874996781;
6.905310631;100;80;507.7768555;0.3593859673;0;5.150160313;-1.296277446e-006;1.874998689;
7.358201504;100;80;507.5765381;0.3750114441;0;5.250162125;1.188770284e-006;1.875001192;
7.795414448;100;80;507.3800659;0.3828241825;0;5.350174904;4.098610134e-006;1.875004053;
8.286623001;100;80;507.1540527;0.3984496593;0;5.450181961;7.324112175e-006;1.875007272;
8.7554245;100;80;506.9328308;0.3984496593;0;5.55018568;1.142491692e-005;1.875011444;
9.26974678;100;80;506.6790771;0.3984496593;0;5.650177002;1.68714032e-005;1.875016928;
9.743232727;100;80;506.4317322;0.3984496593;0;5.750192642;2.189067891e-005;1.875021935;
10.24979305;100;80;506.1495667;0.3984496593;0;5.850202084;2.833003964e-005;1.875028372;
10.70895576;100;80;505.8761292;0.3984496593;0;5.950194359;3.644981552e-005;1.875036478;
11.19546032;100;80;505.5661621;0.3984496593;0;6.050190449;4.5688299e-005;1.875045657;
11.65232468;100;80;505.2675781;0.3984496593;0;6.15019846;5.548985791e-005;1.875055432;
12.15851116;100;80;504.9302368;0.3984496593;0;6.250197887;5.057054295e-005;1.875050545;
12.60728073;100;80;504.6059265;0.3984496593;0;6.350198269;3.137799649e-005;1.875031352;
13.06123638;100;80;504.2412415;0.3828241825;0;6.450207233;-9.50067988e-005;1.87490499;
13.75156975;100;80;503.8929749;0.3828241825;0;6.550231934;-0.0003424090391;1.874657631;
14.58058262;100;80;503.4922485;0.3828241825;0;6.650209427;-0.0007443790091;1.874255657;
14.85372639;100;80;503.1037292;0.3828241825;0;6.75021553;-0.001223248779;1.873776793;
15.11007023;100;80;502.6765747;0.3828241825;0;6.850224018;-0.001825932646;1.873174071;
15.36663914;100;80;502.2739258;0.3828241825;0;6.95022583;-0.002455251291;1.872544765;
15.63902569;100;80;501.8295593;0.3828241825;0;7.050225735;-0.003231439041;1.871768594;
15.88253117;100;80;501.4128418;0.3984496593;0;7.150224209;-0.004045816604;1.870954156;
16.16067696;100;80;500.9516907;0.4140751362;0;7.250230312;-0.005027826875;1.869972229;
16.44028854;100;80;500.5206299;0.429700613;0;7.350245476;-0.006034332328;1.868965626;
16.75044823;100;80;500.0452881;0.429700613;0;7.450235844;-0.007238635793;1.867761374;
17.05582619;100;80;499.5986023;0.4922025204;0;7.550241947;-0.008462430909;1.866537571;
17.45996475;100;80;499.1052246;0.5625171661;0;7.65024662;-0.009918749332;1.86508131;
17.87196541;100;80;498.6392212;0.578142643;0;7.750248909;-0.01139516849;1.863604784;
18.3371582;100;80;498.1221313;0.6172063351;0;7.850250244;-0.01314612012;1.861853838;
18.80977058;100;80;497.6328735;0.6484572887;0;7.950258255;-0.01491320133;1.860086799;
19.33128166;100;80;497.0885315;0.6328318119;0;8.050264359;-0.01700306311;1.857996941;
19.80223083;100;80;496.5728455;0.6328318119;0;8.150259972;-0.01910179108;1.855898261;
20.31331444;100;80;496.0001221;0.6328318119;0;8.250263214;-0.02156835049;1.853431702;
20.78701019;100;80;495.4582825;0.6328318119;0;8.350268364;-0.02403327823;1.850966692;
21.3005619;100;80;494.8570862;0.6328318119;0;8.45029068;-0.02691645361;1.848083496;
22.00191116;100;80;494.0004883;0.5937681198;0;8.600287437;-0.0315477103;1.843452334;
22.43845749;100;80;493.365448;0.5937681198;0;8.700295448;-0.03473880142;1.840261221;
22.91319656;100;80;492.7670288;0.5937681198;0;8.800299644;-0.03843752295;1.836562514;
23.35124588;100;80;492.1055603;0.5937681198;0;8.90030098;-0.04208817706;1.832911849;
23.82109261;100;80;491.4893494;0.5937681198;0;9.000292778;-0.04626435414;1.82873559;
24.26290321;100;80;490.8016663;0.6015808582;0;9.100291252;-0.05040920526;1.824590802;
24.74733925;100;80;490.1000977;0.6015808582;0;9.200309753;-0.05518731847;1.819812655;
25.19454193;100;80;489.440094;0.6015808582;0;9.299298286;-0.05987300351;1.815127015;
25.67904282;100;80;488.7681885;0.6015808582;0;9.399329185;-0.06525857002;1.809741378;
26.13176155;100;80;488.026825;0.6172063351;0;9.499316216;-0.07052656263;1.8044734;
26.72991371;100;80;487.3298645;0.6172063351;0;9.599308968;-0.07657818496;1.79842186;
27.33529663;100;80;486.5578613;0.6172063351;0;9.699314117;-0.08252488822;1.792475104;
1.785653353;28.10474968;100;80;485.3973083;
485.024231;0.6172063351;0;9.899343491;-0.09598516673;1.779014826;28.51217461;100;80;
1.771450639;28.84926414;100;80;
483.4411926;0.6172063351;0;10.0993681;-0.1108606681;1.764139295;29.14996529;100;80;483.0557251;
-0.1191498637;1.755850196;29.47771263;100;80;482.2134705;
481.8215027;0.6172063351;0;10.29933834;-0.1271516085;1.747848392;29.78060532;100;80;481.4274902;0.6172063351;0;
29.9569912;100;80;481.0314941;0.5937681198;0;10.39933586;-0.1362046748;1.73879528;30.10237694;100;80;480.566925;
80;480.1665955;0.5937681198;0;10.49936867;-0.1448803246;1.730119705;30.38960457;
1.720382214;30.70140076;
478.4777832;0.5937681198;0;10.69937515;-0.1637030691;1.711296916;30.98954773;100;
10.79939842;-0.1736198515;1.701380134;
-0.1828609407;1.69213903;31.553442;100;80;476.3373413;0.3984496593;0;
0.2343821526;0;10.99943161;-0.1929523498;1.682047606;31.72704315;100;80;475.4258118;0.14844203;0;11.04937649;-0.1976280063;1.677371979;
31.75848389;100;80;475.0033264;0.03906369209;0;11.09935856;-0.2023081034;1.672691941;31.75508499;100;80;
31.7197876;100;80;474.157196;0;0;11.19936752;-0.212443471;1.662556529;31.68191338;100;80;473.6639099;0;
473.2415161;0;0;11.29941368;-0.2217783481;1.653221607;31.60544777;100;80;472.8196106;
31.54749489;100;80;472.3981018;0;0;11.39938354;-0.2318672985;1.643132687;
31.44022751;100;80;471.4869385;0;0;11.49938488;-0.2411492169;1.633850813;
31.32308578;100;80;470.6488647;0;0;11.59939575;-0.2511695623;1.623830438;
31.21582222;100;80;469.7440491;0;0;11.69938469;-0.2603881359;1.614611864;
31.10011482;100;80;468.9118042;0;0;11.7993803;-0.2703401446;1.604659796;
31.01566124;100;80;468.0133667;0;0;11.89939594;-0.279497534;1.595502496;30.98698044;100;80;467.5996399;0;
30.95923615;100;80;467.1862793;0;0;11.99938679;-0.2893994153;1.585600615;
30.92543602;100;80;466.2917786;0;0;12.09940338;-0.2985265553;1.576473475;30.91387939;100;80;465.8793335;0;0;12.14939308;-0.3030873835;1.571912646;
30.90418053;100;80;465.4670715;0;0;12.1994009;-0.3084067106;1.566593289;
30.88719559;100;80;464.5742493;0;0;12.29940224;-0.3175225258;1.557477474;
30.86020851;100;80;463.7506409;0;0;12.39940262;-0.3273890913;1.547610879;30.84745026;100;80;463.2705078;0;0;12.44943047;-0.3319399357;1.543060064;
30.83473969;100;80;462.8591614;0;0;12.49941349;-0.336488843;1.538511157;
30.80749321;100;80;462.0369568;0;0;12.59941959;-0.3463391364;1.528660893;
30.78219795;100;80;461.1470032;0;0;12.69941711;-0.3554235697;1.51957643;
30.75379562;100;80;460.3262024;0;0;12.79941654;-0.3652565479;1.509743452;
12.89944267;-0.374325186;1.500674844;
30.69905853;100;80;458.6184387;0;0;12.99944782;-0.3841390908;1.490860939;
30.67285347;100;80;457.7316284;0;0;13.09943295;-0.3931519985;1.481848001;
30.64610863;100;80;456.9137573;0.03125095367;0;13.19946194;-0.4023455083;1.472654462;
30.6390934;100;80;456.0114441;0.1093783379;0;13.29944229;-0.4117049277;1.463295102;
30.65888977;100;80;455.1943359;0.1796929836;0;13.3994379;-0.4200065136;1.454993486;
30.69459152;100;80;454.3085327;0.2656331062;0;13.49945068;-0.4286132455;1.446386814;
30.74421883;100;80;453.4899597;0.3437604904;0;13.59947586;-0.4362132549;1.438786745;
30.81491661;100;80;452.6016541;0.4140751362;0;13.69944763;-0.4440720975;1.430927873;
30.89067078;100;80;451.7798157;0.523453474;0;13.79945374;-0.4509808123;1.424019217;
30.99276543;100;80;450.8872681;0.5937681198;0;13.89945507;-0.4580915868;1.416908383;
31.12296677;100;80;450.0606384;0.6172063351;0;13.99947166;-0.4643160105;1.41068399;

80;448.3262939;0.6484572887;0;14.19948387;-0.4762420952;1.398757935;
31.76181412;100;80;447.4157104;0.671895504;0;14.29948425;-0.4818931222;1.393106818;
32.0139389;100;80;446.5684509;0.7031464577;0;14.39948559;-0.4867703021;1.388229728;
32.29711151;100;80;445.643158;0.7265846729;0;14.49948406;-0.4916802347;1.383319736;
32.56591797;100;80;444.7817383;0.7265846729;0;14.59950256;-0.4958610833;1.379138947;
32.84713364;100;80;443.8404846;0.7422101498;0;14.69948387;-0.5000110269;1.374989033;
33.10606003;100;80;442.9645386;0.7734611034;0;14.79948902;-0.5035058856;1.371494174;
33.41496658;100;80;442.0076904;0.7734611034;0;14.89949036;-0.5070030093;1.367996931;
33.71981812;100;80;441.1164246;0.7812738419;0;14.99949265;-0.5101599097;1.36484015;
-0.5135447383;1.361455202;
34.54586411;100;80;439.2314453;0.8125247955;0;15.19950199;-0.516631484;1.358368516;
35.01114273;100;80;438.2324829;0.7968993187;0;15.29953289;-0.5199314356;1.355068564;
35.43581772;100;80;437.2987366;0.7968993187;0;15.39950466;-0.5229222775;1.352077723;
-0.5260480046;1.348951936;
36.32577896;100;80;435.316925;0.7968993187;0;15.59950829;-0.5287385583;1.346261501;
36.78907394;100;80;434.2668762;0.7968993187;0;15.69952583;-0.5310642123;1.343935728;
37.21730042;100;80;433.2857361;0.7968993187;0;15.79952049;-0.5325055122;1.342494488;
37.66926193;100;80;432.2099304;0.7578356266;0;15.89952278;-0.5332823396;1.34171772;
38.07101822;100;80;431.2053833;0.7578356266;0;15.99952316;-0.5332553387;1.341744661;
38.50727844;100;80;430.1050415;0.7578356266;0;16.09952736;-0.5324343443;1.342565656;
38.91101837;100;80;429.078125;0.7578356266;0;16.19952965;-0.5309758186;1.344024181;
39.35039139;100;80;427.9534607;0.7578356266;0;16.29953957;-0.5289236903;1.346076369;
39.75486374;100;80;426.9040527;0.7578356266;0;16.39953804;-0.5267865062;1.348213434;
40.1918335;100;80;425.7550049;0.7578356266;0;16.49954224;-0.5242258906;1.35077405;
40.59634399;100;80;424.6831665;0.7578356266;0;16.59954453;-0.5216342211;1.353365779;
41.03574371;100;80;423.5097961;0.7578356266;0;16.69955063;-0.5185790062;1.356420994;
41.4394989;100;80;422.4154358;0.7422101498;0;16.79956818;-0.5155265927;1.359473467;
41.86869431;100;80;421.2177734;0.7422101498;0;16.89955139;-0.511962533;1.363037467;
42.2866478;100;80;420.1012268;0.7265846729;0;16.9995575;-0.5084264278;1.366573572;
42.77702713;100;80;418.8787537;0.7187719345;0;17.0995636;-0.5043193698;1.37068069;
43.17920685;100;80;417.7378845;0.7187719345;0;17.19956589;-0.5002698898;1.37473011;
43.56352615;100;80;416.4902649;0.7031464577;0;17.29958344;-0.4956034124;1.379396558;
43.86146545;100;80;415.3287659;0.6172063351;0;17.39957047;-0.4910342991;1.383965731;
44.0839119;100;80;414.0617981;0.523453474;0;17.49957466;-0.4858058691;1.389194131;
44.24834824;100;80;412.8866882;0.5078279972;0;17.59957695;-0.4807263315;1.394273639;
44.42622757;100;80;411.6084595;0.5078279972;0;17.69958305;-0.4749457836;1.400054216;
44.59137344;100;80;410.4238586;0.5078279972;0;17.79958153;-0.4693472087;1.405652761;
44.76932144;100;80;409.1355591;0.5078279972;0;17.89958954;-0.4629963934;1.412003636;
44.93326569;100;80;407.941803;0.5078279972;0;17.99959373;-0.4568676054;1.418132424;
45.11102676;100;80;406.6435547;0.5078279972;0;18.09959793;-0.4499364793;1.425063491;
45.27171326;100;80;405.4406433;0.4687643051;0;18.19959831;-0.443267107;1.431732893;
45.45902252;100;80;404.1324768;0.3750114441;0;18.2996006;-0.4357431531;1.439256907;
45.59088135;100;80;402.9202576;0.3437604904;0;18.39960289;-0.428522855;1.446477175;
45.70570755;100;80;401.6032715;0.3437604904;0;18.49960709;-0.4204083681;1.454591632;
400.3845825;0.3437604904;0;18.59960938;-0.4126456976;1.462354302;
45.86798477;100;80;399.061615;0.3437604904;0;18.69961357;-0.4039441347;1.471055865;
45.92499924;100;80;397.838623;0.3437604904;0;18.79964256;-0.3956439793;1.47935605;
45.9846077;100;80;396.5119629;0.3281350136;0;18.89962387;-0.3863588274;1.488641143;
80;395.2857666;0.3203222752;0;18.9996357;-0.3775162995;1.49748373;
46.09009933;100;80;393.9558411;0.3203222752;0;19.09963226;-0.3676424921;1.507357478;
46.13895798;100;80;392.7268372;0.3203222752;0;19.19963837;-0.3582563996;1.51674366;
46.19193268;100;80;391.3939209;0.3203222752;0;19.29963303;-0.347792238;1.527207732;
46.24037933;100;80;390.1621704;0.3046967983;0;19.39964676;-0.337857604;1.537142396;
46.2899437;100;80;388.826355;0.3046967983;0;19.49964142;-0.3267989457;1.548201084;
46.33358765;100;80;387.5920105;0.3046967983;0;19.59964371;-0.3163154125;1.558684587;
46.38047028;100;80;386.253479;0.3046967983;0;19.699646;-0.3046599925;1.570340037;
46.42580795;100;80;385.0166931;0.3203222752;0;19.7996521;-0.2936250865;1.581374884;
46.47706985;100;80;383.6754761;0.2890713215;0;19.89967346;-0.2813693881;1.593630552;
46.51420593;100;80;382.4361267;0.2500076294;0;19.99965858;-0.2697788179;1.605221152;
46.53676605;100;80;381.0924683;0.1796929836;0;20.09966087;-0.2569250762;1.618074894;
46.55890656;100;80;379.8515625;0.14844203;0;20.19966698;-0.2447875142;1.630212426;
46.57460403;100;80;378.5065918;0.1250038147;0;20.29966736;-0.2313413769;1.643658638;
46.57684708;100;80;377.264679;0.05468916893;0;20.39967155;-0.2186577171;1.656342268;
46.54561615;100;80;375.9193115;0;0;20.49969101;-0.2046305388;1.670369506;
46.48812866;100;80;374.6783447;0;0;20.59967995;-0.1914275289;1.683572531;
46.42214584;100;80;373.3356323;0;0;20.69968224;-0.1768525541;1.698147416;
46.36224747;100;80;372.0978394;0;0;20.79968262;-0.1631490737;1.711850882;
46.29797745;100;80;370.758667;0;0;20.89969444;-0.1480348408;1.726965189;
46.23884964;100;80;369.5242004;0;0;20.99969292;-0.1338378936;1.741162062;
46.17515182;100;80;368.1885681;0;0;21.09969902;-0.1182339787;1.756765962;
46.11668396;100;80;366.9573364;0;0;21.19969749;-0.1036841571;1.771315813;
46.05360413;100;80;365.618866;0;0;21.29970551;-0.08802759647;1.786972404;
45.99531174;100;80;364.3908691;0;0;21.39972878;-0.07400269061;1.800997257;
45.9331665;100;80;363.0686646;0;0;21.49971008;-0.05961993709;1.815380096;
45.87575912;100;80;361.8438416;0;0;21.59972191;-0.04691418633;1.82808578;
45.81355286;100;80;360.5187073;0;0;21.69973755;-0.03380327672;1.841196775;45.7850914;100;80;359.9013062;
45.75697327;100;80;359.2906799;0;0;21.79972076;-0.02248286828;1.852517128;
45.69535446;100;80;357.9753113;0;0;21.89974976;-0.01081712544;1.86418283;
0;21.99976349;-0.0007628006861;1.87423718;
45.57857132;100;80;355.438446;0;0;22.09972954;0.009369974025;1.884369969;
45.52246475;100;80;354.2230835;0;0;22.19973373;0.01815825328;1.893158197;
45.46259308;100;80;352.9080811;0;0;22.29975128;0.02688076533;1.901880741;
45.40701675;100;80;351.6957703;0;0;22.39973831;0.03435911611;1.909359097;
45.34740067;100;80;350.3778076;0;0;22.49974251;0.04171576351;1.916715741;
45.29264069;100;80;349.1685486;0;0;22.59974861;0.04786048084;1.922860503;
45.23358154;100;80;347.860199;0;0;22.69974899;0.05382065475;1.92882061;
45.17931366;100;80;346.6539917;0;0;22.79975128;0.05868189037;1.933681846;
45.12081909;100;80;345.348877;0;0;22.89975357;0.06325686723;1.93825686;
45.06707382;100;80;344.1456604;0;0;22.99975777;0.0668431446;1.941843152;
23.09979057;0.07004131377;1.945041299;
44.95586395;100;80;341.6435852;0;0;23.19976616;0.07236299664;1.947363019;
44.89846039;100;80;340.3449097;0;0;23.29976845;0.07419528067;1.949195266;
44.84569931;100;80;339.147644;0;0;23.39977455;0.0752601698;1.950260162;
44.78883743;100;80;337.8521729;0;0;23.49978828;0.07573614269;1.950736165;
44.73655701;100;80;336.6578064;0;0;23.59977913;0.07555265725;1.950552702;
44.68022156;100;80;335.3654785;0;0;23.69978523;0.0746819675;1.949681997;
0;0;23.79982376;0.07326000184;1.94825995;
44.57263565;100;80;332.8848267;0;0;23.89994431;0.071051009;1.946051002;
44.52135468;100;80;331.696228;0;0;23.99979401;0.06839832664;1.943398356;
44.46604919;100;80;330.4101257;0;0;24.0997982;0.06486191601;1.939861894;
44.41524124;100;80;329.2243652;0;0;24.19980049;0.06098695099;1.935986996;
44.36045837;100;80;327.9413452;0;0;24.29980087;0.05613131821;1.931131363;
44.31013107;100;80;326.7584229;0;0;24.39980316;0.05104298145;1.926043034;
44.25586319;100;80;325.4784241;0;0;24.49981117;0.04487622902;1.919876218;
44.2060051;100;80;324.2982788;0;0;24.59980965;0.03858249262;1.913582444;
44.15223312;100;80;323.0213013;0;0;24.69981575;0.03111493587;1.906114936;
44.10284042;100;80;321.8439331;0;0;24.79981613;0.02362384275;1.898623824;
0;0;24.89982224;0.01486357115;1.88986361;
44.00064087;100;80;319.3953552;0;0;24.99982834;0.006183293182;1.881183267;
43.94786835;100;80;318.1243286;0;0;25.09983063;-0.003861990757;1.871137977;
43.89940643;100;80;316.9524231;0;0;25.19983864;-0.01372324117;1.861276746;
43.84712601;100;80;315.6843262;0;0;25.29984474;-0.02504363097;1.849956393;
43.79909515;100;80;314.5151367;0;0;25.3998394;-0.03607876971;1.838921189;
43.74731064;100;80;313.249939;0;0;25.4998436;-0.04866621271;1.826333761;
43.6997261;100;80;312.0834351;0;0;25.59984398;-0.06086778268;1.814132214;
0;0;25.6998539;-0.07471489906;1.800285101;
43.60128784;100;80;309.6572571;0;0;25.79985237;-0.08807463944;1.786925316;
43.55046844;100;80;308.3978271;0;0;25.8998661;-0.1031721532;1.771827817;
43.50378036;100;80;307.2365723;0;0;25.99986267;-0.1176830158;1.757316947;
43.45342255;100;80;305.9799805;0;0;26.09987259;-0.1340218633;1.740978122;
43.40720367;100;80;304.8213196;0;0;26.19987488;-0.1496312618;1.725368738;
43.35734558;100;80;303.5675354;0;0;26.29987144;-0.1670680493;1.707931995;
43.30818939;100;80;302.4114685;0;0;26.39987183;-0.1845878363;1.690412164;
43.26259613;100;80;301.1724548;0;0;26.49988937;-0.2008778155;1.674122214;
43.21346664;100;80;300.0189209;0;0;26.59988022;-0.2184134573;1.656586528;43.19085312;
43.168293;100;80;298.7706299;0;0;26.69988251;-0.234480083;1.640519977;
43.12332916;100;80;297.6195984;0;0;26.79888535;-0.2504202127;1.624579787;
43.07486725;100;80;296.3740234;0;0;26.89890862;-0.2675427198;1.60745728;
43.0303154;100;80;295.2254944;0;0;26.99889374;-0.2832131386;1.591786861;
42.98229599;100;80;293.9825745;0;0;27.09889603;-0.3000454307;1.57495451;
42.93816757;100;80;292.8365173;0;0;27.19891548;-0.3154499531;1.559550047;
42.89058304;100;80;291.596283;0;0;27.29890251;-0.3319942057;1.543005824;
42.84687042;100;80;290.4526672;0;0;27.3989048;-0.3471330404;1.52786696;
42.79973602;100;80;289.2150574;0;0;27.498909;-0.3633914292;1.511608601;
42.75642776;100;80;288.0738525;0;0;27.59891319;-0.3782684207;1.496731639;
42.70972824;100;80;286.8388367;0;0;27.69892311;-0.3942434192;1.48075664;
42.66681671;100;80;285.7000427;0;0;27.7989254;-0.4088590443;1.466140985;
42.62055206;100;80;284.4676208;0;0;27.89892197;-0.4245527387;1.450447321;
42.57804871;100;80;283.3312073;0;0;27.99892807;-0.4389093816;1.436090589;
42.53222275;100;80;282.1013489;0;0;28.09893036;-0.4543221891;1.420677781;
42.49010849;100;80;280.9672852;0;0;28.19893074;-0.4684216976;1.406578302;
100;80;279.7399597;0;0;28.29893494;-0.4835564494;1.39144361;
42.40296936;100;80;278.6082153;0;0;28.39893913;-0.4973996878;1.377600312;
42.35800171;100;80;277.3834229;0;0;28.49894333;-0.5122577548;1.362742186;
42.31667328;100;80;276.2539978;0;0;28.59895325;-0.5258467793;1.349153161;42.29264832;100;80;275.6896973;
