sep=;
unknown1; unknown2; currentSpeed; currentLimit; nextLimit; distance; gaspedal; brakepedal; timestamp
0.2469284534;100;80;900;0;0;0.04999802262;
0.419854641;100;80;512.0496216;0;0;0.1499755979;
0.5714377165;100;80;512.0369263;0;0;0.2499947399;
0.7275474072;100;80;512.0216675;0;0;0.3499923348;
0.8640642762;100;80;512.0012207;0;0;0.4499889016;
1.008008122;100;80;511.9782715;0;0;0.5500141978;
1.137416959;100;80;511.9494324;0;0;0.6500025392;
1.27379179;100;80;511.91922;0;0;0.7500036955;
1.396717191;100;80;511.8826599;0;0;0.8500100374;
1.526352763;100;80;511.845459;0;0;0.9500117302;
1.642902851;100;80;511.8015747;0;0;1.050018072;
1.766098857;100;80;511.757782;0;0;1.150036216;
1.876843333;100;80;511.7069397;0;0;1.250023961;
1.993710637;100;80;511.6569519;0;0;1.35002625;
2.098889112;100;80;511.5995178;0;0;1.450033545;
2.209963083;100;80;511.5435486;0;0;1.550043941;
2.309705257;100;80;511.4798584;0;0;1.650061607;
2.414817095;100;80;511.418335;0;0;1.7500453;
2.509492636;100;80;511.3486938;0;0;1.850070596;
2.609140635;100;80;511.2818298;0;0;1.950086713;
2.698535919;100;80;511.206604;0;0;2.05005765;
2.793048859;100;80;511.1347046;0;0;2.150060177;
2.877779484;100;80;511.0541687;0;0;2.250079393;
2.96712184;100;80;510.9775085;0;0;2.350070238;
3.04744029;100;80;510.8919678;0;0;2.450083256;
3.131994247;100;80;510.810791;0;0;2.550081968;
3.208091497;100;80;510.7205505;0;0;2.650093794;
3.288244963;100;80;510.6351013;0;0;2.750095606;
3.360257387;100;80;510.5403442;0;0;2.850093126;
3.436160088;100;80;510.4508972;0;0;2.950100422;
3.504355431;100;80;510.3519287;0;0;3.050102234;
3.576254845;100;80;510.2586975;0;0;3.150125027;
3.640748024;100;80;510.1557007;0;0;3.250115395;
3.708778381;100;80;510.0588989;0;0;3.350112915;
3.769863129;100;80;509.9521484;0;0;3.450145483;
3.8341856;100;80;509.8519592;0;0;3.550132275;
3.892035484;100;80;509.7416687;0;0;3.650129318;
3.952937841;100;80;509.6382751;0;0;3.750139713;
4.007667065;100;80;509.5246582;0;0;3.850162506;
4.065358639;100;80;509.4183044;0;0;3.950149298;
4.117140293;100;80;509.3015137;0;0;4.050151825;
4.171835423;100;80;509.1923523;0;0;4.150155544;
4.220965385;100;80;509.0726318;0;0;4.250162125;
4.27277565;100;80;508.9608154;0;0;4.350186825;
4.319350243;100;80;508.8383179;0;0;4.450186253;
4.368375778;100;80;508.723999;0;0;4.550177097;
4.412486076;100;80;508.598877;0;0;4.650169849;
4.458961964;100;80;508.4822693;0;0;4.75017786;
4.500628948;100;80;508.3547058;0;0;4.850184917;
4.544517517;100;80;508.2359009;0;0;4.95018959;
4.583882809;100;80;508.1060486;0;0;5.05018568;
4.625392437;100;80;507.9852295;0;0;5.150192261;
4.662525177;100;80;507.8532715;0;0;5.25019598;
4.701598644;100;80;507.7299194;0;0;5.350206852;
4.736662865;100;80;507.5959778;0;0;5.450204849;
4.773434162;100;80;507.4715271;0;0;5.550211906;
4.806476593;100;80;507.3364258;0;0;5.650210381;
4.841523647;100;80;507.2096863;0;0;5.750225544;
4.872574806;100;80;507.0722656;0;0;5.850233078;
4.905594826;100;80;506.9447021;0;0;5.950249195;
4.935121059;100;80;506.8057251;0;0;6.050264359;
4.966152668;100;80;506.6767883;0;0;6.150233746;
4.993993282;100;80;506.5364075;0;0;6.250242233;
5.023407459;100;80;506.4062195;0;0;6.350244045;
5.049747467;100;80;506.2645264;0;0;6.450246811;
5.077370167;100;80;506.1331787;0;0;6.55025816;
5.102170944;100;80;505.9903259;0;0;6.650257587;
5.128161907;100;80;505.8579407;0;0;6.750282288;
5.151483059;100;80;505.7139893;0;0;6.850272179;
5.175863743;100;80;505.5806885;0;0;6.950278759;
5.197672844;100;80;505.435791;0;0;7.050308228;
5.223649025;100;80;505.3016663;0;0;7.150280952;
5.250596046;100;80;505.1558228;0;0;7.25028038;
5.279309273;100;80;505.0206909;0;0;7.35029459;
5.304089546;100;80;504.8737183;0;0;7.450332642;
5.328860283;100;80;504.7375183;0;0;7.550296307;
5.349918365;100;80;504.5894165;0;0;7.650314808;
5.370769501;100;80;504.45224;0;0;7.750309944;
5.388771534;100;80;504.3031006;0;0;7.850326061;
5.407310009;100;80;504.1649475;0;0;7.950340271;
5.423689842;100;80;504.014801;0;0;8.050320625;
5.440757751;100;80;503.8757629;0;0;8.150320053;
5.455944061;100;80;503.7246399;0.03906369209;0;8.250328064;
5.483253479;100;80;503.5846863;0.1562547684;0;8.350338936;
5.541604996;100;80;503.432251;0.3046967983;0;8.450334549;
5.671144962;100;80;503.2897949;0.3437604904;0;8.550348282;
5.867154598;100;80;503.1318054;0.3671987057;0;8.650370598;
6.18407917;100;80;502.9805603;0.6172063351;0;8.750351906;
6.71993351;100;80;502.8078918;1;0;8.850359917;
7.860367775;100;80;502.6330872;1;0;8.950365067;
9.133928299;100;80;502.4119568;1;0;9.050363541;
10.52368355;100;80;502.1743469;1;0;9.150366783;
11.84775352;100;80;501.8808594;1;0;9.250384331;
13.19561195;100;80;501.5743408;0.2656331062;0;9.350376129;
14.27750206;100;80;501.2061462;0.07812738419;0;9.450385094;
14.85838604;100;80;500.8383484;0;0;9.550384521;
15.06201553;100;80;500.4251709;0;0;9.650430679;
15.14138985;100;80;500.0369263;0;0;9.750483513;
15.14880085;100;80;499.6124573;0;0;9.850403786;
14.9713335;100;80;499.2202759;0;0;9.950413704;
14.796031;100;80;498.7996216;0;0;10.05040359;
14.61409473;100;80;498.4148865;0;0;10.15041065;
14.44616795;100;80;498.0022583;0;0;10.25041771;
14.26479912;100;80;497.6255798;0;0;10.35045242;
14.15869904;100;80;497.2218628;0.1328165531;0;10.45042419;
14.23282909;100;80;496.8511963;0.2656331062;0;10.55042934;
14.42855453;100;80;496.4468689;0.3828241825;0;10.65043354;
14.7582674;100;80;496.0680542;0.523453474;0;10.75043583;
15.17310238;100;80;495.6482849;0.6172063351;0;10.85045052;
15.67562962;100;80;495.2491455;0.6562700272;0;10.95044708;
16.1782341;100;80;494.8027954;0.671895504;0;11.05045128;
16.73445892;100;80;494.3768311;0.7109591961;0;11.15045357;
17.29953003;100;80;493.8996887;0.7890865803;0;11.25050545;
17.97708511;100;80;493.4431763;0.8125247955;0;11.35046387;
18.62870407;100;80;492.9295959;0.8906521797;0;11.45051479;
19.45033455;100;80;492.4371338;1;0;11.55047989;
20.25854492;100;80;491.8858032;1;0;11.65048504;
21.14696693;100;80;491.3035278;1;0;11.7504797;
21.97082329;100;80;490.7431946;1;0;11.85049343;
22.87004089;100;80;490.1605835;1;0;11.95049;
23.70583725;100;80;489.5040283;1;0;12.04949284;
24.61659813;100;80;488.8744507;1;0;12.14950371;
25.46226501;100;80;488.166687;1;0;12.24949932;
26.38469315;100;80;487.489502;1;0;12.34950447;
27.24204063;100;80;486.7298279;1;0;12.44951153;
28.18441582;100;80;486.004425;1;0;12.54951477;
29.06811142;100;80;485.1920166;1;0;12.64952087;
30.054533;100;80;484.4172058;0.8907189965;0;12.74952888;
30.9532032;100;80;483.5499573;0.8000000119;0;12.84955406;
31.73079872;100;80;482.724823;0.8083853126;0;12.94953251;
32.36789322;100;80;481.809845;0.8608439565;0;13.0495348;
33.01008987;100;80;480.9471436;0.8906521797;0;13.14953327;
33.49632263;100;80;479.9947815;0.8906521797;0;13.24954414;
34.01233292;100;80;479.1021423;0.8906521797;0;13.34957314;
34.50011826;100;80;478.1204224;0.8906521797;0;13.44956017;
35.30314636;100;80;476.6578979;0.9687795639;0;13.59957123;
35.85223007;100;80;475.7164917;0.9844050407;0;13.69957066;
36.45882034;100;80;474.6800842;1;0;13.79957294;
37.02563095;100;80;473.7078857;1;0;13.89958477;
37.64107513;100;80;472.6376038;1;0;13.99958897;
38.21011734;100;80;471.6338806;1;0;14.09958076;
38.82339096;100;80;470.5294189;1;0;14.19961166;
39.38994217;100;80;469.4942322;0.9844050407;0;14.29959011;
39.99852371;100;80;468.3558655;0.9844050407;0;14.39959526;
40.56206894;100;80;467.2895508;0.9844050407;0;14.49959755;
41.17420959;100;80;466.1175537;0.9844050407;0;14.59960175;
41.73168945;100;80;465.0202332;0.9844050407;0;14.69960594;
42.34599304;100;80;463.8148499;0.9687795639;0;14.79961109;
42.89412689;100;80;462.6867065;0.9453413486;0;14.89961815;
43.48248291;100;80;461.4483948;0.9062776566;0;14.99961948;
43.99863052;100;80;460.2905884;0.8906521797;0;15.09962559;
44.55504227;100;80;459.0211487;0.8906521797;0;15.19963169;
45.1027298;100;80;457.8353882;0.8000000119;0;15.29963112;
45.64217758;100;80;456.5347595;0.8000000119;0;15.39964104;
46.08541489;100;80;455.321167;0.8321489692;0;15.49964523;
46.54919434;100;80;453.9936523;0.8874133825;0;15.59966278;
46.93806076;100;80;452.7567444;0.8906521797;0;15.69967461;
47.29907608;100;80;451.4059448;0.8906521797;0;15.79965401;
47.66276932;100;80;450.1437378;0.671895504;0;15.89966679;
47.72995377;100;80;448.780365;0;0;15.99967098;
47.58145523;100;80;447.515625;0;0;16.09968948;
47.45656204;100;80;446.1500244;0;0;16.19967079;
47.42171478;100;80;444.891571;0;0;16.29969025;
46.06933975;100;80;443.5297546;0;100;16.399683;
43.23430634;100;80;442.3155212;0;100;16.49969673;
40.02050781;100;80;441.0840454;0;100;16.59969139;
36.98714066;100;80;440.0239563;0;100;16.69969368;
33.91638947;100;80;438.9585876;0;100;16.79970932;
31.25700951;100;80;438.0579224;0;100;16.89969635;
28.24081802;100;80;437.1671143;0;100;16.99970818;
25.52740288;100;80;436.4146118;0;100;17.09973335;
22.77838516;100;80;435.6843262;0;100;17.19971657;
20.4216423;100;80;435.0799561;0;100;17.29972267;
17.97175217;100;80;434.4959106;0;100;17.39974022;
15.88086224;100;80;434.0188599;0;100;17.4997406;
13.79271221;100;80;433.5641479;0;100;17.59973717;
12.01593685;100;80;433.1974792;0;100;17.69973946;
10.23737431;100;80;432.853302;0;100;17.79976845;
8.7183218;100;80;432.5809326;0;100;17.89975166;
7.193037033;100;80;432.3312988;0;100;17.99975014;
5.885838509;100;80;432.1397705;0;92.579422;18.09975243;
4.567950249;100;80;431.971405;0;64.84420013;18.1997757;
3.425471306;100;80;431.8496704;0;23.01553345;18.29977417;
2.681577206;100;80;431.7519226;0;0;18.39978027;
2.731782913;100;80;431.678009;0;0;18.49979591;
2.802178621;100;80;431.5958862;0;0;18.59978294;
2.861611605;100;80;431.5206604;0;0;18.69980431;
2.924885273;100;80;431.4381104;0;0;18.79979134;
2.984211683;100;80;431.3600769;0;0;18.8997879;
3.047368288;100;80;431.2739258;0;0;18.99979401;
3.107354403;100;80;431.1929626;0;0;19.0997982;
3.09145093;100;80;431.1033936;0;20.633564;19.19981194;
2.795521736;100;80;431.0220642;0;45.23758698;19.29980469;
2.280651808;100;80;430.9436035;0;58.98464966;19.39982796;
1.649107456;100;80;430.8840027;0;82.81349945;19.49981308;
1.006337643;100;80;430.838501;0;92.579422;19.59981918;
0.1565174758;100;80;430.8132019;0;100;19.69985008;
-0.0925758779;100;80;430.8083191;0;100;19.79983521;
-0.06172301993;100;80;430.8087463;0;100;19.89983177;
0.005350393709;100;80;430.8089905;0;100;19.99983788;
0.01180174481;100;80;430.8089294;0;100;20.09983826;
-0.005763930269;100;80;430.8087463;0;100;20.1998539;
-0.006619853433;100;80;430.8086853;0;100;20.24984932;
-0.00351581024;100;80;430.8086548;0;100;20.29985428;
0.0009882010054;100;80;430.8086243;0;100;20.34985352;
0.003071473911;100;80;430.8085938;0;100;20.39987755;
0.00304286601;100;80;430.8085632;0;100;20.44989395;
0.0001277617994;100;80;430.8085022;0;100;20.54986191;
-0.0004280221474;100;80;430.8084412;0;100;20.6498661;
0.0005407604622;100;80;430.8084106;0;100;20.74988174;
0.0005738926702;100;80;430.8084106;0;100;20.84989929;
7.093470776e-005;100;80;430.8083801;0;100;20.94987869;
1.986896314e-005;100;80;430.8083801;0;100;21.04989243;
0.0001422503847;100;80;430.8083496;0;100;21.14989471;
0.0001194435245;100;80;430.8083496;0;100;21.24989128;
2.832126847e-005;100;80;430.8083496;0;97.26706696;21.34989548;
4.943626664e-006;100;80;430.8083496;0;94.92324829;21.44989967;
2.713021786e-005;100;80;430.8083496;0;83.59477234;21.54990196;
1.852299465e-005;100;80;430.8083496;0;73.0475769;21.6499157;
1.861708552e-005;100;80;430.8083496;0;71.09439087;21.74993324;
-7.798707884e-006;100;80;430.8083496;0;64.84420013;21.84993362;
1.334978515e-005;100;80;430.8083496;0;44.44410706;21.9499321;
0.001052507199;100;80;430.8083496;0;24.6024971;22.04992294;
0.1166657358;100;80;430.8081665;0;0;22.14993668;
0.2683712542;100;80;430.8044434;0;0;22.24993324;
0.428293556;100;80;430.796936;0;0;22.34998322;
0.5711638331;100;80;430.7846985;0;0;22.44994926;
0.722153604;100;80;430.7694092;0;0;22.54995537;
0.8582416773;100;80;430.7486877;0;0;22.64995766;
1.001720786;100;80;430.7258606;0;0;22.74996948;
1.131120324;100;80;430.6972046;0;0;22.84997368;
1.267897964;100;80;430.6671448;0;0;22.94996262;
1.390967965;100;80;430.6308289;0;0;23.04996681;
1.520920277;100;80;430.5939026;0;0;23.14997864;
1.637869716;100;80;430.550293;0;0;23.24998474;
