sep=;
unknown1; unknown2; currentSpeed; currentLimit; nextLimit; distance; gaspedal; brakepedal; timestamp

0.3023959398;100;80;512.0551758;0;0;0.1000063643;-2.091739043e-005;1.874979138;
0.4724315405;100;80;512.0461426;0;0;0.2000199109;-2.015129576e-005;1.874979854;
0.6220835447;100;80;512.0321045;0;0;0.3000139594;-1.522115781e-005;1.874984741;
0.7749975324;100;80;512.0157471;0;0;0.4000208378;-1.643098403e-005;1.874983549;
0.9102798104;100;80;511.9938354;0;0;0.5000523329;-2.139416938e-005;1.874978662;
1.05332756;100;80;511.9696655;0;0;0.6000258923;-2.466874139e-005;1.874975324;
1.181905985;100;80;511.9395142;0;0;0.7000281215;-2.676632539e-005;1.874973178;
1.317463517;100;80;511.9081116;0;0;0.8000391126;-2.954907904e-005;1.874970436;
1.439473748;100;80;511.8702698;0;0;0.9000470042;-3.360988558e-005;1.874966383;
1.568210959;100;80;511.8319397;0;0;1.000043154;-3.798103717e-005;1.874961972;
1.683991551;100;80;511.7868347;0;0;1.100064874;-4.241442002e-005;1.874957561;
1.806308746;100;80;511.7419739;0;0;1.200048089;-4.811125109e-005;1.874951839;
1.920837998;100;80;511.7063293;0;0;1.300066352;-5.468499876e-005;1.874945283;
2.028024673;100;80;511.6366882;0;0;1.400061369;-6.186954124e-005;1.87493813;
2.141200542;100;80;511.5826416;0;0;1.500061631;-7.077716145e-005;1.87492919;
2.242996931;100;80;511.5209351;0;0;1.600080729;-7.967709826e-005;1.874920368;
2.350362778;100;80;511.4611511;0;0;1.700081468;-9.102097101e-005;1.874908924;
2.446862698;100;80;511.3934021;0;0;1.800076604;-0.000103239654;1.874896765;
2.548692465;100;80;511.3281555;0;0;1.900092721;-0.0001175020006;1.87488246;
2.640153646;100;80;511.2546692;0;0;2.000077963;-0.0001327700884;1.874867201;
2.736555576;100;80;511.1842957;0;0;2.100095749;-0.0001510529837;1.874848962;
2.823259115;100;80;511.1053467;0;0;2.200139999;-0.0001700120192;1.874830008;
2.914607048;100;80;511.0300903;0;0;2.300091028;-0.000192958134;1.874807;
2.996699572;100;80;510.9460144;0;0;2.400092125;-0.0002161405137;1.874783874;
3.082494736;100;80;510.8661194;0;0;2.500098944;-0.0002437954827;1.874756217;
3.160288334;100;80;510.7780151;0;0;2.600099802;-0.0002719194163;1.874728084;
3.24240303;100;80;510.6866455;0;0;2.70010519;-0.0003052717075;1.874694705;
3.316156149;100;80;510.6002197;0;0;2.800109863;-0.0003389020567;1.874661088;
3.393965006;100;80;510.5117798;0;0;2.89913559;-0.0003783251741;1.87462163;
3.463881016;100;80;510.4138489;0;0;2.999116182;-0.0004178597883;1.874582171;
3.537629128;100;80;510.3215027;0;0;3.099125624;-0.0004640707048;1.874535918;
3.603827238;100;80;510.2193909;0;0;3.199135065;-0.0005099527189;1.874490023;
3.673637152;100;80;510.123291;0;0;3.299130201;-0.0005634046393;1.874436617;
3.736318111;100;80;510.0172729;0;0;3.399131536;-0.0006161440397;1.874383807;
3.802415371;100;80;509.9176331;0;0;3.499143362;-0.0006772830384;1.874322772;
3.861796141;100;80;509.8078918;0;0;3.599142551;-0.0007374425768;1.874262571;
3.924416304;100;80;509.7049255;0;0;3.699140787;-0.0008068605093;1.874193192;
3.980656624;100;80;509.5916138;0;0;3.799153328;-0.0008748364053;1.874125123;
4.039997101;100;80;509.4854736;0;0;3.899161816;-0.0009528766968;1.87404716;
4.093306065;100;80;509.3688354;0;0;3.999157906;-0.001029086648;1.873970866;
4.149572849;100;80;509.2597046;0;0;4.099182129;-0.001116448082;1.873883605;
4.200120926;100;80;509.1398926;0;0;4.199162006;-0.001201275038;1.873798728;
4.253492832;100;80;509.0278931;0;0;4.299171448;-0.001298299292;1.873701692;
4.301428795;100;80;508.9050903;0;0;4.399174213;-0.001395046595;1.873605013;
4.351932526;100;80;508.7904053;0;0;4.499181747;-0.001512802322;1.873487234;
