sep=;
unknown1; unknown2; currentSpeed; currentLimit; nextLimit; distance; gaspedal; brakepedal; timestamp
0.2051589936;100;80;900;0;0;0.05001498759;
0.3688087761;100;80;512.0519409;0;0;0.1500018537;
0.5353809595;100;80;512.0411987;0;0;0.250010252;
0.6817822456;100;80;512.0256958;0;0;0.3500227928;
0.8315209746;100;80;512.0078735;0;0;0.4500142634;
0.9653464556;100;80;511.9842224;0;0;0.5500283241;
1.106912255;100;80;511.9585876;0;0;0.6500192881;
1.233986497;100;80;511.9269104;0;0;0.7500364184;
1.368145466;100;80;511.8940735;0;0;0.8500279188;
1.488863111;100;80;511.8547668;0;0;0.9500440359;
1.616206646;100;80;511.8151245;0;0;1.0500319;
1.73080647;100;80;511.7686157;0;0;1.150035262;
1.850679755;100;80;511.7190247;0;0;1.250066757;
1.959532022;100;80;511.6697083;0;0;1.350078225;
2.074467659;100;80;511.6130066;0;0;1.450045109;
2.177877188;100;80;511.5577087;0;0;1.549060941;
2.286993504;100;80;511.4996338;0;0;1.649059057;
2.385042191;100;80;511.4337158;0;0;1.7490623;
2.488500357;100;80;511.3701477;0;0;1.849061012;
2.581496;100;80;511.2984009;0;0;1.949070454;
2.679470778;100;80;511.2295837;0;0;2.049068689;
2.76755023;100;80;511.1523132;0;0;2.149078131;
2.860441208;100;80;511.0785217;0;0;2.249074221;
2.912994862;100;80;510.9960632;0;3.173924923;2.349075794;
3.076558352;100;80;510.8319092;0;0;2.549084425;
3.161077738;100;80;510.7498474;0;0;2.64911747;
3.185120583;100;80;510.6586609;0;16.66615868;2.749119282;
2.917538643;100;80;510.5744629;0;38.49147034;2.849095345;
2.573505878;100;80;510.4909973;0;42.06213379;2.94909811;
2.171721697;100;80;510.4229431;0;45.23758698;3.04912138;
1.782037258;100;80;510.3600464;0;49.99847412;3.14910984;
1.332125664;100;80;510.3129883;0;50.39063644;3.249130487;
0.9374355078;100;80;510.2743225;0;51.17190933;3.349141121;
0.487244308;100;80;510.2495117;0;53.51573181;3.449121237;
0.07453101128;100;80;510.235199;0;51.95318604;3.549118996;
-0.06310608238;100;80;510.2328186;0;45.23758698;3.649138212;
-0.03411224484;100;80;510.2333374;0;22.61879349;3.749124527;
0.08518936485;100;80;510.233551;0;0;3.849142075;
0.2349438816;100;80;510.2308044;0;0;3.949135065;
0.3954088688;100;80;510.2234192;0;0;4.049136162;
0.5395332575;100;80;510.2126465;0;0;4.149151325;
0.6912738681;100;80;510.1967468;0;0;4.249167919;
0.8279886842;100;80;510.1781921;0;0;4.349142551;
0.9722869396;100;80;510.1539917;0;0;4.449179649;
1.102340937;100;80;510.1280212;0;0;4.549167156;
1.239816785;100;80;510.0960083;0;0;4.649151802;
1.365427136;100;80;510.0629272;0.07812738419;0;4.749184608;
1.520162821;100;80;510.0232544;0.187505722;0;4.849166393;
1.705611706;100;80;509.9825745;0.2968840599;0;4.949188709;
1.975127459;100;80;509.9327087;0.3203222752;0;5.04916954;
2.294839859;100;80;509.8796387;0.3906369209;0;5.149170876;
2.744132996;100;80;509.8123169;0.429700613;0;5.249186039;
3.593689919;100;80;509.6965027;0.4140751362;0;5.39918375;
4.198431969;100;80;509.5926819;0.4062623978;0;5.49917841;
4.869959354;100;80;509.4802551;0.3906369209;0;5.59919405;
5.488407612;100;80;509.3399963;0.4453260899;0;5.699187279;
6.189903259;100;80;509.1933899;0.4609515667;0;5.799197197;
6.864398956;100;80;509.0149841;0.4609515667;0;5.899192333;
7.604678631;100;80;508.8316345;0.4609515667;0;5.999195576;
8.284220695;100;80;508.6125793;0.4609515667;0;6.099215984;
9.009744644;100;80;508.391571;0.4609515667;0;6.199205399;
9.66577816;100;80;508.1320801;0.4609515667;0;6.299209595;
10.35926914;100;80;507.8743591;0.4609515667;0;6.399217129;
10.98397541;100;80;507.5759888;0.4609515667;0;6.499209404;
11.64527702;100;80;507.2832336;0.4609515667;0;6.599220753;
12.24101162;100;80;506.9477539;0.4453260899;0;6.699222565;
12.8949976;100;80;506.621521;0.4609515667;0;6.799268246;
13.49117279;100;80;506.249939;0.4140751362;0;6.899225235;
14.07240486;100;80;505.890564;0.3906369209;0;6.999233723;
14.54397964;100;80;505.4853821;0.3906369209;0;7.099245548;
15.57114601;100;80;505.0972595;0.3046967983;0;7.199266434;
15.95623398;100;80;504.6485596;0.1718802452;0;7.299248695;
15.97229671;100;80;504.2259216;0.02343821526;0;7.399244785;
15.80710506;100;80;503.7680664;0.02343821526;0;7.49925518;
15.70921707;100;80;503.3479309;0.06250190735;0;7.599250793;
15.75521183;100;80;502.8947449;0.06250190735;0;7.69925499;
15.82898617;100;80;502.4730835;0.1015655994;0;7.799267769;
15.93849277;100;80;502.0167542;0.1406292915;0;7.899264812;
16.05781555;100;80;501.5924072;0.1406292915;0;7.999274731;
16.12796593;100;80;501.1295471;0.1406292915;0;8.099270821;
16.20837975;100;80;500.7004089;0.187505722;0;8.199271202;
16.28939819;100;80;500.2330627;0.1953184605;0;8.299277306;
16.38280296;100;80;499.7993164;0.2265694141;0;8.399285316;
16.47938728;100;80;499.3268433;0.2656331062;0;8.499289513;
16.60123825;100;80;498.8879089;0.3203222752;0;8.599285126;
16.72706985;100;80;498.4089355;0.3515732288;0;8.69930172;
16.87498093;100;80;497.9632568;0.3750114441;0;8.799293518;
17.02625275;100;80;497.4762878;0.4140751362;0;8.899503708;
17.20915222;100;80;497.0224915;0.484389782;0;8.999324799;
17.3972702;100;80;496.5257568;0.5156407356;0;9.099321365;
17.58530617;100;80;496.0621643;0.5547044277;0;9.199310303;
17.81500435;100;80;495.5546265;0.5937681198;0;9.299312592;
18.12612915;100;80;495.0795898;0.6640827656;0;9.399323463;
18.47864723;100;80;494.5562744;0.7031464577;0;9.499316216;
19.0894165;100;80;494.0629883;0.7890865803;0;9.59932518;
19.76957703;100;80;493.5114746;0.9531540871;0;9.699338913;
20.62109947;100;80;492.9837036;0.9765923023;0;9.799325943;
21.42278481;100;80;492.3886108;0.9609668255;0;9.899333;
22.28100204;100;80;491.8174133;0.9765923023;0;9.999332428;
23.08653069;100;80;491.1748047;0.9609668255;0;10.09934616;
23.95434952;100;80;490.5592651;0.9609668255;0;10.19933701;
24.76005173;100;80;489.8683472;0.9765923023;0;10.29937458;
25.65420532;100;80;489.2080994;0.9765923023;0;10.39934731;
26.48665047;100;80;488.467926;0.9765923023;0;10.49934959;
27.39551735;100;80;487.7615662;0.9765923023;0;10.59935951;
28.24760246;100;80;486.9710388;0.9765923023;0;10.69935799;
29.18588829;100;80;486.2175598;0.9765923023;0;10.7993679;
30.11219025;100;80;485.3751831;0.8000000119;0;10.89937019;
31.00952148;100;80;484.5720215;0.8000000119;0;10.99938583;
31.69468498;100;80;483.6774597;0.8379673362;0;11.09937763;
32.39463806;100;80;482.8328857;0.9297953248;0;11.19937038;
32.99864197;100;80;481.8980103;0.9609668255;0;11.29937458;
33.57449722;100;80;481.0184021;0.9765923023;0;11.39941883;
34.11548615;100;80;480.0496216;0.9765923023;0;11.49938965;
34.70709229;100;80;479.1400146;0.9765923023;0;11.59939766;
35.25422668;100;80;478.1381836;0.9765923023;0;11.69941425;
35.84772491;100;80;477.1982422;0.9765923023;0;11.7993927;
36.40400696;100;80;476.1634216;1;0;11.89939785;
37.01901627;100;80;475.192688;1;0;11.999403;
37.58785248;100;80;474.1239624;1;0;12.09940052;
38.20532227;100;80;473.1216431;1;0;12.19940853;
38.77733994;100;80;472.0186462;1;0;12.29943752;
39.39866638;100;80;470.9845886;1;0;12.39942837;
39.97320557;100;80;469.8470764;1;0;12.49941826;
40.5968399;100;80;468.7811279;1;0;12.59942818;
41.17449951;100;80;467.6090393;1;0;12.69942188;
41.80382156;100;80;466.5111084;1;0;12.79943752;
42.38891602;100;80;465.3042297;1;0;12.89942837;
43.02714539;100;80;464.1740112;1;0;12.99943161;
43.62102509;100;80;462.9319763;1;0;13.09943676;
44.26905823;100;80;461.769043;1;0;13.19944286;
44.87103271;100;80;460.491272;1;0;13.29944515;
45.52718353;100;80;459.2951355;1;0;13.39944744;
46.1386261;100;80;457.9810791;0.9624999762;0;13.49945259;
46.76112747;100;80;456.750946;0.8000000119;0;13.59946346;
47.23218918;100;80;455.4013672;0.8075000048;0;13.69945621;
47.71908951;100;80;454.1425476;0.9114999771;0;13.79945946;
48.18355179;100;80;452.7648621;1;0;13.89946842;
48.63927841;100;80;451.4801636;1;0;13.9994669;
49.05582047;100;80;450.0757751;1;0;14.09949398;
49.51027298;100;80;448.7676697;1;0;14.19948292;
49.93099213;100;80;447.3378296;1;0;14.29948616;
50.38651276;100;80;446.0063477;1;0;14.39947605;
50.80725098;100;80;444.5512085;1;0;14.49948883;
51.26318359;100;80;443.1963501;1;0;14.5994854;
51.68420792;100;80;441.7158813;1;0;14.69949913;
52.1408844;100;80;440.3375549;1;0;14.79949951;
52.5628624;100;80;438.8316956;1;0;14.89949989;
53.02062988;100;80;437.4299622;1;0;14.99952316;
53.44448853;100;80;435.8987122;1;0;15.09952354;
53.90478134;100;80;434.4735107;1;0;15.19952011;
54.32987976;100;80;432.9167786;1;0;15.29952049;
54.79018784;100;80;431.4680176;1;0;15.3995285;
55.21556854;100;80;429.8857727;1;0;15.49951649;
55.67776871;100;80;428.4133911;1;0;15.59952736;
56.10582733;100;80;426.8054199;1;0;15.69953823;
56.57117081;100;80;425.3092041;1;0;15.79952908;
57.00212479;100;80;423.6753235;1;0;15.89955425;
57.47075272;100;80;422.1551819;1;0;15.99953175;
57.90523529;100;80;420.4953308;1;0;16.09956551;
58.3787117;100;80;418.9511108;1;0;16.19954872;
58.81746292;100;80;417.2651062;1;0;16.29954529;
59.2942276;100;80;415.6966248;1;0;16.39955139;
59.73603821;100;80;413.9842529;1;0;16.49956322;
60.21644211;100;80;412.3912964;1;0;16.59958076;
60.66150665;100;80;410.6522827;1;0;16.69956589;
61.1451149;100;80;409.0346069;1;0;16.79957008;
61.59329605;100;80;407.2687073;1;0;16.89958954;
62.09062576;100;80;405.6261597;0.8000000119;0;16.99957848;
62.47672272;100;80;403.8330383;0.8000000119;0;17.09958649;
62.83457184;100;80;402.1672668;0.8454999924;0;17.19957352;
63.16106796;100;80;400.3526611;0.9415000081;0;17.29958916;
63.51143265;100;80;398.6683655;1;0;17.39958763;
63.80545044;100;80;396.8340759;1;0;17.49958611;
64.12367249;100;80;395.1327515;1;0;17.59960556;
64.41850281;100;80;393.2806702;1;0;17.69960022;
64.73790741;100;80;391.5628052;1;0;17.79959488;
65.03251648;100;80;389.6929626;1;0;17.89959717;
65.35149384;100;80;387.9587402;1;0;17.99965668;
65.64597321;100;80;386.0711365;1;0;18.09963608;
65.96539307;100;80;384.3205261;1;0;18.19963837;
66.26047516;100;80;382.4151611;1;0;18.29960823;
66.58019257;100;80;380.6481934;1;0;18.39961433;
66.87536621;100;80;378.7250671;1;0;18.49964714;
67.19528198;100;80;376.9416809;1;0;18.59964943;
67.48757935;100;80;375.0007935;1;0;18.69962692;
67.8075943;100;80;373.069458;1;0;18.79965019;
68.10289764;100;80;371.2612;1;0;18.8996315;
68.42274475;100;80;369.2933655;1;0;18.9996357;
68.71805573;100;80;367.4687195;1;0;19.09863853;
69.03803253;100;80;365.6362;1;0;19.19864273;
69.33345795;100;80;363.6420593;1;0;19.29864311;
69.65354156;100;80;361.7931213;1;0;19.39865112;
69.94901276;100;80;359.7812195;1;0;19.49865341;
70.26940918;100;80;357.915863;1;0;19.59866142;
70.56552887;100;80;355.8862;1;0;19.6986599;
70.8862915;100;80;354.0044861;1;0;19.79867554;
71.18237305;100;80;351.9570313;1;0;19.89866447;
71.50345612;100;80;350.0588989;1;0;19.99867249;
71.79983521;100;80;347.9936829;1;0;20.09870148;
72.12091827;100;80;346.079071;1;0;20.19867325;
72.41744995;100;80;343.9960327;1;0;20.29868126;
72.73872375;100;80;342.0650024;1;0;20.39869118;
73.03535461;100;80;339.9641418;1;0;20.49868774;
73.35679626;100;80;338.0166626;1;0;20.59869003;
73.65354919;100;80;335.8979797;1;0;20.69868851;
73.97510529;100;80;333.934021;1;0;20.79870224;
74.27190399;100;80;331.7975159;1;0;20.89870262;
74.59364319;100;80;329.8171082;1;0;20.99873734;
74.8907547;100;80;327.6627502;1;0;21.0987072;
75.2131424;100;80;325.6658936;1;0;21.19874954;
75.51127625;100;80;323.4936523;1;0;21.29874039;
75.83451843;100;80;321.4802551;1;0;21.39871979;
76.13330078;100;80;319.2795715;1;0;21.4987278;
76.45743561;100;80;317.2495117;1;0;21.59872246;
76.75727081;100;80;315.0519104;1;0;21.69872856;
77.08236694;100;80;312.9945374;1;0;21.79874229;
77.384552;100;80;310.7681885;1;0;21.89873123;
77.71066284;100;80;308.7154846;1;0;21.99873543;
78.01222992;100;80;306.4710083;1;0;22.09874916;
78.33813477;100;80;304.3907776;1;0;22.19874001;
78.64077759;100;80;302.1171875;1;0;22.29874611;
78.97061157;100;80;300.0310364;1;0;22.39874649;
79.27438354;100;80;297.7391052;1;0;22.49875641;
79.60383606;100;80;295.6251221;1;0;22.59876633;
79.90831757;100;80;293.3258362;1;0;22.69876671;
80.23879242;100;80;291.1949768;1;0;22.79876137;
80.54424286;100;80;288.8773499;1;0;22.89876747;
80.87561035;100;80;286.7295227;1;0;22.99877357;
81.18186188;100;80;284.3934937;1;0;23.09877586;
81.51418304;100;80;282.2286377;1;0;23.19878006;
81.82135773;100;80;279.8741455;1;0;23.29878044;
82.15460205;100;80;277.6922302;1;0;23.39878082;
82.46270752;100;80;275.3192139;1;0;23.49879265;
82.79698944;100;80;273.1201782;1;0;23.59880638;
83.1059494;100;80;270.7285767;1;0;23.69879341;
83.44132233;100;80;268.5123901;1;0;23.79879761;
83.75138855;100;80;266.1021729;1;0;23.8987999;
84.07334137;100;80;263.8687134;0.8000000119;0;23.99880791;
84.31103516;100;80;261.4403076;0.8000000119;0;24.09880829;
84.54653931;100;80;259.1922302;0.8939999938;0;24.19881248;
84.77401733;100;80;256.7501221;0.9900000095;0;24.29881668;
85.00769806;100;80;254.4894714;1;0;24.39881516;
85.21302795;100;80;252.0340424;1;0;24.49881935;
85.43627167;100;80;249.7617645;1;0;24.59882355;
85.64269257;100;80;247.293869;1;0;24.69882774;
85.86582184;100;80;245.0100861;1;0;24.79883957;
86.07144165;100;80;242.5297852;1;0;24.89883614;
86.29419708;100;80;240.2345428;1;0;24.99883652;
86.49970245;100;80;237.7418365;1;0;25.09885216;
86.71605682;100;80;235.4351501;0.8437757492;0;25.19887161;
86.82238007;100;80;232.9784698;0.1718802452;0;25.29885864;
86.76623535;100;80;230.4708099;0;0;25.39885139;
86.64333344;100;80;228.1576996;0;0;25.49887848;
86.49547577;100;80;225.6552887;0;0;25.59885788;
86.35902405;100;80;223.3489685;0;0;25.69886398;
86.2102356;100;80;220.854538;0;0;25.7988739;
86.07151794;100;80;218.5557556;0;0;25.89889145;
85.92115784;100;80;216.069519;0;0;25.99888611;
85.78279114;100;80;213.7783356;0;0;26.09887314;
85.63366699;100;80;211.3003693;0;0;26.19888687;
85.50362396;100;80;209.016861;0.07812738419;0;26.29888535;
85.40258026;100;80;206.5469208;0.187505722;0;26.39888382;
85.34822083;100;80;204.2695313;0.335947752;0;26.49888611;
85.3327179;100;80;201.8039703;0.3515732288;0;26.5988903;
85.33571625;100;80;199.5284882;0.3750114441;0;26.69890213;
85.35063171;100;80;197.0633545;0.429700613;0;26.79889488;
85.37966156;100;80;194.7874908;0.4609515667;0;26.89891243;
85.42243958;100;80;192.3210602;0.4687643051;0;26.99890327;
85.46418762;100;80;190.0432892;0.4687643051;0;27.09890747;
85.50634003;100;80;187.5744781;0.242194891;0;27.19891167;
85.46847534;100;80;185.2946014;0;0;27.29891777;
85.34514618;100;80;182.8261566;0;0;27.39891624;
85.21051025;100;80;180.550827;0;0;27.49892616;
85.06469727;100;80;178.0896912;0;0;27.59893799;
84.93064117;100;80;175.8215332;0;0;27.69893265;
84.78462219;100;80;173.3684082;0;0;27.79893112;
84.6497879;100;80;171.1076965;0;0;27.89893341;
84.5043335;100;80;168.6625977;0;0;27.9989357;
84.37043762;100;80;166.4092865;0;0;28.09895515;
84.22543335;100;80;163.972229;0;0;28.198946;
84.09146118;100;80;161.7263336;0;0;28.29894829;
83.94669342;100;80;159.297287;0;0;28.3989563;
83.81316376;100;80;157.0587921;0;0;28.49900246;
83.66920471;100;80;154.6377563;0;0;28.59895706;
83.53663635;100;80;152.4066162;0;0;28.69896507;
83.393013;100;80;149.9935303;0;0;28.79896355;
83.26039886;100;80;147.7697449;0;0;28.89899635;
83.11671448;100;80;145.3646545;0;0;28.99897575;
82.98410034;100;80;143.1482544;0;0;29.09901047;
82.82301331;100;80;140.7511749;0;16.66615868;29.19902802;
82.4243927;100;80;138.5431671;0;36.90450668;29.29898262;
81.85191345;100;80;136.1640778;0;36.11102676;29.39899635;
81.3118515;100;80;133.9822998;0;39.28495026;29.49899483;
80.71052551;100;80;131.6345673;0;36.11102676;29.59899521;
80.20969391;100;80;129.4828644;0;27.37968063;29.69902992;
79.78320313;100;80;127.1666031;0;14.28418827;29.79899979;
79.5346756;100;80;125.0391693;0;0;29.89901924;
79.37615967;100;80;122.7417068;0;0;29.99901962;
79.24452972;100;80;120.6251678;0;0;30.09900856;
79.10219574;100;80;118.3363953;0;0;30.19901657;
78.97122192;100;80;116.2272568;0;0;30.29904366;
78.82733154;100;80;113.9461288;0;0;30.39902115;
78.69271088;100;80;111.8440704;0;0;30.49902153;
78.54589844;100;80;109.5707855;0;0;30.59905052;
78.40976715;100;80;107.4760971;0;0;30.69904518;
78.26184082;100;80;105.2110443;0;0;30.79903603;
78.12532043;100;80;103.1242371;0;0;30.89903831;
77.97753906;100;80;100.8680496;0;0;30.99905968;
77.84114838;100;80;98.78977203;0;0;31.09904671;
77.69795227;100;80;96.54322052;0;3.173924923;31.199049;
77.47171021;100;80;94.47416687;0;28.96816826;31.29905128;
76.93224335;100;80;92.24183655;0;40.47517395;31.39905357;
76.35285187;100;80;90.1964798;0;42.06213379;31.49905396;
75.69091034;100;80;87.99824524;0;47.61803055;31.59908676;
75.02267456;100;80;85.98610687;0;49.2049942;31.69908714;
74.26080322;100;80;83.82610321;0;49.99847412;31.79907227;
73.54478455;100;80;81.85073853;0;49.99847412;31.89907265;
72.76554108;100;80;79.73065948;0;49.99847412;31.99906731;
72.05292511;100;80;77.792099;0;49.99847412;32.09908295;
71.29273987;100;80;75.71199036;0;50.39063644;32.19907761;
70.60735321;100;80;73.81056213;0;50.39063644;32.2991066;
69.88031006;100;80;71.77108765;0;50.39063644;32.399086;
69.21507263;100;80;69.90743256;0;50.39063644;32.49909973;
68.49620056;100;80;67.90898132;0;50.39063644;32.59909058;
67.8309021;100;80;66.08306122;0;50.39063644;32.69909668;
67.10790253;100;80;64.12523651;0;50.39063644;32.79909897;
66.44184875;100;80;62.33659363;0;50.39063644;32.8991127;
65.72104645;100;80;60.41876984;0;50.39063644;32.99910355;
65.05702209;100;80;58.6667366;0;50.39063644;33.09912872;
64.33105469;100;80;56.78849411;0;51.95318604;33.19911194;
63.64644241;100;80;55.07324982;0;53.51573181;33.29911804;
62.8852272;100;80;53.23563766;0;55.0782814;33.39911652;
62.17699432;100;80;51.55884933;0;55.85955429;33.49916458;
61.41115189;100;80;49.76358032;0;55.0782814;33.59912491;
60.72482681;100;80;48.12600327;0;49.2049942;33.6991272;
60.10861206;100;80;46.37232971;0;27.37968063;33.79912949;
59.8803978;100;80;44.76840973;0;0;33.89913559;
59.77316284;100;80;43.037117;0;0;33.99914169;
59.67818069;100;80;41.44235992;0;0;34.09914398;
59.57410049;100;80;39.7183075;0;0;34.19914627;
59.48072815;100;80;38.12963104;0;0;34.29918289;
59.38114548;100;80;36.41142273;0;0;34.39915085;
59.28839111;100;80;34.82810974;0;0;34.49916077;
59.18766022;100;80;33.11577988;0;0;34.59915924;
59.09513474;100;80;31.537817;0;0;34.69916153;
59.00990295;100;80;29.83120918;0.1406292915;0;34.79916763;
58.98783493;100;80;28.25799179;0.4062623978;0;34.89916992;
59.04389191;100;80;26.55413246;0.6328318119;0;34.99917603;
59.1513176;100;80;24.97979546;0.7343974113;0;35.09917831;
59.2905426;100;80;23.27109909;0.8000000119;0;35.1991806;
59.43836975;100;80;21.69028664;0.8307805657;0;35.29917908;
59.63217545;100;80;19.97313118;0.9243468642;0;35.399189;
59.86993408;100;80;18.38289833;0.9609668255;0;35.49918747;
60.1737175;100;80;16.65271378;0.9765923023;0;35.59918976;
60.460392;100;80;15.0478487;1;0;35.69919586;
60.83295441;100;80;13.40153694;1;0;35.79919815;
61.06801224;100;80;11.64416027;1;0;35.89920044;
61.37753296;100;80;9.983249664;1;0;35.99923706;
61.67301559;100;80;8.20850563;1;0;36.09920883;
61.98589325;100;80;6.580171108;1;0;36.19921494;
62.28544235;100;80;4.790590763;1;0;36.29924393;
62.58270645;100;80;3.130055904;1;0;36.39921951;
62.89822006;80;60;1.323323011;1;0;36.4992218;
63.19151306;80;60;638.8334961;1;0;36.59825516;
63.50865173;80;60;637.0076904;1;0;36.69823837;
63.80276489;80;60;635.3140869;1;0;36.79823303;
64.12077332;80;60;633.47052;1;0;36.89825058;
64.41440582;80;60;631.7605591;1;0;36.99824142;
64.73320007;80;60;629.899292;1;0;37.09823608;
65.02796173;80;60;628.1640015;1;0;37.19824982;
65.3465271;80;60;626.2849731;0.9531540871;0;37.29824829;
65.58403778;80;60;624.5515747;0.6875209808;0;37.39825058;
65.73973083;80;60;622.6570435;0.2656331062;0;37.49826431;
65.74959564;80;60;620.8954468;0;0;37.59825897;
65.67342377;80;60;618.9967651;0;0;37.69826126;
65.58983612;80;60;617.2459717;0;0;37.79826736;
65.49777222;80;60;615.3515625;0;0;37.8982811;
65.39842987;80;60;613.6051636;0;0;37.99830627;
65.28699493;80;60;611.7162476;0;0;38.09827423;
65.18429565;80;60;609.9754028;0;0;38.19828033;
65.07350922;80;60;608.0925293;0;0;38.29828262;
64.97129059;80;60;606.3572998;0;0;38.39829254;
64.8605957;80;60;604.4805298;0;0;38.49829483;
64.75866699;80;60;602.7509766;0;0;38.59830093;
64.64841461;80;60;600.8803101;0;0;38.69829559;
64.55001068;80;60;599.1563721;0.1562547684;0;38.79831314;
64.50782776;80;60;597.291626;0.3906369209;0;38.89831161;
64.55252838;80;60;595.571228;0.6875209808;0;38.99832535;
64.69446564;80;60;593.7058105;0.8437757492;0;39.09831619;
64.84830475;80;60;591.9803467;0.8000000119;0;39.19831467;
65.00007629;80;60;590.1067505;0.8000000119;0;39.29834747;
65.15421295;80;60;588.3735352;0.8615698218;0;39.39831543;
65.36197662;80;60;586.4910889;0.9452725649;0;39.49832535;
65.61660004;80;60;584.7480469;0.9609668255;0;39.59832764;
65.91704559;80;60;582.8519897;0.9609668255;0;39.69832993;
66.19199371;80;60;581.0941772;0.9609668255;0;39.79833603;
66.49773407;80;60;579.1815796;1;0;39.89833832;
66.78844452;80;60;577.4081421;1;0;39.99834061;
67.10489655;80;60;575.4781494;1;0;40.09835052;
67.39929962;80;60;573.6885986;1;0;40.198349;
67.71897888;80;60;571.7411499;1;0;40.29837418;
68.01403046;80;60;569.9354248;1;0;40.39834976;
68.33372498;80;60;567.9703979;1;0;40.49835205;
68.62846375;80;60;566.1483154;1;0;40.59835815;
68.94657135;80;60;564.1655273;1;0;40.69836426;
69.2399292;80;60;562.3269653;1;0;40.79836655;
69.55768585;80;60;560.326355;1;0;40.89836884;
69.85235596;80;60;558.4714355;1;0;40.99837494;
70.17245483;80;60;556.453064;1;0;41.09838867;
70.46815491;80;60;554.5817261;1;0;41.1983757;
70.78897095;80;60;552.5455933;1;0;41.29838181;
71.08511353;80;60;550.6578369;1;0;41.39840698;
71.40598297;80;60;548.6039429;1;0;41.4983902;
71.70227814;80;60;546.6997681;1;0;41.5983963;
72.09135437;80;60;544.7477417;1;0;41.69839478;
72.33477783;80;60;542.6651611;1;0;41.79840851;
72.62123871;80;60;540.697998;1;0;41.89839935;
72.91819;80;60;538.5982056;1;0;41.99840927;
73.21967316;80;60;536.6530151;1;0;42.09840775;
73.5496521;80;60;534.5379639;1;0;42.19842911;
73.84844971;80;60;532.5766602;1;0;42.29842758;
74.16653442;80;60;530.4428101;1;0;42.3984375;
74.46237183;80;60;528.4650879;1;0;42.49842072;
74.78513336;80;60;526.3135376;1;0;42.59844589;
75.08259583;80;60;524.3192139;1;0;42.69847107;
75.40479279;80;60;522.1497803;1;0;42.79843521;
75.70296478;80;60;520.138916;1;0;42.89844513;
76.02670288;80;60;517.9515381;1;0;42.99843979;
76.32595825;80;60;515.9241333;1;0;43.09844971;
76.65054321;80;60;513.71875;1;0;43.19844818;
76.94950867;80;60;511.6747437;0.9062776566;0;43.29847717;
77.21166229;80;60;509.4515076;0.7578356266;0;43.39846802;
77.41207886;80;60;507.3927917;0.7422101498;0;43.49847031;
77.65648651;80;60;505.15625;0.7031464577;0;43.59846878;
77.81655121;80;60;503.0854492;0.3906369209;0;43.69846344;
77.88072968;80;60;500.8377686;0.0859401226;0;43.79848099;
77.83866119;80;60;498.7615662;0;0;43.89846802;
77.72628784;80;60;496.5136108;0;0;43.99847412;
77.60521698;80;60;494.4414063;0;0;44.09847641;
77.47291565;80;60;492.1999817;0;0;44.1984787;
77.35089874;80;60;490.1342773;0;0;44.29848099;
77.21850586;80;60;487.9001465;0;0;44.39849472;
77.09638214;80;60;485.841217;0;0;44.49849319;
76.9641037;80;60;483.6143799;0;0;44.59849167;
76.84182739;80;60;481.5622253;0;0;44.69849396;
76.7093277;80;60;479.3427124;0;0;44.79851151;
76.58703613;80;60;477.2972717;0;0;44.89850616;
76.45466614;80;60;475.0849915;0;0;44.99853897;
76.33276367;80;60;473.0462646;0;0;45.09851837;
76.20166016;80;60;470.8412476;0;0;45.19851685;
76.0811615;80;60;468.8092346;0;0;45.29852295;
75.95594025;80;60;466.6114807;0.06250190735;0;45.39854431;
75.86891937;80;60;464.585968;0.0859401226;0;45.49853897;
75.79714203;80;60;462.3941956;0.1328165531;0;45.59852982;
75.74801636;80;60;460.3728638;0.1953184605;0;45.69855118;
75.71257019;80;60;458.1846008;0.2265694141;0;45.79853058;
75.68983459;80;60;456.1655273;0.242194891;0;45.89855957;
75.6710968;80;60;453.9789124;0.242194891;0;45.99854279;
75.65478516;80;60;451.8769226;0.2656331062;0;46.09854889;
75.64546204;80;60;449.8594055;0.2968840599;0;46.19854736;
75.64518738;80;60;447.6740417;0.335947752;0;46.29854965;
75.65897369;80;60;445.6462708;0.4062623978;0;46.39863205;
75.69828796;80;60;443.4709473;0.484389782;0;46.49855042;
75.76174927;80;60;441.452179;0.578142643;0;46.59856033;
75.85223389;80;60;439.2632446;0.6093935966;0;46.69856262;
75.94891357;80;60;437.2404175;0.6797082424;0;46.79856873;
76.06954193;80;60;435.046051;0.6875209808;0;46.89857483;
76.18665314;80;60;433.0174255;0.7031464577;0;46.99857712;
76.31756592;80;60;430.8162537;0.7187719345;0;47.09857559;
76.44445801;80;60;428.7810364;0.7343974113;0;47.19858932;
76.58249664;80;60;426.5724182;0.7187719345;0;47.29858017;
76.70731354;80;60;424.5301819;0.7187719345;0;47.39858627;
76.8423996;80;60;422.3140259;0.7187719345;0;47.49858856;
76.96707153;80;60;420.2648621;0.7187719345;0;47.59859467;
77.10202026;80;60;418.0411987;0.7187719345;0;47.69860077;
77.22651672;80;60;415.9851379;0.7187719345;0;47.79859924;
77.36294556;80;60;413.7539978;0.7343974113;0;47.89863586;
77.49069214;80;60;411.6909485;0.7187719345;0;47.99860382;
77.62561035;80;60;409.4521484;0.7343974113;0;48.09860992;
77.75130463;80;60;407.3821106;0.7187719345;0;48.19861603;
77.8894043;80;60;405.1358032;0.7343974113;0;48.2986145;
78.01817322;80;60;403.0587158;0.7343974113;0;48.39864731;
78.15872955;80;60;400.804657;0.7734611034;0;48.49863052;
78.29750061;80;60;398.7203979;0.7734611034;0;48.598629;
78.44960022;80;60;396.458252;0.7734611034;0;48.69862747;
78.58961487;80;60;394.3662109;0.7734611034;0;48.79863739;
78.74125671;80;60;392.0956726;0.7734611034;0;48.89863968;
78.88111115;80;60;389.9958801;0.7734611034;0;48.99863815;
79.03256226;80;60;387.7168884;0.7734611034;0;49.09864807;
79.17417908;80;60;385.6093445;0.7968993187;0;49.19864655;
79.34020233;80;60;383.3218689;0.8828394413;0;49.29864883;
79.51303101;80;60;381.2060547;0.8828394413;0;49.39865875;
79.70072937;80;60;378.9086914;0.8828394413;0;49.49868774;
79.87291718;80;60;376.7832947;0.8984649181;0;49.59865952;
80.06365204;80;60;374.4755859;0.8828394413;0;49.69866943;
80.23716736;80;60;372.3405151;0.8828394413;0;49.79866791;
80.42449951;80;60;370.0223083;0.8828394413;0;49.8986969;
80.59742737;80;60;367.8776245;0.8828394413;0;49.99868011;
80.78376007;80;60;365.5490112;0.8828394413;0;50.09871674;
80.95567322;80;60;363.3947754;0.8828394413;0;50.19868088;
81.14306641;80;60;361.0558167;0.8984649181;0;50.29872131;
81.31803131;80;60;358.8919373;0.8828394413;0;50.39869308;
81.50543213;80;60;356.542511;0.8984649181;0;50.49871826;
81.67957306;80;60;354.3690186;0.8984649181;0;50.59870148;
81.87010956;80;60;352.0091553;0.8984649181;0;50.69869614;
82.04638672;80;60;349.8259277;0.8984649181;0;50.79870224;
82.23725891;80;60;347.4554443;0.8984649181;0;50.89870453;
82.41339111;80;60;345.2624512;0.8984649181;0;50.99870682;
82.60413361;80;60;342.8813782;0.8828394413;0;51.09870911;
82.77469635;80;60;340.6786194;0.8984649181;0;51.1987114;
82.96337891;80;60;338.2871094;0.7968993187;0;51.29872513;
83.06752014;80;60;336.0747986;0.1562547684;0;51.39871979;
83.01986694;80;60;333.6755066;0;0;51.49872208;
82.90337372;80;60;331.4622498;0;0;51.59874344;
82.76222992;80;60;329.0678406;0;0;51.69873047;
82.63248444;80;60;326.8610535;0;0;51.79873657;
82.49147034;80;60;324.4742126;0;0;51.89874268;
82.35986328;80;60;322.2745667;0;0;51.99874115;
82.21899414;80;60;319.8955078;0;0;52.0987587;
82.08817291;80;60;317.7030945;0;0;52.19874191;
81.94742584;80;60;315.3204651;0;0;52.29875183;
81.81768036;80;60;313.1352539;0;0;52.39875793;
81.67740631;80;60;310.7718506;0;0;52.49876404;
81.548172;80;60;308.5938416;0;0;52.59877014;
81.40829468;80;60;306.2382202;0;0;52.6987648;
81.27937317;80;60;304.0673828;0;0;52.79877853;
81.13998413;80;60;301.7195129;0;0;52.89877701;
81.01145935;80;60;299.5558167;0;0;52.99878311;
80.87257385;80;60;297.2156677;0;0;53.0987854;
80.74467468;80;60;295.0591125;0;0;53.1987915;
80.60635376;80;60;292.7266541;0;0;53.29878616;
80.47888947;80;60;290.577179;0;0;53.39878464;
80.34104919;80;60;288.2523804;0;0;53.49879837;
80.2140274;80;60;286.1099854;0;0;53.59880066;
80.07794952;80;60;283.8151245;0;0;53.6987915;
79.94077301;80;60;281.679718;0;0;53.79880142;
79.81439972;80;60;279.3701782;0;0;53.89880371;
79.68815613;80;60;277.2418213;0;0;53.99782181;
79.55170441;80;60;274.9398804;0;0;54.09781265;
79.4258194;80;60;272.818512;0;0;54.19781494;
79.28966522;80;60;270.5241394;0;0;54.29782486;
79.16418457;80;60;268.4097595;0;0;54.39784622;
79.02841949;80;60;266.1229858;0;0;54.49783325;
78.90335846;80;60;264.015564;0;0;54.59782791;
78.76809692;80;60;261.7363281;0;0;54.69786835;
78.64367676;80;60;259.6358643;0;0;54.79784775;
78.50915527;80;60;257.3641357;0;0;54.89784241;
78.38508606;80;60;255.2706299;0;0;54.9978447;
78.25090027;80;60;253.0063934;0;0;55.09785461;
78.12731171;80;60;250.919754;0;0;55.19787598;
77.99356079;80;60;248.6629639;0;0;55.29785156;
77.87031555;80;60;246.5831909;0;0;55.39785767;
77.73703003;80;60;244.3338013;0;0;55.49787521;
77.61421967;80;60;242.2608643;0;0;55.59786606;
77.48134613;80;60;240.0188599;0;0;55.69786835;
77.35900879;80;60;237.952713;0;0;55.79786682;
77.22671509;80;60;235.7180786;0;0;55.89788818;
77.10476685;80;60;233.6587219;0;0;55.99787903;
76.97284698;80;60;231.431427;0;0;56.0978775;
76.85131073;80;60;229.3788452;0;0;56.19789886;
76.71989441;80;60;227.1588593;0;0;56.29788589;
76.59873199;80;60;225.1130219;0;0;56.39790344;
76.46772766;80;60;222.9003448;0;0;56.49789047;
76.34699249;80;60;220.8612366;0;0;56.59789658;
76.21644592;80;60;218.655838;0;0;56.69789886;
76.09614563;80;60;216.6234283;0;0;56.79790115;
75.96599579;80;60;214.4252777;0;0;56.89793015;
75.84601593;80;60;212.3995667;0;0;56.99791718;
75.71631622;80;60;210.2086334;0;0;57.09791565;
75.59679413;80;60;208.1895599;0;0;57.19791412;
75.46748352;80;60;206.0058289;0;0;57.29791641;
75.3483429;80;60;203.9933929;0;0;57.39793015;
75.21951294;80;60;201.8168335;0;0;57.49794769;
75.10083008;80;60;199.8110046;0;0;57.59792709;
74.97250366;80;60;197.6415863;0;0;57.69794464;
74.85424042;80;60;195.642334;0;0;57.7979393;
74.72631073;80;60;193.4800415;0;0;57.89794922;
74.60845947;80;60;191.4873505;0;0;57.99795151;
74.48101044;80;60;189.3321686;0;0;58.09794617;
74.36358643;80;60;187.3460236;0;0;58.19796371;
74.23657227;80;60;185.1979065;0;0;58.297966;
74.11955261;80;60;183.2182922;0;0;58.39796448;
73.99299622;80;60;181.07724;0;0;58.49795914;
73.87638092;80;60;179.104126;0;0;58.59796143;
73.75028229;80;60;176.970108;0;0;58.69797897;
73.63406372;80;60;175.003479;0;0;58.79798889;
73.50840759;80;60;172.8764648;0;0;58.89797974;
73.3926239;80;60;170.9162903;0;0;58.99798203;
73.26740265;80;60;168.7962646;0;0;59.0979805;
73.15202332;80;60;166.8425446;0;0;59.19799042;
73.02724457;80;60;164.7294922;0;0;59.29800034;
72.91226959;80;60;162.782196;0;0;59.39799118;
72.78796387;80;60;160.6760864;0;0;59.49798965;
72.67337799;80;60;158.7351837;0;0;59.59799957;
72.54947662;80;60;156.6360016;0;0;59.69800568;
72.43531036;80;60;154.7014923;0;0;59.79801559;
72.31185913;80;60;152.6092224;0;0;59.89801025;
72.19808197;80;60;150.6810608;0;0;59.9980278;
72.07505798;80;60;148.5956726;0;0;60.09801865;
71.96172333;80;60;146.6738739;0;0;60.19802856;
71.838974;80;60;144.5953369;0;0;60.29801941;
71.72564697;80;60;142.6798553;0;0;60.39802933;
71.60295868;80;60;140.6081543;0;0;60.49802399;
71.48986816;80;60;138.6989288;0;0;60.59803009;
71.36751556;80;60;136.6339722;0;0;60.69805527;
71.25447083;80;60;134.730957;0;0;60.79803467;
71.13181305;80;60;132.6727142;0;0;60.89804077;
71.01883698;80;60;130.7759247;0;0;60.99804306;
70.89651489;80;60;128.7244263;0;0;61.09805679;
70.78379059;80;60;126.8338547;0;0;61.1980629;
70.66182709;80;60;124.7891235;0;0;61.29805374;
70.54946136;80;60;122.9048233;0;0;61.39805603;
70.42789459;80;60;120.8669052;0;0;61.49805832;
70.31589508;80;60;118.9889145;0;0;61.59806442;
70.19477844;80;60;116.9578705;0;0;61.69807053;
70.08317566;80;60;115.0862579;0;0;61.79808044;
69.96247864;80;60;113.062149;0;0;61.89809036;
69.85144043;80;60;111.1969681;0;0;61.99808884;
69.73216248;80;60;109.1798553;0;0;62.09807968;
69.62252808;80;60;107.3211441;0;0;62.19808197;
69.50402832;80;60;105.3110352;0;0;62.29808807;
69.39494324;80;60;103.4587479;0;0;62.39809036;
69.27690125;80;60;101.4555283;0;0;62.49809647;
69.16707611;80;60;99.60951996;0;0;62.59810638;
69.04626465;80;60;97.61302948;0;0;62.69810104;
68.93388367;80;60;95.7731781;0;0;62.79810333;
68.8102417;80;60;93.78321838;0;0;62.89810562;
68.69514465;80;60;91.94927216;0;0;62.99810791;
68.57112885;80;60;89.96565247;0;0;63.0981369;
68.46018982;80;60;88.13751221;0;0;63.19812775;
68.34236145;80;60;86.16014099;0;0;63.29812241;
68.23460388;80;60;84.33776093;0;0;63.39814758;
68.11875153;80;60;82.36669159;0;0;63.49812698;
68.01186371;80;60;80.55020142;0;0;63.59813309;
67.89604187;80;60;78.58555603;0;0;63.69813156;
67.78924561;80;60;76.77500916;0;0;63.79817963;
67.6736145;80;60;74.81679535;0;0;63.8981514;
67.56694794;80;60;73.01218414;0;0;63.99816132;
67.45147705;80;60;71.06040955;0;0;64.09814453;
67.34528351;80;60;69.2617569;0;0;64.19823456;
67.23094177;80;60;67.3164444;0;0;64.29815674;
67.12568665;80;60;65.52375793;0;0;64.39815521;
67.01161957;80;60;63.58489227;0;0;64.49816132;
66.90573883;80;60;61.79813385;0;0;64.59815979;
66.79013824;80;60;59.86568069;0;0;64.69818115;
66.68317413;80;60;58.08482361;0;0;64.798172;
66.56811523;80;60;56.15872192;0;0;64.89818573;
66.4630661;80;60;54.38366318;0;0;64.99819946;
66.35005188;80;60;52.46379471;0;0;65.09818268;
66.24589539;80;60;50.6944809;0;0;65.19819641;
66.13327789;80;60;48.78084946;0;0;65.29819489;
66.02970886;80;60;47.01730347;0;0;65.39818573;
65.91777802;80;60;45.1099205;0;0;65.49819946;
65.81454468;80;60;43.35213852;0;0;65.59819794;
65.70298004;80;60;41.45098495;0;0;65.69820404;
65.6002121;80;60;39.69893646;0;0;65.7982254;
65.48898315;80;60;37.80398178;0;0;65.89823914;
65.38652802;80;60;36.05764771;0;0;65.99821472;
65.27363586;80;60;34.16887283;0;7.141331196;66.0982132;
64.96932983;80;60;32.42853928;0;46.03106689;66.19822693;
64.25860596;80;60;30.55408478;0;51.95318604;66.29821777;
63.63144684;80;60;28.84200096;0;27.37968063;66.39825439;
63.29404831;80;60;27.0039978;0;0;66.49823761;
63.18139648;80;60;25.31493187;0;0;66.59822845;
63.07465363;80;60;23.48915291;0;0;66.69823456;
62.97222519;80;60;21.80719948;0;0;66.79823303;
62.86354828;80;60;19.97944069;0;8.729819298;66.89825439;
62.57723999;80;60;18.31207657;0;41.26865387;66.9982605;
62.026371;80;60;16.49776268;0;24.99923706;67.09825134;
61.71935272;80;60;14.85311604;0;5.554368496;67.19825745;
61.59382629;80;60;13.16327477;0;0;67.29825592;
61.2755661;80;60;11.39310455;0;51.95318604;67.39826202;
60.5897522;80;60;9.718502045;0;28.17316246;67.4983139;
60.28575134;80;60;7.968190193;0;0;67.5982666;
60.19755936;80;60;6.359854221;0;0;67.69826508;
60.10261536;80;60;4.620903969;0;0;67.79827118;
60.00307465;80;60;3.019166946;0;0;67.89828491;
59.89669037;60;80;1.289405942;0;0;67.99828339;
59.80350876;60;80;535.1986694;0;0;68.09831238;
59.7027359;60;80;533.4710693;0;0;68.19828796;
59.60845947;60;80;531.8790283;0;0;68.29829407;
59.50645828;60;80;530.1571655;0;0;68.39829254;
59.41288757;60;80;528.5704346;0;0;68.49829865;
59.31173325;60;80;526.8543701;0;0;68.59829712;
59.21832657;60;80;525.2729492;0;0;68.69831085;
59.11731339;60;80;523.5626221;0;0;68.79830933;
59.02445984;60;80;521.9865723;0;0;68.8983078;
58.92449951;60;80;520.2819824;0;0;68.99832153;
58.83159637;60;80;518.7112427;0;0;69.09831238;
58.72956467;60;80;517.0123901;0;0;69.19832611;
58.63493347;60;80;515.4468994;0;0;69.29832458;
58.53236771;60;80;513.7536621;0;0;69.39833069;
58.43756866;60;80;512.1931763;0;0;69.49835205;
58.33491135;60;80;510.5053711;0;0;69.59833527;
58.24184036;60;80;508.9498901;0;0;69.69833374;
58.1426506;60;80;507.2674866;0;0;69.79833984;
58.05164719;60;80;505.717041;0;0;69.89833832;
57.95318985;60;80;504.0401001;0;0;69.99835205;
57.86251068;60;80;502.4947205;0;0;70.09835815;
57.7645607;60;80;500.8232422;0;0;70.19835663;
57.67422485;60;80;499.2828979;0;0;70.2983551;
57.5765152;60;80;497.6168823;0;0;70.39839172;
57.48641205;60;80;496.081543;0;0;70.49837494;
57.38898087;60;80;494.4209595;0;0;70.59837341;
57.29921341;60;80;492.8905945;0;0;70.69837189;
57.20207214;60;80;491.2354126;0;0;70.79837799;
57.11257553;60;80;489.7100525;0;0;70.89837646;
57.01572037;60;80;488.0602417;0;0;70.99838257;
56.92651367;60;80;486.5398254;0;0;71.09838104;
56.83090973;60;80;484.9111938;0;0;71.1984024;
56.73460007;60;80;483.3957214;0;0;71.29840088;
56.64572906;60;80;481.7566223;0;0;71.39839172;
56.55691528;60;80;480.2460938;0;0;71.49739838;
56.46076965;60;80;478.6123352;0;0;71.59740448;
56.37385178;60;80;477.1067505;0.03125095367;0;71.69741821;
56.30250931;60;80;475.478241;0.07812738419;0;71.79743195;
56.25515366;60;80;473.9767456;0.07812738419;0;71.89745331;
56.20713425;60;80;472.351593;0.07812738419;0;71.99742126;
56.16339874;60;80;470.8526917;0.07812738419;0;72.09741974;
56.11815643;60;80;469.2302551;0.07812738419;0;72.19745636;
56.07590866;60;80;467.7337646;0.0859401226;0;72.29742432;
56.03084946;60;80;466.1138306;0.0859401226;0;72.39742279;
55.98152924;60;80;464.6196594;0;0;72.49742889;
55.89348602;60;80;463.002594;0;0;72.59746552;
55.80564499;60;80;461.512207;0;0;72.6974411;
55.71082687;60;80;459.9002075;0;0;72.79743958;
55.62366867;60;80;458.4146118;0;0;72.89743805;
55.52914429;60;80;456.8078918;0;0;72.99745941;
55.44194794;60;80;455.3271484;0;0;73.09745789;
55.34772491;60;80;453.7256775;0;0;73.19744873;
55.2609024;60;80;452.2498169;0;0;73.29754639;
55.16704559;60;80;450.653595;0;0;73.39749146;
55.08065033;60;80;449.1825867;0;0;73.49745941;
54.9871254;60;80;447.5916443;0;0;73.59746552;
54.90087891;60;80;446.1254578;0;0;73.69746399;
54.80761719;60;80;444.5397034;0;0;73.79747772;
54.72173309;60;80;443.0783081;0;0;73.89749908;
54.62880707;60;80;441.4976807;0;0;73.9974823;
54.54309845;60;80;440.0410156;0;0;74.0974884;
54.45041275;60;80;438.4655457;0;0;74.19748688;
54.36499405;60;80;437.0136108;0;0;74.29749298;
54.27261734;60;80;435.4432373;0;0;74.39749146;
54.18747711;60;80;433.9960022;0;0;74.49749756;
54.09534454;60;80;432.4307556;0;0;74.59750366;
54.01047897;60;80;430.9882507;0;0;74.69750977;
53.91866302;60;80;429.4280701;0;0;74.79751587;
53.83403397;60;80;427.9902649;0;0;74.8975296;
53.74251938;60;80;426.4351807;0;0;74.99752808;
53.65816498;60;80;425.0020752;0;0;75.09751129;
53.56691742;60;80;423.4520569;0;0;75.1975174;
53.48282242;60;80;422.0236206;0;0;75.29755402;
53.39186859;60;80;420.4786682;0;0;75.39753723;
53.30804062;60;80;419.0549011;0;0;75.49753571;
53.21736908;60;80;417.5150146;0;0;75.59753418;
53.13392258;60;80;416.0958862;0;0;75.69753265;
53.04359436;60;80;414.5610352;0;0;75.79754639;
52.96029663;60;80;413.1465759;0;0;75.89755249;
52.87023544;60;80;411.6167297;0;0;75.99754333;
52.78726196;60;80;410.2069092;0;0;76.09754944;
52.69748688;60;80;408.6820679;0;0;76.19755554;
52.61473083;60;80;407.276825;0;0;76.29756927;
52.5252037;60;80;405.756958;0;0;76.39756012;
52.44272995;60;80;404.3562927;0;0;76.49756622;
52.35347366;60;80;402.8414001;0;0;76.59758759;
52.2712326;60;80;401.4453125;0;0;76.6975708;
52.18226242;60;80;399.9353638;0;0;76.79759216;
52.10029221;60;80;398.5438538;0;0;76.89757538;
52.01160049;60;80;397.0388184;0;0;76.99758148;
51.92985916;60;80;395.6518555;0;0;77.09759521;
51.84143448;60;80;394.1517944;0;0;77.19760132;
51.75996399;60;80;392.7693481;0;0;77.29758453;
51.67179489;60;80;391.2742004;0;0;77.39761353;
51.59056854;60;80;389.8963013;0;0;77.49760437;
51.50268555;60;80;388.4060364;0;0;77.59760284;
51.42168808;60;80;387.0326843;0;0;77.69760132;
51.33408737;60;80;385.5473022;0;0;77.79763794;
51.25336075;60;80;384.1784363;0;0;77.89762115;
51.16599274;60;80;382.697937;0;0;77.99761963;
51.08550644;60;80;381.3335876;0;0;78.09764099;
50.9984436;60;80;379.8579712;0;0;78.19763184;
50.91819;60;80;378.4980774;0;0;78.29762268;
50.83139038;60;80;377.0273132;0;0;78.39762878;
50.75137329;60;80;375.671936;0;0;78.49762726;
50.66482925;60;80;374.2059937;0;0;78.59763336;
50.58507156;60;80;372.855072;0;0;78.69763947;
50.49878693;60;80;371.3939819;0;0;78.79767609;
50.41927338;60;80;370.0475159;0;0;78.89764404;
50.33324814;60;80;368.5912476;0;0;78.99764252;
50.25401688;60;80;367.2492065;0;0;79.09764862;
50.16778564;60;80;365.79776;0;0;79.19765472;
50.07352829;60;80;364.460144;0;21.03030396;79.29766083;
49.61208344;60;80;363.014801;0;52.73445892;79.3976593;
48.86782837;60;80;361.6937561;0;72.65694427;79.49765778;
47.80252457;60;80;360.2853394;0;97.26706696;79.59766388;
46.6363678;60;80;359.0123291;0;100;79.69766998;
45.36932755;60;80;357.6677246;0;100;79.79766846;
44.20881271;60;80;356.458374;0;100;79.89767456;
42.95735168;60;80;355.1829224;0;100;79.99769592;
41.80496597;60;80;354.0377197;0;100;80.09771729;
40.55804443;60;80;352.8317566;0;100;80.19768524;
39.40876007;60;80;351.7505493;0;100;80.29769135;
38.165802;60;80;350.6139221;0;100;80.39769745;
37.02042007;60;80;349.5966797;0;100;80.49769592;
35.78123093;60;80;348.5292664;0;100;80.59770203;
34.63898468;60;80;347.5758362;0;100;80.69772339;
33.40325546;60;80;346.5774536;0;100;80.79774475;
32.26504898;60;80;345.6876831;0;100;80.89772797;
31.03370857;60;80;344.7581177;0;100;80.99771118;
29.89779854;60;80;343.9317017;0;100;81.09772491;
28.6686039;60;80;343.0706787;0;100;81.19772339;
27.53539085;60;80;342.3034668;0;100;81.29772949;
26.30913544;60;80;341.5144348;0;100;81.39775085;
25.17826462;60;80;340.8138428;0;100;81.49773407;
23.95454597;60;80;340.0888367;0;100;81.5977478;
22.82025909;60;80;339.4509277;0;100;81.69773865;
21.5989666;60;80;338.7937012;0;100;81.79779053;
20.4727459;60;80;338.2182922;0;100;81.89774323;
19.25989914;60;80;337.6287842;0;100;81.99774933;
18.13045311;60;80;337.1158142;0;100;82.0977478;
16.92085266;60;80;336.5938416;0;100;82.19775391;
15.79478168;60;80;336.1408691;0;100;82.29776764;
14.58297062;60;80;335.6864624;0;100;82.39775848;
13.46604443;60;80;335.2980042;0;100;82.49778748;
12.25774384;60;80;334.9107971;0;100;82.59778595;
11.14502716;60;80;334.5842896;0;100;82.69777679;
9.943798065;60;80;334.2640381;0;100;82.7977829;
8.839454651;60;80;333.999176;0;100;82.89777374;
7.649121284;60;80;333.7454529;0;100;82.99781799;
6.555830002;60;80;333.5417175;0;100;83.09780884;
5.376569748;60;80;333.3538818;0;100;83.19778442;
4.294008732;60;80;333.2107239;0;100;83.29779053;
3.135866165;60;80;333.0881653;0;100;83.39780426;
2.082121134;60;80;333.0046387;0;100;83.49780273;
1.159941196;60;80;332.9457397;0;100;83.59780121;
0.344924897;60;80;332.9135742;0;100;83.69779968;
-0.08526365459;60;80;332.9036865;0;100;83.79782104;
-0.08695562184;60;80;332.9038086;0;100;83.89781952;
-0.0101276096;60;80;332.9037476;0;100;83.99784088;
0.02174989507;60;80;332.9034729;0;100;84.09781647;
0.004705882166;60;80;332.9030762;0;100;84.19782257;
-0.003164586611;60;80;332.9028015;0;100;84.29782867;
0.002928022062;60;80;332.9026489;0;100;84.39783478;
0.003592259483;60;80;332.9025574;0;100;84.49782562;
0.0003992859274;60;80;332.9024658;0;100;84.59783173;
-3.729899981e-005;60;80;332.9024048;0;100;84.69783783;
0.0007417630404;60;80;332.9023743;0;100;84.79785156;
0.0005713243736;60;80;332.9023438;0;100;84.89785004;
0.0001101366652;60;80;332.9023132;0;100;84.99784851;
0.0001303373865;60;80;332.9023132;0;100;85.09786224;
0.0001686563628;60;80;332.9023132;0;94.92324829;85.19785309;
7.417662709e-005;60;80;332.9022827;0;37.69799042;85.29785919;
0.04778720811;60;80;332.9022827;0;0;85.39791107;
0.2019828856;60;80;332.9004517;0;0;85.4978714;
0.3635950089;60;80;332.8937683;0;0;85.59788513;
0.5086466074;60;80;332.8838196;0;0;85.69787598;
0.6610584855;60;80;332.8688354;0;0;85.79787445;
0.7985063791;60;80;332.8510437;0;0;85.89788055;
0.9436776042;60;80;332.8277283;0;0;85.99788666;
1.074303627;60;80;332.8025208;0;0;86.09791565;
1.212514877;60;80;332.7713013;0;0;86.19789124;
1.336951137;60;80;332.7389526;0;0;86.29788971;
1.468314886;60;80;332.7001953;0;0;86.39789581;
1.586508274;60;80;332.6610413;0;0;86.4979248;
1.711344004;60;80;332.6151123;0;0;86.59793854;
1.823652744;60;80;332.5694885;0;0;86.69791412;
1.942236662;60;80;332.5167236;0;0;86.7979126;
2.048897743;60;80;332.4649658;0;0;86.89791107;
2.161509752;60;80;332.4057007;0;0;86.99791718;
2.262793064;60;80;332.348114;0;0;87.09791565;
2.369650364;60;80;332.2826843;0;0;87.19792175;
2.465657711;60;80;332.2195435;0;0;87.29792023;
2.566947937;60;80;332.1482544;0;0;87.39792633;
2.657949209;60;80;332.0798645;0;0;87.49794006;
2.753883362;60;80;332.0030518;0;0;87.59793854;
2.840111494;60;80;331.929657;0;0;87.69793701;
2.931029081;60;80;331.8475952;0;0;87.79795837;
3.012695551;60;80;331.7695007;0;0;87.89794159;
3.098869801;60;80;331.6824341;0;0;87.99795532;
3.176251411;60;80;331.599884;0;0;88.09794617;
3.257930517;60;80;331.5080872;0;0;88.19796753;
3.331308842;60;80;331.4212952;0;0;88.29795837;
3.408693314;60;80;331.3250427;0;0;88.39796448;
3.47825408;60;80;331.2342224;0;0;88.49797058;
3.550888538;60;80;331.133728;0;0;88.59798431;
3.622160196;60;80;331.0400696;0;0;88.69797516;
3.686177969;60;80;330.9356079;0;0;88.79798126;
3.75369668;60;80;330.8373718;0;0;88.89797974;
3.814329624;60;80;330.7290649;0;0;88.99699402;
3.873403311;60;80;330.6274414;0;0;89.09700012;
3.935689926;60;80;330.5155334;0;0;89.19699097;
3.991672039;60;80;330.4106445;0;0;89.29699707;
4.050701618;60;80;330.2953491;0;0;89.39700317;
4.103747368;60;80;330.1874084;0;0;89.49699402;
4.159729004;60;80;330.0688782;0;0;89.59700012;
4.210006714;60;80;329.9580078;0;0;89.69702148;
4.263127327;60;80;329.8363953;0;0;89.79701233;
4.310851097;60;80;329.7227783;0;0;89.89704895;
4.361186028;60;80;329.5982666;0;0;89.99701691;
4.406434059;60;80;329.4820557;0;0;90.09702301;
4.454127312;60;80;329.3547668;0;0;90.19702148;
4.497019768;60;80;329.2360535;0;0;90.29704285;
4.542142391;60;80;329.1061707;0;0;90.39704132;
4.582714081;60;80;328.9851074;0;0;90.49703217;
4.625421524;60;80;328.8527527;0;0;90.59703827;
4.663723469;60;80;328.7294617;0;0;90.69707489;
4.704036713;60;80;328.5947571;0;0;90.79705811;
4.74017334;60;80;328.4693909;0;0;90.89704895;
4.778193951;60;80;328.332489;0;0;90.99706268;
4.812320232;60;80;328.2051086;0;0;91.09707642;
4.848276615;60;80;328.0661316;0;0;91.19705963;
4.880557537;60;80;327.9368896;0;0;91.29705811;
4.914591312;60;80;327.795929;0;0;91.39706421;
4.945145607;60;80;327.6649475;0;0;91.49707794;
4.977306366;60;80;327.5220947;0;0;91.59709167;
5.006198883;60;80;327.3894348;0;0;91.69707489;
5.036652088;60;80;327.2448425;0;0;91.79710388;
5.06398201;60;80;327.1105957;0;0;91.8970871;
5.092811584;60;80;326.964325;0;0;91.99710846;
5.118619919;60;80;326.8285828;0;0;92.09708405;
5.145748615;60;80;326.6807251;0;0;92.19709778;
5.170062542;60;80;326.5435791;0;0;92.29709625;
5.195617676;60;80;326.3942566;0;0;92.39710236;
5.218451977;60;80;326.2557373;0;0;92.49710083;
5.242429733;60;80;326.105011;0;0;92.5970993;
5.263878822;60;80;325.965271;0;0;92.69711304;
5.286329269;60;80;325.8132324;0;0;92.79712677;
5.306458473;60;80;325.6723022;0;0;92.89711761;
5.327555656;60;80;325.519043;0;0;92.99713135;
5.346482277;60;80;325.3770447;0;0;93.0971756;
5.366393089;60;80;325.2225952;0;0;93.1971283;
5.384169102;60;80;325.0795593;0;0;93.29712677;
5.40287447;60;80;324.9240417;0;0;93.3971405;
5.419646263;60;80;324.7799988;0;0;93.49714661;
5.437196255;60;80;324.6234741;0;0;93.59714508;
5.452953815;60;80;324.4785156;0;0;93.69715118;
5.469495296;60;80;324.3210144;0;0;93.79714203;
5.484282494;60;80;324.1752014;0;0;93.89714813;
5.499875069;60;80;324.0167847;0;0;93.99715424;
5.513748646;60;80;323.8701782;0;0;94.09716797;
5.528403759;60;80;323.710907;0;0;94.19715881;
5.541534901;60;80;323.5635071;0;0;94.29717255;
5.555246353;60;80;323.4034729;0;0;94.39716339;
5.567616463;60;80;323.2553406;0;0;94.49716949;
5.580595016;60;80;323.0945435;0;0;94.5971756;
5.592169762;60;80;322.9457703;0;0;94.69717407;
5.60441494;60;80;322.7842102;0;0;94.79718018;
5.615359783;60;80;322.6347961;0;0;94.89717865;
5.626850128;60;80;322.4725952;0;0;94.99718475;
5.637181759;60;80;322.3226013;0;0;95.09719086;
5.64807415;60;80;322.1597595;0;0;95.19718933;
5.657765865;60;80;322.0091858;0;0;95.29719543;
5.668000221;60;80;321.8457336;0;0;95.39720154;
5.677235603;60;80;321.6946106;0;0;95.49720001;
5.686924458;60;80;321.5306396;0;0;95.59719849;
5.695565224;60;80;321.3790283;0;0;95.69720459;
5.704699516;60;80;321.2145081;0;0;95.79721069;
5.712948799;60;80;321.0623779;0;0;95.89723969;
5.721583366;60;80;320.8973694;0;0;95.9972229;
5.729320049;60;80;320.744812;0;0;96.09722137;
5.737470627;60;80;320.5793152;0;0;96.19722748;
5.744827747;60;80;320.4263306;0;0;96.29723358;
5.752543449;60;80;320.2604065;0;0;96.39723206;
5.759465694;60;80;320.1070251;0;0;96.49723816;
5.766703606;60;80;319.9406433;0;0;96.59724426;
5.773270607;60;80;319.7868958;0;0;96.69724274;
5.780096054;60;80;319.6201172;0;0;96.79730225;
5.786231995;60;80;319.4660034;0;0;96.89724731;
5.792684078;60;80;319.2980652;0;0;96.99726105;
5.798481941;60;80;319.1435852;0;0;97.09726715;
5.804564476;60;80;318.9761047;0;0;97.197258;
5.810006618;60;80;318.8213196;0;0;97.2972641;
5.8156991;60;80;318.6535034;0;0;97.39726257;
5.820790291;60;80;318.4984131;0;0;97.49729156;
5.826129913;60;80;318.3302612;0;0;97.59726715;
5.830904007;60;80;318.1749268;0;0;97.69727325;
5.835944176;60;80;318.0064697;0;0;97.79729462;
5.840414524;60;80;317.8508606;0;0;97.89728546;
5.845088005;60;80;317.6821594;0;0;97.99728394;
5.849282742;60;80;317.5263062;0;0;98.0973053;
5.853668213;60;80;317.3573303;0;0;98.19728851;
5.857590675;60;80;317.2012329;0;0;98.29729462;
5.861697197;60;80;317.0320129;0;0;98.39730072;
5.865345001;60;80;316.8757324;0;0;98.49732971;
5.869152546;60;80;316.7062683;0;0;98.59731293;
5.872590065;60;80;316.5497742;0;0;98.69737244;
5.876163006;60;80;316.380127;0;0;98.79730988;
5.879339218;60;80;316.2234497;0;0;98.89731598;
5.882665157;60;80;316.0535889;0;0;98.99734497;
5.885625362;60;80;315.8967285;0;0;99.09732056;
5.888731956;60;80;315.7267151;0;0;99.19732666;
5.891493797;60;80;315.5696716;0;0;99.29734802;
5.894374847;60;80;315.3994751;0;0;99.39733124;
5.896943092;60;80;315.2423096;0;0;99.49732971;
5.899620056;60;80;315.0719604;0;0;99.59734344;
5.902009487;60;80;314.9146423;0;0;99.69735718;
5.904526711;60;80;314.7441406;0;0;99.79734039;
5.906734467;60;80;314.5866699;0;0;99.89735413;
5.909051418;60;80;314.4160461;0;0;99.9973526;
5.911108017;60;80;314.2584839;0;0;100.0973816;
5.913275719;60;80;314.0877075;0;0;100.1973648;
5.915205002;60;80;313.9300232;0;0;100.2973709;
5.917201519;60;80;313.7591248;0;0;100.3973694;
5.918979168;60;80;313.6013489;0;0;100.4973679;
5.920828342;60;80;313.4303589;0;0;100.597374;
5.922477722;60;80;313.2724609;0;0;100.6973801;
5.924221039;60;80;313.1013794;0;0;100.7973938;
5.92574501;60;80;312.9433899;0;0;100.897377;
5.927345753;60;80;312.7722168;0;0;100.9973984;
5.92875576;60;80;312.6141357;0;0;101.0973892;
5.930244446;60;80;312.4428711;0;0;101.1973953;
5.931577206;60;80;312.284729;0;0;101.2973938;
5.932951927;60;80;312.1133728;0;0;101.3973999;
5.934169769;60;80;311.9551697;0;0;101.4974136;
5.935448647;60;80;311.7837219;0;0;101.5974045;
5.936570644;60;80;311.6254578;0;0;101.6974106;
5.937756062;60;80;311.453949;0;0;101.7974091;
5.938810349;60;80;311.2955933;0;0;101.8974152;
5.93991375;60;80;311.124054;0;0;101.9974213;
5.940870285;60;80;310.9656372;0;0;102.0974274;
5.941883564;60;80;310.7940063;0;0;102.1974335;
5.9427948;60;80;310.6355591;0;0;102.2974319;
5.943741798;60;80;310.4638977;0;0;102.3974533;
5.944592476;60;80;310.3053894;0;0;102.4974823;
5.945438385;60;80;310.133667;0;0;102.597435;
5.946199417;60;80;309.9750977;0;0;102.6974487;
5.947026253;60;80;309.8033142;0;0;102.7974548;
5.947762966;60;80;309.6447449;0;0;102.8974609;
5.948481083;60;80;309.4729004;0;0;102.9974518;
5.94914484;60;80;309.3143005;0;0;103.0974579;
5.949830055;60;80;309.1424255;0;0;103.1974564;
5.950450897;60;80;308.9837646;0;0;103.2974854;
5.951114178;60;80;308.8118591;0;0;103.3974762;
5.951678753;60;80;308.6531677;0;0;103.4974899;
5.952260494;60;80;308.4812317;0;0;103.5974731;
5.952775002;60;80;308.3225098;0;0;103.6974792;
5.95333147;60;80;308.1505432;0;0;103.7975082;
5.953839302;60;80;307.9917908;0;0;103.8974838;
5.954338551;60;80;307.8197937;0;0;103.9974899;
5.954784393;60;80;307.6610107;0;0;104.097496;
5.955231667;60;80;307.4889832;0;0;104.1974945;
5.955673218;60;80;307.3301697;0;0;104.297493;
5.956114292;60;80;307.1581116;0;0;104.3974991;
5.956485271;60;80;306.9992981;0;0;104.4974976;
5.956888676;60;80;306.8272095;0;0;104.5975037;
5.957267761;60;80;306.6683655;0;0;104.6975327;
5.957611561;60;80;306.4962769;0;0;104.7975311;
5.957942486;60;80;306.3374023;0;0;104.8975143;
5.958314419;60;80;306.1652832;0;0;104.9975357;
5.958625317;60;80;306.0064087;0;0;105.0975189;
5.958911419;60;80;305.8342896;0;0;105.1975403;
5.959186554;60;80;305.6753845;0;0;105.2975311;
5.959504604;60;80;305.5032349;0;0;105.3975449;
5.959784508;60;80;305.3443298;0;0;105.4975357;
5.960035324;60;80;305.1721497;0;0;105.5975418;
5.960294724;60;80;305.0132446;0;0;105.6975403;
5.96052599;60;80;304.8410645;0;0;105.7975693;
5.960749626;60;80;304.6821289;0;0;105.8975601;
5.960991859;60;80;304.5099182;0;0;105.9975739;
5.961225986;60;80;304.3509827;0;0;106.0975571;
5.961412907;60;80;304.1804199;0;0;106.1975708;
5.96161747;60;80;304.0214539;0;0;106.2975616;
5.961795807;60;80;303.8492432;0;0;106.3975677;
5.961987972;60;80;303.6902771;0;0;106.4965744;
5.962187767;60;80;303.5180664;0;0;106.5965881;
5.962322235;60;80;303.3591003;0;0;106.6965866;
5.962505341;60;80;303.1868591;0;0;106.7965851;
5.962637901;60;80;303.0278625;0;0;106.8965836;
5.962806702;60;80;302.8556213;0;0;106.9966049;
5.962980747;60;80;302.6966248;0;0;107.0965881;
5.963100433;60;80;302.5243835;0;0;107.1965866;
5.963231087;60;80;302.365387;0;0;107.2966003;
5.963365078;60;80;302.1931458;0;0;107.3966141;
5.963475227;60;80;302.0341492;0;0;107.4966125;
5.963624954;60;80;301.8618774;0;0;107.5966263;
5.963723183;60;80;301.7028809;0;0;107.6966171;
5.963840485;60;80;301.5306091;0;0;107.7966156;
5.963945866;60;80;301.371582;0;0;107.8966141;
5.964016914;60;80;301.1993408;0;0;107.9966278;
5.964142799;60;80;301.0403137;0;0;108.0966339;
5.964272976;60;80;300.868042;0;0;108.1966324;
5.964317322;60;80;300.7090149;0;0;108.2966309;
5.964420795;60;80;300.5367432;0;0;108.396637;
5.964517593;60;80;300.3777161;0;0;108.496666;
5.964583397;60;80;300.2054443;0;0;108.5966415;
5.964669228;60;80;300.0464172;0;0;108.69664;
5.964758396;60;80;299.874115;0;0;108.7966537;
5.964817047;60;80;299.7150879;0;0;108.8966446;
5.964856625;60;80;299.5428162;0;0;108.9966507;
5.964942455;60;80;299.3837891;0;0;109.0966568;
5.965049744;60;80;299.2114868;0;0;109.1966629;
5.965078831;60;80;299.0524597;0;0;109.2966919;
5.965114117;60;80;298.880188;0;0;109.3966675;
5.965204239;60;80;298.7211304;0;0;109.4966736;
5.965268612;60;80;298.5488586;0;0;109.5966721;
5.965291977;60;80;298.3898315;0;0;109.6966705;
5.965361118;60;80;298.2175293;0;0;109.7966919;
5.965400219;60;80;298.0585022;0;0;109.8967133;
5.965457916;60;80;297.8862;0;0;109.9967117;
5.965497017;60;80;297.7271729;0;0;110.0966873;
5.965538502;60;80;297.5548706;0;0;110.1966934;
5.965588093;60;80;297.3958435;0;0;110.2966995;
5.965621471;60;80;297.2235413;0;0;110.3967056;
5.965668201;60;80;297.0645142;0;0;110.4967041;
5.965697765;60;80;296.8922424;0;0;110.5967102;
5.965732098;60;80;296.7331848;0;0;110.6967087;
5.965781689;60;80;296.5609131;0;0;110.7967148;
5.965803146;60;80;296.401886;0;0;110.8967209;
5.965819359;60;80;296.2295837;0;0;110.996727;
5.965864182;60;80;296.0705566;0;0;111.0967331;
5.965892315;60;80;295.8982544;0;0;111.1967239;
5.965922356;60;80;295.7392273;0;0;111.2967377;
5.965969086;60;80;295.5669556;0;0;111.3967667;
5.965969086;60;80;295.4078979;0;0;111.4967422;
5.965995789;60;80;295.2356262;0;0;111.5967407;
5.966012478;60;80;295.0765991;0;0;111.6967392;
5.96605587;60;80;294.9043274;0;0;111.7967606;
5.966074944;60;80;294.7444458;0;0;111.896759;
5.966108799;60;80;294.5721741;0;0;111.9967575;
5.966103077;60;80;294.413147;0;0;112.096756;
5.966127396;60;80;294.2408752;0;0;112.1967697;
5.966167927;60;80;294.0818481;0;0;112.2967682;
5.966178894;60;80;293.9095764;0;0;112.3967667;
5.966185093;60;80;293.7505493;0;0;112.4967728;
5.966204643;60;80;293.5782776;0;0;112.5967865;
5.966222763;60;80;293.4192505;0;0;112.6967697;
5.96623373;60;80;293.2469788;0;0;112.7967758;
5.966255188;60;80;293.0879517;0;0;112.8967972;
5.966274261;60;80;292.9156799;0;0;112.996788;
5.96627903;60;80;292.7566528;0;0;113.0967941;
5.966284275;60;80;292.5844116;0;0;113.1968002;
5.966305733;60;80;292.4253845;0;0;113.2967987;
5.966322422;60;80;292.2531128;0;0;113.3967972;
5.966338158;60;80;292.0941162;0;0;113.4968033;
5.966349125;60;80;291.9218445;0;0;113.5968094;
5.966346264;60;80;291.7628479;0;0;113.6968155;
5.966363907;60;80;291.5905762;0;0;113.7968292;
5.966385365;60;80;291.4315796;0;0;113.8968124;
5.966387272;60;80;291.2593079;0;0;113.9968185;
5.9664011;60;80;291.1003113;0;0;114.0968246;
5.966400623;60;80;290.9280701;0;0;114.1968307;
5.966410637;60;80;290.7690735;0;0;114.2968369;
5.966426373;60;80;290.5968018;0;0;114.3968353;
5.966433525;60;80;290.4378052;0;0;114.4968643;
5.966438293;60;80;290.265564;0;0;114.5968552;
5.966449261;60;80;290.1065674;0;0;114.696846;
5.966454506;60;80;289.9343262;0;0;114.7968597;
5.966454983;60;80;289.7753296;0;0;114.8968506;
5.966463089;60;80;289.6031189;0;0;114.9968491;
5.966486454;60;80;289.4441223;0;0;115.0968933;
5.966485977;60;80;289.2718811;0;0;115.1968689;
5.96648407;60;80;289.1128845;0;0;115.2968826;
5.966480255;60;80;288.9406738;0;0;115.3968811;
5.966507435;60;80;288.7816772;0;0;115.4969025;
5.966495991;60;80;288.6094666;0;0;115.5968704;
5.966517925;60;80;288.4505005;0;0;115.6968994;
5.966497421;60;80;288.2782593;0;0;115.7968826;
5.966505051;60;80;288.1192932;0;0;115.8968887;
5.966537476;60;80;287.9470825;0;0;115.9968872;
5.966527939;60;80;287.7881165;0;0;116.0968933;
5.966535091;60;80;287.6159058;0;0;116.1968918;
5.966533184;60;80;287.4569397;0;0;116.2968979;
5.966524124;60;80;287.284729;0;0;116.3969498;
5.966537952;60;80;287.1257629;0;0;116.4969177;
5.966561794;60;80;286.9535522;0;0;116.5969162;
5.966554642;60;80;286.7945862;0;0;116.696907;
5.966551304;60;80;286.622406;0;0;116.7969131;
5.966544151;60;80;286.4634399;0;0;116.8969193;
5.966559887;60;80;286.2912598;0;0;116.9969254;
5.966576576;60;80;286.1322937;0;0;117.0969315;
5.96656847;60;80;285.9601135;0;0;117.1969299;
5.966554642;60;80;285.801178;0;0;117.2969284;
5.966556549;60;80;285.6289673;0;0;117.3969345;
5.966567516;60;80;285.4700317;0;0;117.496933;
5.966576576;60;80;285.2978516;0;0;117.5969467;
5.966570854;60;80;285.138916;0;0;117.6969452;
5.966569424;60;80;284.9667358;0;0;117.7969818;
5.966588974;60;80;284.8078308;0;0;117.8969803;
5.966576576;60;80;284.6356506;0;0;117.9969635;
5.966583729;60;80;284.4767151;0;0;118.0969696;
5.966587543;60;80;284.3045654;0;0;118.1969681;
5.966608047;60;80;284.1456299;0;0;118.2969666;
5.966563225;60;80;283.9734802;0;0;118.396965;
5.966587067;60;80;283.8145752;0;0;118.4969635;
5.966612339;60;80;283.642395;0;0;118.5969849;
5.966591358;60;80;283.48349;0;0;118.6969757;
5.966581821;60;80;283.3113403;0;0;118.7969894;
5.966616631;60;80;283.1524353;0;0;118.8969879;
5.966577053;60;80;282.9803162;0;0;118.9969864;
5.966592789;60;80;282.8214111;0;0;119.0969925;
5.966611385;60;80;282.6492615;0;0;119.196991;
5.966610909;60;80;282.4903564;0;0;119.2969971;
5.966591358;60;80;282.3182373;0;0;119.3970032;
5.966620445;60;80;282.1593323;0;0;119.4970093;
5.966588974;60;80;281.9872131;0;0;119.5970306;
5.966609478;60;80;281.8283386;0;0;119.6970062;
5.966618061;60;80;281.6562195;0;0;119.79702;
5.966589928;60;80;281.497345;0;0;119.8970413;
5.966630459;60;80;281.3252258;0;0;119.9970245;
5.966596127;60;80;281.1663513;0;0;120.097023;
5.9666152;60;80;280.9942322;0;0;120.1970367;
5.966626644;60;80;280.8353577;0;0;120.2970505;
5.966598034;60;80;280.663269;0;0;120.397049;
5.966639042;60;80;280.5043945;0;0;120.4970398;
5.966598034;60;80;280.3323059;0;0;120.5970459;
5.966623306;60;80;280.1734619;0;0;120.697052;
5.966629505;60;80;280.0013733;0;0;120.7970581;
5.966603756;60;80;279.8424988;0;0;120.897049;
5.966603279;60;80;279.6704407;0;0;120.9970551;
5.966646671;60;80;279.5115662;0;0;121.0970612;
5.966600418;60;80;279.3395081;0;0;121.1970596;
5.966621399;60;80;279.1806641;0;0;121.297081;
5.96663475;60;80;279.008606;0;0;121.3970718;
5.966611862;60;80;278.849762;0;0;121.4971008;
5.96660614;60;80;278.6777039;0;0;121.5970764;
5.966649532;60;80;278.5188599;0;0;121.6970901;
5.966618061;60;80;278.3468018;0;0;121.7971115;
5.966610909;60;80;278.1879883;0;0;121.8971252;
5.966650486;60;80;278.0159302;0;0;121.9970932;
5.966621399;60;80;277.8571472;0;0;122.0970993;
5.966591835;60;80;277.6850891;0;0;122.1970978;
5.966649055;60;80;277.5262756;0;0;122.2971039;
5.966640472;60;80;277.354248;0;0;122.3971024;
5.96660471;60;80;277.1954346;0;0;122.4971085;
5.966613293;60;80;277.023407;0;0;122.5971069;
5.966625214;60;80;276.864624;0;0;122.697113;
5.966642857;60;80;276.6925964;0;0;122.797142;
5.966623306;60;80;276.5338135;0;0;122.8971176;
5.966660976;60;80;276.3617859;0;0;122.9971237;
5.96665144;60;80;276.2030029;0;0;123.0971451;
5.966552258;60;80;276.0310059;0;0;123.1971359;
5.966550827;60;80;275.8722229;0;0;123.2971573;
5.966567039;60;80;275.7001953;0;0;123.3971405;
5.966578007;60;80;275.5414124;0;0;123.497139;
5.966589928;60;80;275.3693848;0;0;123.5971527;
5.966553211;60;80;275.2122498;0;0;123.6971436;
5.966582298;60;80;275.0402222;0;0;123.797142;
5.966599941;60;80;274.8814392;0;0;123.8971634;
5.966572285;60;80;274.7094116;0;0;123.9961624;
5.966565609;60;80;274.5505981;0;0;124.0961609;
5.966598511;60;80;274.37854;0;0;124.1961746;
5.966589928;60;80;274.2197266;0;0;124.2961655;
5.966580868;60;80;274.047699;0;0;124.3961639;
5.966583252;60;80;273.8888855;0;0;124.49617;
5.966598034;60;80;273.7168274;0;0;124.5961761;
5.966594219;60;80;273.5580139;0;0;124.6962051;
5.966576576;60;80;273.3859558;0;0;124.7962036;
5.966588497;60;80;273.2271118;0;0;124.8961868;
5.966612339;60;80;273.0550537;0;0;124.9961929;
5.966582775;60;80;272.8962402;0;0;125.096199;
5.966587067;60;80;272.7241516;0;0;125.1961975;
5.966607571;60;80;272.5653076;0;0;125.296196;
5.966598034;60;80;272.3932495;0;0;125.3962021;
5.966608524;60;80;272.2344055;0;0;125.4962082;
5.966587067;60;80;272.0623169;0;0;125.5962067;
5.966607094;60;80;271.9034729;0;0;125.696228;
5.96659565;60;80;271.7313843;0;0;125.7962265;
5.966596127;60;80;271.5725403;0;0;125.896225;
5.966603756;60;80;271.4004517;0;0;125.9962234;
5.966614246;60;80;271.2415771;0;0;126.0962524;
5.966599464;60;80;271.0694885;0;0;126.196228;
5.966607094;60;80;270.910614;0;0;126.2962418;
5.966601372;60;80;270.7385254;0;0;126.3962402;
5.966595173;60;80;270.5796509;0;0;126.4962387;
5.966612816;60;80;270.4075317;0;0;126.5962524;
5.966601849;60;80;270.2478333;0;0;126.6962433;
5.966612339;60;80;270.0757141;0;0;126.796257;
5.96661377;60;80;269.9168396;0;0;126.8962708;
5.966597557;60;80;269.7447205;0;0;126.996254;
5.966610909;60;80;269.5858459;0;0;127.0962601;
5.966609001;60;80;269.4136963;0;0;127.1962662;
5.966599464;60;80;269.2548218;0;0;127.2962646;
5.966616631;60;80;269.0827026;0;0;127.3962784;
5.966611385;60;80;268.9237976;0;0;127.4962845;
5.966609001;60;80;268.7516479;0;0;127.596283;
5.966607571;60;80;268.5927734;0;0;127.6962891;
5.966611862;60;80;268.4206238;0;0;127.7963028;
5.966612339;60;80;268.2617188;0;0;127.8962936;
5.966609478;60;80;268.0895691;0;0;127.9962921;
5.966604233;60;80;267.9306641;0;0;128.0962982;
5.966618061;60;80;267.7585144;0;0;128.1963043;
5.966612339;60;80;267.5996094;0;0;128.2963104;
5.966616631;60;80;267.4274292;0;0;128.3963318;
5.9666152;60;80;267.2685242;0;0;128.4963074;
5.966613293;60;80;267.0963745;0;0;128.5963287;
5.966612339;60;80;266.937439;0;0;128.6963196;
5.966614723;60;80;266.7652893;0;0;128.7963715;
5.966620922;60;80;266.6063538;0;0;128.8963165;
5.966614723;60;80;266.4341736;0;0;128.9963226;
5.966611862;60;80;266.275238;0;0;129.0963287;
5.966608524;60;80;266.1030884;0;0;129.1963348;
5.966612816;60;80;265.9441528;0;0;129.2963409;
5.966623306;60;80;265.7719727;0;0;129.3963776;
5.966616631;60;80;265.6130066;0;0;129.4963379;
5.966613293;60;80;265.4408264;0;0;129.596344;
5.966600895;60;80;265.2818909;0;0;129.6963501;
5.966610432;60;80;265.1097107;0;0;129.7963562;
5.96662426;60;80;264.9507446;0;0;129.896347;
5.966625214;60;80;264.7785645;0;0;129.9963531;
5.96660471;60;80;264.6195984;0;0;130.0963593;
5.966610432;60;80;264.4474182;0;0;130.1963654;
5.966619492;60;80;264.2884521;0;0;130.2963715;
5.966618538;60;80;264.1162415;0;0;130.3963928;
5.966614246;60;80;263.9572754;0;0;130.4963837;
5.966619968;60;80;263.7850952;0;0;130.5963745;
5.966619015;60;80;263.6261292;0;0;130.6963959;
5.966549397;60;80;263.4539185;0;0;130.7963867;
5.960641384;60;80;263.2949219;0;0;130.8963928;
5.95162344;60;80;263.1236572;0;0;130.9963837;
5.929988861;60;80;262.9664612;0;0;131.096405;
5.921585083;60;80;262.7953796;0;0;131.1964111;
5.920294285;60;80;262.6374817;0;0;131.2964172;
5.92194128;60;80;262.466217;0;0;131.3964081;
5.919408321;60;80;262.308136;0;0;131.4964294;
5.917170048;60;80;262.1372375;0;0;131.5964203;
5.917821884;60;80;261.9794617;0;0;131.6964111;
5.912528038;60;80;261.8089905;0;0;131.796463;
5.90845871;60;80;261.6515503;0;0;131.8964233;
5.907848358;60;80;261.4806824;0;0;131.9964294;
5.908710003;60;80;261.3229065;0;0;132.0964355;
5.910263062;60;80;261.1520386;0;0;132.1964417;
5.912603855;60;80;260.9942932;0;0;132.2964325;
5.912806988;60;80;260.8236694;0;0;132.3964539;
5.909374714;60;80;260.6662292;0;0;132.4964447;
5.909320354;60;80;260.4954224;0;0;132.5964508;
5.911783695;60;80;260.337616;0;0;132.6964569;
5.914067268;60;80;260.1666565;0;0;132.7964478;
5.915958881;60;80;260.0087585;0;0;132.8964539;
5.918740273;60;80;259.837677;0;0;132.9964752;
5.9201684;60;80;259.6798401;0;0;133.0964661;
5.921622276;60;80;259.5087891;0;0;133.1964722;
5.923325539;60;80;259.3508301;0;0;133.296463;
5.925125599;60;80;259.1796875;0;0;133.3964691;
5.926636219;60;80;259.0216675;0;0;133.4964752;
5.928203106;60;80;258.8504333;0;0;133.5964813;
5.929558277;60;80;258.6923523;0;0;133.6965027;
5.930978775;60;80;258.5210571;0;0;133.7964935;
5.93225193;60;80;258.3628845;0;0;133.8965149;
5.933606148;60;80;258.1915283;0;0;133.9965057;
5.934773922;60;80;258.0332947;0;0;134.0964966;
5.936013699;60;80;257.8618469;0;0;134.1965179;
5.937119484;60;80;257.7035522;0;0;134.2965088;
5.938249588;60;80;257.5320435;0;0;134.3965149;
5.939295769;60;80;257.3736877;0;0;134.4965057;
5.94036293;60;80;257.2021179;0;0;134.5965118;
5.941296577;60;80;257.0437317;0;0;134.6965332;
5.9422822;60;80;256.8721008;0;0;134.796524;
5.943154812;60;80;256.713623;0;0;134.8965302;
5.944099426;60;80;256.5419312;0;0;134.9965363;
5.944901466;60;80;256.3834534;0;0;135.0965271;
5.945759773;60;80;256.2117004;0;0;135.1965332;
5.94652319;60;80;256.0531616;0;0;135.2965393;
5.947287083;60;80;255.8813629;0;0;135.3965302;
5.947988987;60;80;255.7227783;0;0;135.4965363;
5.94875288;60;80;255.5509491;0;0;135.5965576;
5.949380875;60;80;255.3923187;0;0;135.6965485;
5.950057983;60;80;255.2204437;0;0;135.7965698;
5.950644493;60;80;255.0617828;0;0;135.8965607;
5.951265812;60;80;254.8898773;0;0;135.9965515;
5.951856136;60;80;254.7311707;0;0;136.0965576;
5.952418327;60;80;254.5592346;0;0;136.1965942;
5.952927589;60;80;254.4004974;0;0;136.2965698;
5.953457355;60;80;254.2285309;0;0;136.3965759;
5.953948021;60;80;254.0697632;0;0;136.4965973;
5.954454422;60;80;253.8977661;0;0;136.5965729;
5.954888821;60;80;253.7389832;0;0;136.696579;
5.955340862;60;80;253.5669556;0;0;136.7965851;
5.955747128;60;80;253.4081421;0;0;136.8965912;
5.956165791;60;80;253.236084;0;0;136.9965973;
5.956561089;60;80;253.0772552;0;0;137.0965881;
5.956963539;60;80;252.9051819;0;0;137.1965942;
5.95730257;60;80;252.7463379;0;0;137.2966003;
5.957654476;60;80;252.574234;0;0;137.3966064;
5.957984924;60;80;252.4153595;0;0;137.4966125;
5.958323479;60;80;252.2432404;0;0;137.5966034;
5.958625793;60;80;252.0843658;0;0;137.69664;
5.958942413;60;80;251.9122162;0;0;137.7966156;
5.959198952;60;80;251.7533264;0;0;137.8966217;
5.959495544;60;80;251.5811615;0;0;137.9966278;
5.95975399;60;80;251.4222565;0;0;138.0966339;
5.960028172;60;80;251.2500916;0;0;138.1966248;
5.96026659;60;80;251.091156;0;0;138.2966309;
5.960501194;60;80;250.9189758;0;0;138.3966675;
5.96070528;60;80;250.7600403;0;0;138.4966431;
5.960957527;60;80;250.5878448;0;0;138.5966492;
5.961160183;60;80;250.428894;0;0;138.6966553;
5.961366653;60;80;250.2566833;0;0;138.7966461;
5.961565495;60;80;250.0977173;0;0;138.8966522;
5.961737633;60;80;249.9255066;0;0;138.9966736;
5.961903095;60;80;249.7665405;0;0;139.0966644;
5.962123394;60;80;249.5943146;0;0;139.1966858;
5.962279797;60;80;249.4353333;0;0;139.2966766;
5.96241951;60;80;249.2631073;0;0;139.3966675;
5.962574005;60;80;249.1041107;0;0;139.4966736;
5.962747097;60;80;248.9318848;0;0;139.5966797;
5.962887764;60;80;248.7728882;0;0;139.6966858;
5.963009357;60;80;248.600647;0;0;139.7967072;
5.963144302;60;80;248.4416504;0;0;139.896698;
5.963290215;60;80;248.2693939;0;0;139.9967041;
5.963389874;60;80;248.1103973;0;0;140.0966949;
5.963502884;60;80;247.9381409;0;0;140.196701;
5.963626862;60;80;247.779129;0;0;140.2967072;
5.963750362;60;80;247.6068726;0;0;140.396698;
5.963837624;60;80;247.4478607;0;0;140.4967194;
5.963933945;60;80;247.275589;0;0;140.5967407;
5.964036465;60;80;247.1165771;0;0;140.6967163;
5.964143753;60;80;246.9443207;0;0;140.7967529;
5.96421814;60;80;246.7852936;0;0;140.896759;
5.964312553;60;80;246.6130219;0;0;140.9967346;
5.964384556;60;80;246.454834;0;0;141.0967407;
5.964463234;60;80;246.2834015;0;0;141.1967468;
5.96455431;60;80;246.1243744;0;0;141.2967377;
5.964632511;60;80;245.9521027;0;0;141.3967438;
5.964688301;60;80;245.7922516;0;0;141.4957428;
5.964758396;60;80;245.6208038;0;0;141.5957489;
5.964823246;60;80;245.460968;0;0;141.695755;
5.964890003;60;80;245.288681;0;0;141.7957611;
5.964952469;60;80;245.1296692;0;0;141.895752;
5.965017319;60;80;244.9573975;0;0;141.9957581;
5.96505785;60;80;244.7983704;0;0;142.0957642;
5.965105057;60;80;244.6260986;0;0;142.1957703;
5.965166092;60;80;244.4670715;0;0;142.2957764;
5.96522522;60;80;244.2947998;0;0;142.395813;
5.965273857;60;80;244.135788;0;0;142.4957733;
5.965315342;60;80;243.9635162;0;0;142.5957794;
5.965348721;60;80;243.8044891;0;0;142.695816;
5.965389252;60;80;243.6322327;0;0;142.7958069;
5.965442657;60;80;243.4732056;0;0;142.8957977;
5.965490341;60;80;243.3009338;0;0;142.9957886;
5.965521336;60;80;243.141922;0;0;143.0957947;
5.965549469;60;80;242.9696655;0;0;143.1958008;
5.965581417;60;80;242.8106537;0;0;143.2958069;
5.965629578;60;80;242.638382;0;0;143.395813;
5.965654373;60;80;242.4793701;0;0;143.4958344;
5.965696335;60;80;242.3071136;0;0;143.5958099;
5.965703011;60;80;242.1481018;0;0;143.695816;
5.965754032;60;80;241.9758453;0;0;143.7958221;
5.965781689;60;80;241.8168488;0;0;143.8958282;
5.965788841;60;80;241.6445923;0;0;143.9958344;
5.965827465;60;80;241.4855957;0;0;144.0958557;
5.965839386;60;80;241.3133392;0;0;144.1958313;
5.965876579;60;80;241.1543427;0;0;144.2958374;
5.965892315;60;80;240.9821014;0;0;144.3958435;
5.965920925;60;80;240.8231049;0;0;144.4958496;
5.965938091;60;80;240.6508636;0;0;144.5958405;
5.965947151;60;80;240.4918671;0;0;144.6958466;
5.966003418;60;80;240.3196259;0;0;144.7958679;
5.965983391;60;80;240.1606445;0;0;144.8958588;
5.966005325;60;80;239.9884186;0;0;144.9958649;
5.966038704;60;80;239.8294373;0;0;145.095871;
5.966065884;60;80;239.6572113;0;0;145.1958618;
5.96606636;60;80;239.49823;0;0;145.2958679;
5.966055393;60;80;239.326004;0;0;145.3958893;
5.966104031;60;80;239.167038;0;0;145.4958801;
5.966132641;60;80;238.9948273;0;0;145.5958862;
5.966113567;60;80;238.8358612;0;0;145.6958771;
5.966117382;60;80;238.6636505;0;0;145.7958832;
5.96617794;60;80;238.5046844;0;0;145.8959045;
5.966156006;60;80;238.3324738;0;0;145.9958954;
5.966162205;60;80;238.1735229;0;0;146.0959015;
5.966212273;60;80;238.0013275;0;0;146.1959229;
5.966173649;60;80;237.8423767;0;0;146.2958984;
5.966220379;60;80;237.6701813;0;0;146.3959198;
5.966210365;60;80;237.5112305;0;0;146.4959106;
5.9662323;60;80;237.3390503;0;0;146.5959167;
5.966238976;60;80;237.1801147;0;0;146.6959229;
5.966242313;60;80;237.0079346;0;0;146.7959137;
5.966266632;60;80;236.848999;0;0;146.8959351;
5.966228962;60;80;236.6768341;0;0;146.9959259;
5.96627903;60;80;236.5178986;0;0;147.095932;
5.966281891;60;80;236.3457336;0;0;147.1959381;
5.96625948;60;80;236.1868286;0;0;147.295929;
5.966318607;60;80;236.0146637;0;0;147.3959656;
5.966278076;60;80;235.8557587;0;0;147.4959412;
5.96638155;60;80;235.6835938;0;0;147.5959473;
5.966452599;60;80;235.5246887;0;0;147.6959534;
5.966451645;60;80;235.3525391;0;0;147.7959595;
5.966492653;60;80;235.193634;0;0;147.8959656;
5.966453552;60;80;235.0214844;0;0;147.9959717;
5.966501236;60;80;234.8625793;0;0;148.0959625;
5.966506958;60;80;234.6904449;0;0;148.1959686;
5.966506958;60;80;234.5315399;0;0;148.2959747;
5.966551781;60;80;234.3594055;0;0;148.3959808;
5.966516495;60;80;234.2005005;0;0;148.4959869;
5.966555595;60;80;234.0283661;0;0;148.5959778;
5.966556072;60;80;233.8694611;0;0;148.6959839;
5.966547966;60;80;233.6973267;0;0;148.79599;
5.96659565;60;80;233.5384369;0;0;148.8959961;
5.966556549;60;80;233.3663025;0;0;148.9960327;
5.966590881;60;80;233.2074127;0;0;149.095993;
5.966596603;60;80;233.0352783;0;0;149.1959991;
5.966594219;60;80;232.8763885;0;0;149.2960358;
5.966612816;60;80;232.7042542;0;0;149.3960114;
5.966619015;60;80;232.5453796;0;0;149.4960175;
5.96659565;60;80;232.3732452;0;0;149.5960236;
5.966649532;60;80;232.2143707;0;0;149.6960144;
5.966635704;60;80;232.0422516;0;0;149.7960205;
5.966603279;60;80;231.8833618;0;0;149.8960419;
5.966588497;60;80;231.7112427;0;0;149.9960327;
5.966582298;60;80;231.5523682;0;0;150.0960236;
5.966573715;60;80;231.380249;0;0;150.1960297;
5.966599464;60;80;231.2213593;0;0;150.2961121;
5.96661377;60;80;231.0492249;0;0;150.3960419;
5.96659565;60;80;230.8903503;0;0;150.496048;
5.96659708;60;80;230.7182159;0;0;150.5960388;
5.966636181;60;80;230.5593262;0;0;150.6960602;
5.966616154;60;80;230.3871918;0;0;150.796051;
5.96659708;60;80;230.228302;0;0;150.8960571;
5.966625214;60;80;230.0561523;0;0;150.9960632;
5.966651917;60;80;229.8972626;0;0;151.0960693;
5.966617584;60;80;229.7251129;0;0;151.1960602;
5.966630459;60;80;229.5662079;0;0;151.2960968;
5.966639519;60;80;229.3940735;0;0;151.3961182;
5.966639519;60;80;229.2351685;0;0;151.4960938;
5.966646671;60;80;229.0630188;0;0;151.5960846;
5.966637135;60;80;228.9041138;0;0;151.6960907;
5.966616631;60;80;228.7319489;0;0;151.7960968;
5.966655254;60;80;228.5730438;0;0;151.8960876;
5.966650963;60;80;228.4008942;0;0;151.9960938;
5.966647148;60;80;228.2419739;0;0;152.0961151;
5.966645718;60;80;228.069809;0;0;152.1961212;
5.966633797;60;80;227.9109039;0;0;152.2961121;
5.966671467;60;80;227.738739;0;0;152.3961029;
5.966655731;60;80;227.5798187;0;0;152.4961243;
5.966661453;60;80;227.4076538;0;0;152.5961151;
5.966663837;60;80;227.2487183;0;0;152.6961212;
5.966640472;60;80;227.0765533;0;0;152.7961273;
5.966656685;60;80;226.9176331;0;0;152.8961334;
5.966672421;60;80;226.7454529;0;0;152.9961395;
5.966667652;60;80;226.5865173;0;0;153.0961304;
5.966672897;60;80;226.4143524;0;0;153.1961365;
5.966663361;60;80;226.2554169;0;0;153.2961426;
5.966656685;60;80;226.0832367;0;0;153.3961334;
5.96667099;60;80;225.9243011;0;0;153.4961548;
5.966665745;60;80;225.752121;0;0;153.5961456;
5.966666222;60;80;225.5931702;0;0;153.6961823;
5.966660976;60;80;225.42099;0;0;153.7961731;
5.96668005;60;80;225.2620392;0;0;153.8961639;
5.966676712;60;80;225.089859;0;0;153.99617;
5.966658115;60;80;224.9309082;0;0;154.0961761;
5.96668148;60;80;224.7587128;0;0;154.196167;
5.966676712;60;80;224.5997772;0;0;154.2961731;
5.966669083;60;80;224.4275818;0;0;154.3961945;
5.966674328;60;80;224.268631;0;0;154.4961853;
5.966678143;60;80;224.0964203;0;0;154.5962067;
5.966687202;60;80;223.9374695;0;0;154.6961823;
5.966668129;60;80;223.765274;0;0;154.7961884;
5.966674328;60;80;223.606308;0;0;154.8961945;
5.966682911;60;80;223.4341125;0;0;154.9962006;
5.966682434;60;80;223.2751465;0;0;155.0962067;
5.966679573;60;80;223.1029358;0;0;155.1961975;
5.966682911;60;80;222.9439697;0;0;155.2962036;
5.966679573;60;80;222.771759;0;0;155.3962097;
5.966669559;60;80;222.612793;0;0;155.4962158;
5.966686249;60;80;222.4405823;0;0;155.5962067;
5.96668911;60;80;222.2816162;0;0;155.6962433;
5.966686249;60;80;222.1094055;0;0;155.7962494;
5.966685295;60;80;221.9504242;0;0;155.896225;
5.966688156;60;80;221.7782135;0;0;155.9962311;
5.966681004;60;80;221.6192322;0;0;156.0962372;
5.966684341;60;80;221.4470062;0;0;156.196228;
5.966689587;60;80;221.2880402;0;0;156.2962341;
5.966685295;60;80;221.1158142;0;0;156.3962402;
