sep=;
unknown1; unknown2; currentSpeed; currentLimit; nextLimit; distance; gaspedal; brakepedal; timestamp
5.963320255;100;80;241.788681;0;0;185.7962189;
5.96331358;100;80;241.7098694;0;0;185.8962402;
5.963308811;100;80;241.6248016;0;0;185.9962311;
5.963305473;100;80;241.5465698;0;0;186.0962372;
5.963317394;100;80;241.4621124;0;0;186.1962433;
5.963320732;100;80;241.3844452;0;0;186.2962494;
5.963307381;100;80;241.3006134;0;0;186.396286;
5.963307858;100;80;241.2235107;0;0;186.4962463;
5.963304996;100;80;241.1402893;0;0;186.5962524;
5.963323116;100;80;241.0637665;0;0;186.6962585;
5.963321209;100;80;240.9811859;0;0;186.7962646;
5.963316917;100;80;240.9052277;0;0;186.896286;
5.963311195;100;80;240.8232727;0;0;186.9962769;
5.963314533;100;80;240.7478943;0;0;187.096283;
5.963324547;100;80;240.6665649;0;0;187.1962738;
5.963321209;100;80;240.5917664;0;0;187.2962799;
5.963324547;100;80;240.5110626;0;0;187.3963013;
5.963315487;100;80;240.4368591;0;0;187.4962921;
5.963324547;100;80;240.356781;0;0;187.5962982;
5.963330269;100;80;240.2831573;0;0;187.6962891;
5.963323593;100;80;240.2037048;0;0;187.7963104;
5.963326454;100;80;240.130661;0;0;187.8963013;
5.963326454;100;80;240.0518494;0;0;187.9963074;
5.963332653;100;80;239.9794006;0;0;188.0963135;
5.963327408;100;80;239.9012299;0;0;188.1963043;
5.963329315;100;80;239.829361;0;0;188.2963257;
5.963331223;100;80;239.7518311;0;0;188.3963165;
5.963336468;100;80;239.680542;0;0;188.4963226;
5.96332407;100;80;239.603653;0;0;188.596344;
5.963329792;100;80;239.5329742;0;0;188.6963348;
5.963336468;100;80;239.4567108;0;0;188.7963409;
5.963330746;100;80;239.3866272;0;0;188.896347;
5.963338852;100;80;239.3110046;0;0;188.9963379;
5.963331699;100;80;239.2415161;0;0;189.096344;
5.963329315;100;80;239.1665497;0;0;189.1963654;
5.963340759;100;80;239.0962219;0;0;189.2963409;
5.963341713;100;80;239.0276184;0;0;189.3963776;
5.96333456;100;80;238.9536133;0;0;189.4963531;
5.963335514;100;80;238.8799591;0;0;189.5963593;
5.963339329;100;80;238.8122559;0;0;189.6963501;
5.96334219;100;80;238.7392426;0;0;189.7963715;
5.963344097;100;80;238.6721649;0;0;189.8963776;
5.963344574;100;80;238.6053467;0;0;189.9963989;
5.963337421;100;80;238.5333099;0;0;190.0963745;
5.963342667;100;80;238.4616089;0;0;190.1963806;
5.963348866;100;80;238.3957214;0;0;190.2963867;
5.963346958;100;80;238.3246765;0;0;190.3963928;
5.963336945;100;80;238.2593994;0;0;190.4963837;
5.963340759;100;80;238.1944122;0;0;190.596405;
5.963344574;100;80;238.1243439;0;0;190.6963959;
5.963353157;100;80;238.0546112;0;0;190.7964172;
5.963349342;100;80;237.9905548;0;0;190.8964081;
5.963347912;100;80;237.9214935;0;0;190.9964142;
5.963339806;100;80;237.8580322;0;0;191.0964355;
5.96335125;100;80;237.7948914;0;0;191.1964264;
5.963356972;100;80;237.7268066;0;0;191.2964325;
5.963350773;100;80;237.6590576;0;0;191.3964233;
5.963345051;100;80;237.5974884;0;0;191.4964294;
5.963346481;100;80;237.5304108;0;0;191.5964355;
5.963346481;100;80;237.468811;0;0;191.6954193;
5.963349342;100;80;237.4075012;0;0;191.7954254;
5.963355064;100;80;237.3414154;0;0;191.8954315;
5.963348389;100;80;237.2756653;0;0;191.9954376;
5.963347912;100;80;237.2153015;0;0;192.0954437;
5.963344574;100;80;237.150238;0;0;192.1954498;
5.96335125;100;80;237.0904846;0;0;192.2954407;
5.963359833;100;80;237.0310364;0;0;192.3955078;
5.963350773;100;80;236.9669647;0;0;192.4954529;
5.96335125;100;80;236.9081268;0;0;192.5954742;
5.963342667;100;80;236.8447418;0;0;192.6954651;
5.963354111;100;80;236.7816925;0;0;192.7954559;
5.963353634;100;80;236.7238159;0;0;192.895462;
5.963350773;100;80;236.6662445;0;0;192.9954834;
5.963345528;100;80;236.6042023;0;0;193.0954742;
5.963346481;100;80;236.542511;0;0;193.1954803;
5.963341236;100;80;236.4858856;0;0;193.2955017;
5.963362694;100;80;236.4248962;0;0;193.3955078;
5.963355064;100;80;236.3688965;0;0;193.4954987;
5.963346481;100;80;236.3132019;0;0;193.5954895;
5.963350296;100;80;236.2532043;0;0;193.6954956;
5.963348389;100;80;236.193573;0;0;193.7955017;
5.963359833;100;80;236.1388397;0;0;193.8955078;
5.963358402;100;80;236.0798798;0;0;193.9955139;
5.963354588;100;80;236.0257874;0;0;194.0955048;
5.96335125;100;80;235.9720001;0;0;194.1955109;
5.963342667;100;80;235.9140625;0;0;194.295517;
5.96336174;100;80;235.8564911;0;0;194.3955231;
5.963361263;100;80;235.8036499;0;0;194.4955292;
5.963350296;100;80;235.7511292;0;0;194.59552;
5.963350773;100;80;235.6945801;0;0;194.6955261;
5.963345051;100;80;235.6424255;0;0;194.7955322;
5.963356018;100;80;235.5868378;0;0;194.8955383;
5.963363171;100;80;235.5313263;0;0;194.9955444;
5.963356018;100;80;235.480423;0;0;195.0955353;
5.963348866;100;80;235.4298248;0;0;195.1955414;
5.963345051;100;80;235.375351;0;0;195.2955475;
5.963355064;100;80;235.3253784;0;0;195.3955536;
5.963365555;100;80;235.2716064;0;0;195.4955597;
5.963357925;100;80;235.2179413;0;0;195.5955811;
5.963347912;100;80;235.1689606;0;0;195.6955719;
5.963352203;100;80;235.120285;0;0;195.7955627;
5.963355064;100;80;235.0679016;0;0;195.8955688;
5.963355064;100;80;235.0198822;0;0;195.9955597;
5.963355064;100;80;234.9682007;0;0;196.0955963;
5.963355064;100;80;234.9168854;0;0;196.1955872;
5.963347435;100;80;234.8698425;0;0;196.2955933;
5.963353157;100;80;234.8192444;0;0;196.3955841;
5.963357449;100;80;234.7728424;0;0;196.4955902;
5.963356972;100;80;234.7267609;0;0;196.5955963;
5.963353157;100;80;234.6772003;0;0;196.6955872;
5.963349819;100;80;234.6279907;0;0;196.7955933;
5.96334362;100;80;234.582901;0;0;196.8956299;
5.963365078;100;80;234.5344086;0;0;196.9956055;
5.963356495;100;80;234.489975;0;0;197.0956268;
5.963350296;100;80;234.4458466;0;0;197.1956177;
5.963352203;100;80;234.398407;0;0;197.2956238;
5.963355064;100;80;234.3513184;0;0;197.3956146;
5.963356495;100;80;234.308197;0;0;197.495636;
5.963351727;100;80;234.2618256;0;0;197.5956268;
5.963358402;100;80;234.2193451;0;0;197.6956329;
5.963352203;100;80;234.1771851;0;0;197.795639;
5.963347912;100;80;234.1318817;0;0;197.8956299;
5.963364124;100;80;234.0869293;0;0;197.995636;
5.963355541;100;80;234.0457764;0;0;198.0956421;
5.963354111;100;80;234.0015411;0;0;198.1956787;
5.963355541;100;80;233.9610443;0;0;198.295639;
5.963354111;100;80;233.9208679;0;0;198.3956451;
5.96336174;100;80;233.8776855;0;0;198.4956512;
5.963358402;100;80;233.8381653;0;0;198.5956573;
5.963353157;100;80;233.7957153;0;0;198.6956787;
5.963354588;100;80;233.7568512;0;0;198.7956696;
5.963345528;100;80;233.7151184;0;0;198.8956757;
5.963362217;100;80;233.6769257;0;0;198.9956818;
5.963365078;100;80;233.6358948;0;0;199.0957184;
5.963356018;100;80;233.5952454;0;0;199.1956787;
5.963342667;100;80;233.5580597;0;0;199.2956848;
5.963358402;100;80;233.5181427;0;0;199.3956909;
5.963362217;100;80;233.4816132;0;0;199.4957123;
5.963357449;100;80;233.4454193;0;0;199.5957031;
5.963353157;100;80;233.4065552;0;0;199.695694;
5.963348866;100;80;233.3680725;0;0;199.7957001;
5.96335125;100;80;233.3328857;0;0;199.8957062;
5.96335125;100;80;233.2951355;0;0;199.9957123;
5.96336031;100;80;233.2606201;0;0;200.0957031;
5.963355064;100;80;233.2264099;0;0;200.1957245;
5.963355541;100;80;233.1897278;0;0;200.2957153;
5.963345528;100;80;233.1534271;0;0;200.3957214;
5.963356972;100;80;233.1202393;0;0;200.4957275;
5.963368893;100;80;233.0846558;0;0;200.5957336;
5.963357925;100;80;233.0521545;0;0;200.6957245;
5.963353157;100;80;233.0199585;0;0;200.7957306;
5.963347912;100;80;232.9854584;0;0;200.8957367;
5.963355541;100;80;232.9513245;0;0;200.9957428;
5.963358402;100;80;232.920166;0;0;201.0957336;
5.963356495;100;80;232.8867645;0;0;201.195755;
5.963348389;100;80;232.8562775;0;0;201.2957611;
5.963348389;100;80;232.8261108;0;0;201.3957672;
5.963350296;100;80;232.7937927;0;0;201.4957581;
5.963367939;100;80;232.7618561;0;0;201.5957642;
5.963357449;100;80;232.7327118;0;0;201.695755;
5.963352203;100;80;232.7015076;0;0;201.7957611;
5.963344574;100;80;232.6730499;0;0;201.8957672;
5.96334362;100;80;232.6448975;0;0;201.9957733;
5.963366985;100;80;232.6147766;0;0;202.0957947;
5.963356495;100;80;232.5850372;0;0;202.1957855;
5.963355064;100;80;232.5579376;0;0;202.2957764;
5.96335125;100;80;232.5289307;0;0;202.3957977;
5.96335125;100;80;232.5024872;0;0;202.4957886;
5.963363647;100;80;232.4763794;0;0;202.5957947;
5.963363647;100;80;232.4484711;0;0;202.6958008;
5.963358402;100;80;232.420929;0;0;202.7958069;
5.963345528;100;80;232.3958588;0;0;202.8957977;
5.963348866;100;80;232.3690643;0;0;202.9958191;
5.963356972;100;80;232.3446655;0;0;203.0958099;
5.963362217;100;80;232.3206024;0;0;203.1958313;
5.963357925;100;80;232.2948914;0;0;203.2958221;
5.963349342;100;80;232.2695618;0;0;203.395813;
5.963350296;100;80;232.2465363;0;0;203.4958191;
5.963346958;100;80;232.2219543;0;0;203.5958252;
5.963359833;100;80;232.1996002;0;0;203.6958618;
5.963360786;100;80;232.1775818;0;0;203.7958374;
5.963353157;100;80;232.1540833;0;0;203.8958435;
5.963353634;100;80;232.1309814;0;0;203.9958496;
5.963355064;100;80;232.1100006;0;0;204.0958405;
5.963357449;100;80;232.0876312;0;0;204.1958466;
5.963358879;100;80;232.067337;0;0;204.2958527;
5.963358402;100;80;232.0473633;0;0;204.395874;
5.963346481;100;80;232.0260925;0;0;204.4958801;
5.963350773;100;80;232.0052032;0;0;204.5958557;
5.963362217;100;80;231.9862823;0;0;204.6958618;
5.963358879;100;80;231.9661407;0;0;204.7958984;
5.963355541;100;80;231.9478912;0;0;204.895874;
5.963349342;100;80;231.9299774;0;0;204.9958801;
5.963346481;100;80;231.9109344;0;0;205.0958862;
5.963361263;100;80;231.8922882;0;0;205.1958923;
5.963359833;100;80;231.875412;0;0;205.2958832;
5.963356495;100;80;231.8574982;0;0;205.3959198;
5.963354588;100;80;231.8413086;0;0;205.4958954;
5.963346481;100;80;231.8254547;0;0;205.5959167;
5.963359356;100;80;231.8086395;0;0;205.6958923;
5.963357449;100;80;231.7934723;0;0;205.7959137;
5.963356018;100;80;231.7774048;0;0;205.8959045;
5.963358879;100;80;231.761734;0;0;205.9959106;
5.963350296;100;80;231.7476044;0;0;206.0959167;
5.963366985;100;80;231.7338104;0;0;206.1959076;
5.963355064;100;80;231.7192535;0;0;206.2959137;
5.963349342;100;80;231.7050629;0;0;206.3959198;
5.963367462;100;80;231.6923218;0;0;206.4959564;
5.963351727;100;80;231.6788788;0;0;206.595932;
5.963362694;100;80;231.6668243;0;0;206.6959381;
5.963359833;100;80;231.6550903;0;0;206.7959442;
5.963355541;100;80;231.6427612;0;0;206.8959503;
5.96335268;100;80;231.6308136;0;0;206.9960938;
5.963354588;100;80;231.6201324;0;0;207.0959625;
5.963354588;100;80;231.6089478;0;0;207.1959381;
5.963365078;100;80;231.5989532;0;0;207.2959442;
5.963353157;100;80;231.5892944;0;0;207.3959503;
5.963353634;100;80;231.5792084;0;0;207.4959564;
5.96336031;100;80;231.5695038;0;0;207.5959625;
5.963358402;100;80;231.5608978;0;0;207.6959686;
5.963359356;100;80;231.5519562;0;0;207.7959747;
5.963358402;100;80;231.5440369;0;0;207.8959656;
5.963346958;100;80;231.5364532;0;0;207.9959717;
5.96335125;100;80;231.5286102;0;0;208.0959778;
5.963358402;100;80;231.5217133;0;0;208.1959991;
5.963356972;100;80;231.5146179;0;0;208.2959747;
5.963357449;100;80;231.5084076;0;0;208.3960114;
5.963350773;100;80;231.5020752;0;0;208.4959869;
5.963350296;100;80;231.4965515;0;0;208.595993;
5.963349342;100;80;231.4909668;0;0;208.6959991;
5.963361263;100;80;231.4857483;0;0;208.7960052;
5.963359833;100;80;231.4812927;0;0;208.8960114;
5.963350773;100;80;231.4768829;0;0;208.996048;
5.96335268;100;80;231.473114;0;0;209.0960083;
5.963352203;100;80;231.4693909;0;0;209.1950073;
5.963362217;100;80;231.4663239;0;0;209.2950439;
5.96336031;100;80;231.4633484;0;0;209.3950348;
5.963353157;100;80;231.460968;0;0;209.4950256;
5.963349819;100;80;231.4589081;0;0;209.5950317;
5.963346004;100;80;231.4570618;0;0;209.6950226;
5.963372231;100;80;231.4557037;0;0;209.7950287;
5.963366508;100;80;231.4545898;0;0;209.8950348;
5.963350773;100;80;231.4538879;0;0;209.9950409;
5.96334362;100;80;231.4535675;0;0;210.095047;
5.963346481;100;80;231.4536133;0;0;210.1950531;
5.963368416;100;80;231.4539948;0;0;210.2950592;
5.963365555;100;80;231.4547119;0;0;210.3950653;
5.963352203;100;80;231.4558563;0;0;210.4950562;
5.963358402;100;80;231.4573975;0;0;210.5950623;
5.963352203;100;80;231.4591675;0;0;210.6950684;
5.963356018;100;80;231.4614563;0;0;210.7950745;
5.963362694;100;80;231.463913;0;0;210.8950653;
5.963362694;100;80;231.4667053;0;0;210.9950867;
5.963356972;100;80;231.470108;0;0;211.0950928;
5.963349342;100;80;231.4738922;0;0;211.1950989;
5.963355064;100;80;231.4777374;0;0;211.2950897;
5.963363171;100;80;231.4822845;0;0;211.3950958;
5.963359356;100;80;231.4868164;0;0;211.4951172;
5.963360786;100;80;231.491684;0;0;211.5950928;
5.963349342;100;80;231.4973297;0;0;211.6950989;
5.963349819;100;80;231.5033722;0;0;211.795105;
5.963367462;100;80;231.5092773;0;0;211.8950958;
5.96336174;100;80;231.5160675;0;0;211.9951324;
5.96335125;100;80;231.5226746;0;0;212.095108;
5.963348389;100;80;231.5296173;0;0;212.1951141;
5.963352203;100;80;231.5375214;0;0;212.2951202;
5.963358879;100;80;231.5458069;0;0;212.3951263;
5.963357925;100;80;231.5537872;0;0;212.4951324;
5.963358879;100;80;231.5628204;0;0;212.5951385;
5.963351727;100;80;231.5715027;0;0;212.6951294;
5.963354111;100;80;231.5805206;0;0;212.7951355;
5.963356495;100;80;231.5906677;0;0;212.8951569;
5.963359356;100;80;231.6011963;0;0;212.995163;
5.963356495;100;80;231.6112518;0;0;213.0951538;
5.963355064;100;80;231.6225281;0;0;213.1951599;
5.963350773;100;80;231.6332855;0;0;213.295166;
5.963359356;100;80;231.6443787;0;0;213.3951569;
5.963359833;100;80;231.6567535;0;0;213.4951477;
5.963362694;100;80;231.6695251;0;0;213.5951538;
5.963354588;100;80;231.6816559;0;0;213.6951599;
5.963348389;100;80;231.6951752;0;0;213.795166;
5.963365078;100;80;231.7079926;0;0;213.8951721;
5.963359833;100;80;231.7211609;0;0;213.9951935;
5.963362217;100;80;231.7357788;0;0;214.0951843;
5.96335125;100;80;231.7507782;0;0;214.1951752;
5.963347435;100;80;231.7649841;0;0;214.2951965;
5.963354588;100;80;231.7807465;0;0;214.3951874;
5.963355541;100;80;231.7956238;0;0;214.4952087;
5.96335268;100;80;231.8108521;0;0;214.5951996;
5.963355541;100;80;231.827713;0;0;214.6952057;
5.963356018;100;80;231.8436127;0;0;214.7952118;
5.963354588;100;80;231.8612213;0;0;214.8952179;
5.96336174;100;80;231.8792114;0;0;214.995224;
5.963359356;100;80;231.8961487;0;0;215.0952148;
5.963356495;100;80;231.9134369;0;0;215.1952209;
5.96335125;100;80;231.9325256;0;0;215.2952118;
5.96335268;100;80;231.9519958;0;0;215.3952332;
5.963360786;100;80;231.9703217;0;0;215.495224;
5.963355064;100;80;231.9905396;0;0;215.5952301;
5.963357449;100;80;232.009552;0;0;215.6952362;
5.963350773;100;80;232.0288849;0;0;215.7952423;
5.963355541;100;80;232.0502014;0;0;215.8952484;
5.963362694;100;80;232.0718994;0;0;215.9952393;
5.963353634;100;80;232.0922852;0;0;216.0952454;
5.963353634;100;80;232.1147308;0;0;216.1952667;
5.963359833;100;80;232.135788;0;0;216.2952576;
5.963346958;100;80;232.1571808;0;0;216.3952637;
5.963362217;100;80;232.1807098;0;0;216.4952545;
5.963360786;100;80;232.2046356;0;0;216.5952606;
5.963355064;100;80;232.227066;0;0;216.6952667;
5.963354588;100;80;232.2517242;0;0;216.7952728;
5.963354111;100;80;232.2748413;0;0;216.8952789;
5.963366508;100;80;232.2982788;0;0;216.9952698;
5.963356972;100;80;232.3240356;0;0;217.0953064;
5.963352203;100;80;232.350174;0;0;217.195282;
5.96335125;100;80;232.3746338;0;0;217.2953186;
5.963353634;100;80;232.4015198;0;0;217.3952942;
5.963364124;100;80;232.4266663;0;0;217.4953156;
5.963363171;100;80;232.4521484;0;0;217.5952911;
5.963352203;100;80;232.4801025;0;0;217.6953125;
5.963348389;100;80;232.5084534;0;0;217.7953186;
5.96335125;100;80;232.5349731;0;0;217.8953094;
5.963361263;100;80;232.5640564;0;0;217.9953156;
5.963357925;100;80;232.5912323;0;0;218.0953064;
5.963356018;100;80;232.6187439;0;0;218.195343;
5.96335268;100;80;232.6489258;0;0;218.2953186;
5.963354111;100;80;232.6794739;0;0;218.39534;
5.963362217;100;80;232.7080078;0;0;218.4953308;
5.963360786;100;80;232.7392883;0;0;218.5953369;
5.963357925;100;80;232.7685089;0;0;218.6953278;
5.963349819;100;80;232.7980499;0;0;218.7953339;
5.96335125;100;80;232.8304138;0;0;218.89534;
5.963348866;100;80;232.8631592;0;0;218.9953461;
5.963362694;100;80;232.8937225;0;0;219.0953522;
5.963362217;100;80;232.9246216;0;0;219.195343;
5.963350296;100;80;232.9584503;0;0;219.2953491;
5.96335125;100;80;232.9900055;0;0;219.3953552;
5.963352203;100;80;233.0245667;0;0;219.4953918;
5.963366032;100;80;233.059494;0;0;219.5953674;
5.963361263;100;80;233.0920715;0;0;219.6953735;
5.963352203;100;80;233.1277313;0;0;219.7953796;
5.963356972;100;80;233.1609955;0;0;219.8953857;
5.96335125;100;80;233.1945648;0;0;219.9953766;
5.963365078;100;80;233.231308;0;0;220.0953827;
5.963355064;100;80;233.2655487;0;0;220.1954041;
5.963329315;100;80;233.303009;0;0;220.2954102;
5.960633278;100;80;233.3408508;0;0;220.395401;
5.9503479;100;80;233.3761597;0;0;220.4953918;
5.934019089;100;80;233.4118958;0;0;220.5953979;
5.925996304;100;80;233.4513397;0;0;220.6954193;
5.925291538;100;80;233.4919128;0;0;220.7954102;
5.925522327;100;80;233.5304565;0;0;220.8954163;
5.924183846;100;80;233.573349;0;0;220.9954071;
5.922561169;100;80;233.6139374;0;0;221.0954132;
5.921450138;100;80;233.6555176;0;0;221.1954346;
5.920710564;100;80;233.7016907;0;0;221.2954254;
5.919655323;100;80;233.7490082;0;0;221.3954315;
5.918604851;100;80;233.7937164;0;0;221.4954376;
5.917626381;100;80;233.8432465;0;0;221.5954437;
5.916759491;100;80;233.8899689;0;0;221.6954346;
5.915860176;100;80;233.9376831;0;0;221.7954407;
5.915057659;100;80;233.990448;0;0;221.8954468;
5.914243221;100;80;234.0401764;0;0;221.9954376;
5.913484097;100;80;234.0951385;0;0;222.0954437;
5.912685394;100;80;234.1468658;0;0;222.1954498;
5.912005424;100;80;234.2039795;0;0;222.2954559;
5.911315441;100;80;234.2622375;0;0;222.395462;
5.910668373;100;80;234.3169861;0;0;222.4954681;
5.91002512;100;80;234.3727112;0;0;222.5954742;
5.909440041;100;80;234.4341278;0;0;222.6954651;
5.908800125;100;80;234.4966583;0;0;222.7954712;
5.908251762;100;80;234.5553741;0;0;222.8954773;
5.907720089;100;80;234.6200256;0;0;222.9954681;
5.90718174;100;80;234.6806946;0;0;223.0954895;
5.906681061;100;80;234.7422791;0;0;223.1955109;
5.906191349;100;80;234.8100586;0;0;223.2954865;
5.905727863;100;80;234.8735962;0;0;223.3954926;
5.905256748;100;80;234.9434662;0;0;223.4954987;
5.904842854;100;80;235.0144196;0;0;223.5955048;
5.904460907;100;80;235.0808716;0;0;223.6955109;
5.904053688;100;80;235.1482391;0;0;223.795517;
5.903657913;100;80;235.2222443;0;0;223.8955078;
5.90330267;100;80;235.2973175;0;0;223.9955139;
5.90295887;100;80;235.367569;0;0;224.09552;
5.902604103;100;80;235.4446869;0;0;224.1955109;
5.902287483;100;80;235.5167999;0;0;224.2955322;
5.901960373;100;80;235.5898285;0;0;224.3955231;
5.901669025;100;80;235.6699371;0;0;224.4955292;
5.901359558;100;80;235.7510834;0;0;224.5955353;
5.901068211;100;80;235.8269043;0;0;224.6955261;
5.900835991;100;80;235.9100494;0;0;224.7955627;
5.900574207;100;80;235.9877167;0;0;224.8955383;
5.900297165;100;80;236.0662537;0;0;224.9955444;
5.90011692;100;80;236.1523132;0;0;225.0955505;
5.899856091;100;80;236.2393951;0;0;225.1955566;
5.899616718;100;80;236.3206787;0;0;225.2955627;
5.899466038;100;80;236.4028168;0;0;225.3955536;
5.899221897;100;80;236.4897308;0;0;225.4955597;
5.899008274;100;80;236.5806427;0;0;225.5955811;
5.898824215;100;80;236.665451;0;0;225.6955719;
5.898648739;100;80;236.7582703;0;0;225.795578;
5.898473263;100;80;236.8448334;0;0;225.8955688;
5.898318291;100;80;236.9395447;0;0;225.995575;
5.89817524;100;80;237.027832;0;0;226.0956116;
5.898024559;100;80;237.1244202;0;0;226.1955872;
5.89783144;100;80;237.214447;0;0;226.2955933;
5.897702694;100;80;237.3128815;0;0;226.3955994;
5.897576332;100;80;237.4113159;0;0;226.4955902;
5.897459507;100;80;237.5039063;0;0;226.5955963;
5.897326946;100;80;237.6051178;0;0;226.6946259;
5.897170544;100;80;237.6993713;0;0;226.7946167;
5.897088528;100;80;237.7944336;0;0;226.8946228;
5.896965504;100;80;237.8983154;0;0;226.9946136;
5.896865368;100;80;238.0031281;0;0;227.0946503;
5.896776199;100;80;238.1006775;0;0;227.1946106;
5.896633148;100;80;238.1990204;0;0;227.2946167;
5.896554947;100;80;238.306427;0;0;227.3946533;
5.896461964;100;80;238.4147491;0;0;227.4946289;
5.896364212;100;80;238.5155334;0;0;227.594635;
5.896267414;100;80;238.6255646;0;0;227.6946564;
5.896214485;100;80;238.7279358;0;0;227.7946625;
5.89614296;100;80;238.8310547;0;0;227.8946381;
5.896056175;100;80;238.9436035;0;0;227.9946442;
5.895963669;100;80;239.0482788;0;0;228.0946655;
5.895905972;100;80;239.1625061;0;0;228.1946564;
5.895814896;100;80;239.2776031;0;0;228.2946625;
5.89577055;100;80;239.3845978;0;0;228.3946686;
5.895695686;100;80;239.4923248;0;0;228.4946594;
5.895624638;100;80;239.6098328;0;0;228.5946655;
5.895565987;100;80;239.7281799;0;0;228.6946869;
5.895511627;100;80;239.8381653;0;0;228.7946777;
5.895464897;100;80;239.9581146;0;0;228.8946686;
5.895433903;100;80;240.0695648;0;0;228.9946899;
5.895382404;100;80;240.1817017;0;0;229.0946808;
5.895316601;100;80;240.3039856;0;0;229.1946869;
5.895261288;100;80;240.4270477;0;0;229.294693;
5.895236492;100;80;240.5413666;0;0;229.3946991;
5.895193577;100;80;240.6659698;0;0;229.4946899;
5.895158768;100;80;240.7816925;0;0;229.594696;
5.895102501;100;80;240.8980713;0;0;229.6947021;
5.8950634;100;80;241.0248871;0;0;229.7947083;
5.895020485;100;80;241.1524811;0;0;229.8947144;
5.895013809;100;80;241.2709351;0;0;229.9947052;
5.894956589;100;80;241.3900452;0;0;230.0947418;
5.894923687;100;80;241.5197906;0;0;230.1947174;
5.894916058;100;80;241.640213;0;0;230.2947235;
5.894871712;100;80;241.7713776;0;0;230.3947296;
5.894822121;100;80;241.9032898;0;0;230.4947357;
5.894777298;100;80;242.0256805;0;0;230.5947266;
5.894830227;100;80;242.1589813;0;0;230.6947327;
5.894787788;100;80;242.2826385;0;0;230.7947693;
5.894750595;100;80;242.4069214;0;0;230.8947601;
5.894719124;100;80;242.5422211;0;0;230.994751;
5.894677162;100;80;242.6782227;0;0;231.0947571;
5.894647598;100;80;242.8043671;0;0;231.1947632;
5.894690037;100;80;242.9310913;0;0;231.2947693;
5.894638062;100;80;243.0690308;0;0;231.3947601;
5.89457798;100;80;243.1969452;0;0;231.4947662;
5.89460516;100;80;243.3361664;0;0;231.5947723;
5.894584656;100;80;243.4760437;0;0;231.6947784;
5.894543171;100;80;243.6057281;0;0;231.7947845;
5.894570827;100;80;243.7468414;0;0;231.8947754;
5.89451313;100;80;243.8776703;0;0;231.9947815;
5.894498825;100;80;244.0090332;0;0;232.0947876;
5.894489288;100;80;244.1519318;0;0;232.194809;
5.894455433;100;80;244.2954712;0;0;232.2947998;
5.89443922;100;80;244.4284821;0;0;232.3947906;
5.894458771;100;80;244.5731812;0;0;232.494812;
5.894456387;100;80;244.7072754;0;0;232.5948181;
5.894438267;100;80;244.8418732;0;0;232.6948242;
5.894407272;100;80;244.9882355;0;0;232.7948303;
5.894420147;100;80;245.1351929;0;0;232.8948059;
5.894402027;100;80;245.271347;0;0;232.994812;
5.894392967;100;80;245.4193878;0;0;233.0948181;
5.894361019;100;80;245.5565338;0;0;233.1948242;
5.894344807;100;80;245.6941528;0;0;233.2948456;
5.894361019;100;80;245.8437653;0;0;233.3948364;
5.894337654;100;80;245.9823456;0;0;233.4948425;
5.89432621;100;80;246.1329803;0;0;233.5948334;
5.894337654;100;80;246.2841339;0;0;233.6948547;
5.894330978;100;80;246.424118;0;0;233.7948456;
5.89431715;100;80;246.5645447;0;0;233.8948669;
5.894303799;100;80;246.7171631;0;0;233.9948578;
5.89428091;100;80;246.8702698;0;0;234.0948486;
5.894309044;100;80;247.0120392;0;0;234.19487;
5.89430666;100;80;247.1542206;0;0;234.2948608;
5.894269943;100;80;247.3087006;0;0;234.3948669;
5.894271374;100;80;247.4517212;0;0;234.494873;
5.894279003;100;80;247.6071014;0;0;234.5948639;
5.894251347;100;80;247.7629395;0;0;234.6948853;
5.894278526;100;80;247.907196;0;0;234.7948914;
5.894254208;100;80;248.0518188;0;0;234.8948822;
5.894261837;100;80;248.2089233;0;0;234.9948883;
5.894257069;100;80;248.3543091;0;0;235.0948944;
5.894202232;100;80;248.5122375;0;0;235.1948853;
5.894221306;100;80;248.6705627;0;0;235.2948914;
5.894232273;100;80;248.8170776;0;0;235.3949127;
5.894236088;100;80;248.9761963;0;0;235.4949036;
5.894230366;100;80;249.1234131;0;0;235.5949249;
5.894214153;100;80;249.2709656;0;0;235.6949463;
5.894209385;100;80;249.4311829;0;0;235.7949219;
5.894201279;100;80;249.5917664;0;0;235.8949127;
5.894207001;100;80;249.7403259;0;0;235.9949341;
5.894180298;100;80;249.9016113;0;0;236.0949097;
5.894190311;100;80;250.0508118;0;0;236.1949158;
5.894190311;100;80;250.2003021;0;0;236.2949371;
5.894190788;100;80;250.3625793;0;0;236.394928;
5.894203186;100;80;250.5126648;0;0;236.4949493;
5.894226551;100;80;250.6755829;0;0;236.5949554;
5.894181728;100;80;250.8388062;0;0;236.6949463;
5.894199371;100;80;250.9897614;0;0;236.7949371;
5.894185066;100;80;251.1409607;0;0;236.8949585;
5.894182205;100;80;251.305069;0;0;236.9949493;
5.894145966;100;80;251.4694519;0;0;237.0949554;
5.894201279;100;80;251.6214447;0;0;237.1949768;
5.894186497;100;80;251.786377;0;0;237.2949524;
5.894171715;100;80;251.938858;0;0;237.3949585;
5.894152641;100;80;252.0915833;0;0;237.4949799;
5.894173622;100;80;252.2572632;0;0;237.594986;
5.894154549;100;80;252.4231873;0;0;237.6949768;
5.894196987;100;80;252.5765839;0;0;237.7950134;
5.894149303;100;80;252.7429657;0;0;237.8950043;
5.894162178;100;80;252.8967743;0;0;237.9949799;
5.894164562;100;80;253.050766;0;0;238.094986;
5.89415741;100;80;253.2177887;0;0;238.1949768;
5.894166946;100;80;253.3721619;0;0;238.2949982;
5.894187927;100;80;253.5395966;0;0;238.3950195;
5.894141197;100;80;253.6943207;0;0;238.4949951;
5.894135952;100;80;253.8621063;0;0;238.5950165;
5.894156456;100;80;254.0171661;0;0;238.6950226;
5.894158363;100;80;254.1869202;0;0;238.7950287;
5.894175529;100;80;254.3536224;0;0;238.8950195;
5.894170761;100;80;254.5091248;0;0;238.9950256;
5.894146442;100;80;254.6777344;0;0;239.0950165;
5.894141197;100;80;254.8335114;0;0;239.1950378;
5.894155979;100;80;254.9894104;0;0;239.2950287;
5.89411068;100;80;255.158432;0;0;239.3950195;
5.894159794;100;80;255.3275757;0;0;239.4950409;
5.894144058;100;80;255.4838257;0;0;239.595047;
5.894163609;100;80;255.6531982;0;0;239.6950531;
5.89414835;100;80;255.8096466;0;0;239.7950439;
5.894132137;100;80;255.9661713;0;0;239.89505;
5.894112587;100;80;256.1358337;0;0;239.9950562;
5.893021107;100;80;256.3055725;0;0;240.0950775;
5.887846947;100;80;256.4631042;0;0;240.1950836;
5.877450466;100;80;256.619751;0;0;240.2950592;
5.874341488;100;80;256.7892761;0;0;240.3950653;
5.874623775;100;80;256.9457397;0;0;240.4950714;
5.874799728;100;80;257.1152954;0;0;240.5950775;
5.873576164;100;80;257.2848816;0;0;240.6950989;
5.872443199;100;80;257.4414368;0;0;240.7950745;
5.872355461;100;80;257.6110535;0;0;240.8950806;
5.886700153;100;80;257.7676697;0;0;240.9950867;
5.906714916;100;80;257.9246826;0;0;241.0950928;
5.916213036;100;80;258.0953064;0;0;241.1951141;
5.919599533;100;80;258.2661133;0;0;241.295105;
5.92066431;100;80;258.4239197;0;0;241.3950958;
5.92211771;100;80;258.5949097;0;0;241.4951019;
5.923772335;100;80;258.7528076;0;0;241.5951385;
5.925321102;100;80;258.9107361;0;0;241.6951141;
5.925814629;100;80;259.0818787;0;0;241.7951202;
5.925383091;100;80;259.2530518;0;0;241.8951111;
5.925000191;100;80;259.4110107;0;0;241.9951172;
5.924904823;100;80;259.5690002;0;0;242.0951233;
5.924856186;100;80;259.7401123;0;0;242.1951447;
5.925741196;100;80;259.8980713;0;0;242.2951355;
5.926753998;100;80;260.0692139;0;0;242.3951263;
5.927772045;100;80;260.2403564;0;0;242.4951324;
5.92855978;100;80;260.3983765;0;0;242.5951538;
5.9490695;100;80;260.569519;1;0;242.6951599;
6.285007;100;80;260.7285767;1;0;242.7951508;
7.257121086;100;80;260.8981934;1;0;242.8951569;
8.414406776;100;80;261.1101074;1;0;242.9951477;
9.681680679;100;80;261.3568115;1;0;243.0951691;
10.89346504;100;80;261.615509;1;0;243.1951752;
12.18137169;100;80;261.9060974;1;0;243.295166;
13.38349438;100;80;262.2279053;1;0;243.3951721;
14.66763687;100;80;262.6188965;1;0;243.4951782;
15.85947704;100;80;263.0390625;1;0;243.5951996;
17.05285454;100;80;263.4590149;0.8174999952;0;243.6951904;
18.33278847;100;80;263.9484558;0.8000000119;0;243.7951813;
19.55628204;100;80;264.431366;0.8435000181;0;243.8951721;
20.60495567;100;80;264.9805603;0.9394999743;0;243.9951782;
21.62706375;100;80;265.5187378;1;0;244.0951843;
22.42754173;100;80;266.1267395;1;0;244.1941833;
23.22802162;100;80;266.7067871;1;0;244.2942047;
24.09836578;100;80;267.3551941;1;0;244.3941956;
24.96423531;100;80;267.9709473;1;0;244.4942169;
25.76718903;100;80;268.6552734;1;0;244.5942078;
26.64683151;100;80;269.3019104;1;0;244.6942291;
27.46585846;100;80;270.0173645;1;0;244.7942047;
28.29280663;100;80;270.6903687;1;0;244.8942108;
29.19721413;100;80;271.4318237;1;0;244.9942169;
30.13056183;100;80;272.1264343;0.8000000119;0;245.0942535;
30.90213394;100;80;272.888855;0.8000000119;0;245.1942291;
31.5551033;100;80;273.5973816;0.8659999967;0;245.2942352;
32.11674118;100;80;274.3647766;0.9620000124;0;245.3942413;
32.6281662;100;80;275.0708618;1;0;245.4942627;
33.12260056;100;80;275.8294067;1;0;245.5942383;
33.61475754;100;80;276.5210571;1;0;245.6942444;
34.06871796;100;80;277.2594299;1;0;245.7942352;
34.55923843;100;80;277.9290161;1;0;245.8942413;
35.02420807;100;80;278.6396484;1;0;245.9942474;
35.49982452;100;80;279.2807922;1;0;246.0942535;
36.02310562;100;80;279.9580078;1;0;246.1942902;
36.55080414;100;80;280.5667114;1;0;246.2942657;
37.04155731;100;80;281.2080688;1;0;246.3942871;
37.57830811;100;80;281.7831726;1;0;246.4942627;
38.07526779;100;80;282.3875427;1;0;246.5942688;
38.57079697;100;80;282.927887;1;0;246.6942749;
39.10456467;100;80;283.4938354;1;0;246.794281;
39.64458847;100;80;283.9977112;1;0;246.8942871;
40.16488266;100;80;284.5227966;1;0;246.994278;
40.74708939;100;80;284.9878845;1;0;247.0942841;
41.29281616;100;80;285.4709473;1;0;247.1942902;
41.84802246;100;80;285.8998108;1;0;247.2943115;
42.45960236;100;80;286.3486633;1;0;247.3942871;
43.02910995;100;80;286.7506104;1;0;247.4942932;
43.65067291;100;80;287.1748657;1;0;247.5942993;
44.27529907;100;80;287.5576782;1;0;247.6943054;
44.85467148;100;80;287.9638672;1;0;247.7943115;
45.43714142;100;80;288.3312378;1;0;247.8943176;
46.07193375;100;80;288.7208252;1;0;247.9943237;
46.67523956;100;80;289.0723572;0.8000000119;0;248.0943146;
47.2212944;100;80;289.444458;0.8000000119;0;248.1943207;
47.71060562;100;80;289.7795105;0.8629999757;0;248.2943268;
48.17156219;100;80;290.1358032;0.9589999914;0;248.3943329;
48.60223007;100;80;290.4630737;1;0;248.494339;
48.99716187;100;80;290.8230286;1;0;248.5943298;
49.36485291;100;80;291.1691284;1;0;248.6943512;
49.68276978;100;80;291.5710144;1;0;248.7943726;
49.99668121;100;80;291.9761353;1;0;248.8943481;
50.25868988;100;80;292.4593811;1;0;248.9943542;
50.49573898;100;80;292.9511719;1;0;249.0943604;
50.72751236;100;80;293.5376282;1;0;249.1943665;
50.93720245;100;80;294.131134;1;0;249.2943573;
51.12081909;100;80;294.8326416;1;0;249.3943634;
51.30220795;100;80;295.5351257;1;0;249.4943695;
51.45599365;100;80;296.3562317;1;0;249.5943756;
51.60675049;100;80;297.1690063;1;0;249.6943665;
51.76597977;100;80;298.1078491;1;0;249.7943878;
51.91662598;100;80;299.0270386;1;0;249.8943787;
52.05274963;100;80;300.0778198;1;0;249.9943848;
52.19961548;100;80;301.0965881;1;0;250.0943909;
52.33482742;100;80;302.250824;1;0;250.194397;
52.46748734;100;80;303.3606262;1;0;250.2943878;
52.61156464;100;80;304.6082153;1;0;250.3944092;
52.75437546;100;80;305.7991333;1;0;250.4944;
52.8862381;100;80;307.1289063;1;0;250.5944061;
53.02767944;100;80;308.3903198;1;0;250.6944122;
53.15769196;100;80;309.7906189;1;0;250.7944031;
53.28695297;100;80;311.1116333;1;0;250.8944244;
53.42665863;100;80;312.5704346;1;0;250.9944153;
53.56437683;100;80;313.9398499;1;0;251.0944214;
53.69150162;100;80;315.4449768;1;0;251.1944427;
53.82811356;100;80;316.8514709;1;0;251.2944489;
53.95418549;100;80;318.390625;1;0;251.3944244;
54.07924652;100;80;319.822876;1;0;251.4944458;
54.21373367;100;80;321.3838196;1;0;251.5944366;
54.34726334;100;80;322.8305969;1;0;251.6944427;
54.47076035;100;80;324.4012451;1;0;251.7944489;
54.59363937;100;80;325.8514709;1;0;251.8944702;
54.7250824;100;80;327.4200134;1;0;251.9944916;
54.84696198;100;80;328.862915;1;0;252.0944519;
54.97869873;100;80;330.4178467;1;0;252.194458;
55.10977936;100;80;331.8430176;1;0;252.2944641;
55.23163223;100;80;333.373291;1;0;252.394455;
55.36283875;100;80;334.770813;1;0;252.4944763;
55.48378754;100;80;336.2658691;1;0;252.5944672;
55.60507202;100;80;337.6261902;1;0;252.6944733;
55.7361412;100;80;339.0759888;1;0;252.7944946;
55.86793518;100;80;340.3901367;1;0;252.8944855;
55.98880768;100;80;341.7852783;1;0;252.9944916;
56.12055206;100;80;343.0447998;1;0;253.0944824;
56.24123383;100;80;344.3764038;1;0;253.1944885;
56.36272049;100;80;345.5733643;1;0;253.2945251;
56.49460983;100;80;346.8331909;1;0;253.3945007;
56.62604141;100;80;347.9602966;1;0;253.4945068;
56.74776077;100;80;349.1407471;1;0;253.5945129;
56.86928558;100;80;350.1912842;1;0;253.6945038;
57.00086594;100;80;351.2853394;1;0;253.794632;
57.12311554;100;80;352.2531433;1;0;253.8945313;
57.25550842;100;80;353.2544861;1;0;253.9945221;
57.3887825;100;80;354.1339722;1;0;254.0945282;
57.51053619;100;80;355.0368958;1;0;254.194519;
57.64390945;100;80;355.8231201;1;0;254.2945404;
57.76652527;100;80;356.6225586;1;0;254.3945313;
57.88964081;100;80;357.3112183;1;0;254.4945374;
58.02331543;100;80;358.0027771;1;0;254.5945587;
58.15778351;100;80;358.5899963;1;0;254.6945496;
58.15388107;100;80;359.1697998;0;0;254.7945404;
57.72050095;100;80;359.6500244;0;0;254.8945618;
57.23057556;100;80;360.1112671;0;0;254.9945679;
56.72261047;100;80;360.4821472;0;0;255.0945587;
56.24393845;100;80;360.8204651;0;0;255.1945648;
55.72886658;100;80;361.0726318;0;0;255.2945557;
55.1543808;100;80;361.2754211;0;0;255.394577;
54.59457016;100;80;361.3985291;0;0;255.4945679;
54.08670425;100;80;361.4628906;0;0;255.594574;
53.60271835;100;80;361.4586182;0;0;255.6945801;
53.1010437;100;80;361.3857117;0;0;255.7945862;
52.61400223;100;80;361.2565308;0;0;255.894577;
52.17282104;100;80;361.0509644;0;0;255.9945831;
51.68759918;100;80;360.8020935;0;0;256.094574;
51.24217224;100;80;360.4703369;0;0;256.1945801;
50.80491638;100;80;360.1083679;0;0;256.2946167;
50.33924866;100;80;359.6574402;0;0;256.3945923;
49.87875366;100;80;359.1883545;0;0;256.4945984;
49.45967102;100;80;358.6246338;0;0;256.5946045;
49.0129776;100;80;358.0545959;0;0;256.6946106;
48.60782623;100;80;357.3851013;0;0;256.7946167;
48.20944977;100;80;356.7209473;0;0;256.8946228;
47.78683853;100;80;355.9535522;0;0;256.9946289;
47.3722496;100;80;355.2029419;0;0;257.094635;
46.99726486;100;80;354.3463135;0;0;257.1946106;
46.59911346;100;80;353.5176697;0;0;257.2946167;
46.23971176;100;80;352.5813293;0;0;257.3946228;
45.88746262;100;80;351.6836243;0;0;257.4946289;
45.51494598;100;80;350.6775818;0;0;257.594635;
45.14973068;100;80;349.7202759;0;0;257.6946411;
44.82072449;100;80;348.6548767;0;0;257.7946472;
44.47159958;100;80;347.6477051;0;0;257.8946533;
44.1554184;100;80;346.5336609;0;0;257.9946594;
43.8210907;100;80;345.4865417;0;0;258.0946655;
43.51834869;100;80;344.3345947;0;0;258.1946716;
43.22166443;100;80;343.2575378;0;0;258.2946472;
42.90739441;100;80;342.0785217;0;0;258.3946533;
42.59964371;100;80;340.9814148;0;0;258.4946594;
42.32127762;100;80;339.7860413;0;0;258.594696;
42.02597427;100;80;338.6787415;0;0;258.6947021;
41.75908279;100;80;337.4775391;0;0;258.7947083;
41.49706268;100;80;336.3696289;0;0;258.8946838;
41.21884537;100;80;335.1728516;0;0;258.9946899;
40.94675827;100;80;334.0736084;0;0;259.094696;
40.70017242;100;80;332.8911743;0;0;259.1947021;
40.43839645;100;80;331.8096008;0;0;259.2947083;
40.20160675;100;80;330.6509705;0;0;259.3946838;
39.96901703;100;80;329.5956116;0;0;259.4946899;
39.72154617;100;80;328.4697876;0;0;259.594696;
39.49764252;100;80;327.4486694;0;0;259.6947021;
39.25873566;100;80;326.3641052;0;0;259.7947083;
39.02340317;100;80;325.3848267;0;0;259.8947144;
38.80944824;100;80;324.3494873;0;0;259.9947205;
38.70355988;100;80;323.8811646;0;0;260.0447388;38.68599319;100;80;323.4190979;0;0;260.1149292;
38.68599319;100;80;323.3427124;0;0;260.1737061;
