sep=;
unknown1; unknown2; currentSpeed; currentLimit; nextLimit; distance; gaspedal; brakepedal; timestamp

0.2751953006;100;80;512.0562744;0;0;0.0999801904;-1.743516259e-005;1.874982595;
0.4468773007;100;80;512.0479126;0;0;0.2000081092;-1.696672916e-005;1.874983072;
0.5976753235;100;80;512.0345459;0;0;0.2999924123;-1.049068396e-005;1.87498951;
0.7520334721;100;80;512.0187378;0;0;0.4000141621;-8.423175132e-006;1.874991536;
0.8879803419;100;80;511.9974976;0;0;0.5000035763;-1.116892417e-005;1.874988794;
1.031560779;100;80;511.973938;0;0;0.6000099778;-1.297780545e-005;1.874987006;
1.160723448;100;80;511.9444275;0;0;0.699999392;-1.287489795e-005;1.874987125;
1.296839237;100;80;511.9135742;0;0;0.800003171;-1.233486728e-005;1.874987721;
1.41934979;100;80;511.8763428;0;0;0.9000203013;-1.254549352e-005;1.874987483;
1.548645258;100;80;511.838562;0;0;1.000015378;-1.254060317e-005;1.874987483;
1.664883137;100;80;511.7940063;0;0;1.100014567;-1.217283625e-005;1.874987841;
1.787713051;100;80;511.7496643;0;0;1.200018883;-1.128075564e-005;1.874988675;
1.898170114;100;80;511.6981812;0;0;1.300018549;-1.030016301e-005;1.874989748;
2.014780283;100;80;511.6476135;0;0;1.400022864;-8.865978998e-006;1.874991179;
2.119652271;100;80;511.5895691;0;0;1.500038505;-6.841952654e-006;1.874993205;
2.230421305;100;80;511.5330505;0;0;1.600026369;-4.551471648e-006;1.87499547;
2.32995677;100;80;511.4687805;0;0;1.700033307;-1.763932005e-006;1.874998212;
2.434923887;100;80;511.4066467;0;0;1.800035477;1.946063776e-006;1.875001907;
2.529330492;100;80;511.3364563;0;0;1.900051594;6.24395625e-006;1.875006199;
2.628860235;100;80;511.2690125;0;0;2.000053883;1.121841797e-005;1.875011206;
2.718227625;100;80;511.1932068;0;0;2.100050926;1.660528687e-005;1.87501657;
2.812544823;100;80;511.1207581;0;0;2.200056791;2.324431262e-005;1.875023246;
2.897261143;100;80;511.0396118;0;0;2.300060749;3.002735502e-005;1.875030041;
2.986557961;100;80;510.9623718;0;0;2.400068045;3.825083331e-005;1.875038266;
3.066851616;100;80;510.8762207;0;0;2.500073433;4.69428669e-005;1.875046968;
3.151473999;100;80;510.7944641;0;0;2.600063324;5.706765296e-005;1.875057101;
3.227567911;100;80;510.7035217;0;0;2.700078964;6.75295305e-005;1.875067472;
3.307802439;100;80;510.6174622;0;0;2.800079107;7.969278522e-005;1.875079751;
3.379914761;100;80;510.5220032;0;0;2.900098801;9.216726176e-005;1.875092149;
3.45597291;100;80;510.4318848;0;0;3.000130892;0.0001066837649;1.875106692;
3.52430582;100;80;510.3321533;0;0;3.100078821;0.0001212909192;1.875121236;
3.596351147;100;80;510.2381897;0;0;3.200083017;0.0001382054761;1.875138164;
3.661022186;100;80;510.1343994;0;0;3.300084829;0.0001551682944;1.87515521;
3.729236603;100;80;510.0367737;0;0;3.400096893;0.0001747405331;1.875174761;
3.790481806;100;80;509.9291382;0;0;3.500103235;0.000194192311;1.875194192;
3.855089664;100;80;509.828064;0;0;3.600117683;0.0002165549377;1.875216603;
3.91310358;100;80;509.7167969;0;0;3.700106144;0.0002385451662;1.875238538;
3.974290848;100;80;509.6124573;0;0;3.800112009;0.0002639550075;1.875263929;
4.029283524;100;80;509.4977112;0;0;3.900108099;0.0002888207091;1.875288844;
4.087273121;100;80;509.3902893;0;0;4.000143051;0.000317250262;1.875317216;
4.139411926;100;80;509.2722778;0;0;4.100120068;0.0003449741344;1.875344992;
4.194391727;100;80;509.1618958;0;0;4.200147152;0.0003767601156;1.875376701;
4.243857861;100;80;509.040802;0;0;4.30012989;0.000407618325;1.875407577;
4.296010971;100;80;508.9276428;0;0;4.400122643;0.0004427417589;1.875442743;
4.342925549;100;80;508.8035889;0;0;4.500127316;0.0004767169012;1.875476718;
4.392374992;100;80;508.6878052;0;0;4.600129604;0.0005155003164;1.875515461;
4.436812401;100;80;508.5609741;0;0;4.700184345;0.0005528416368;1.875552893;
4.4836936;100;80;508.4426575;0;0;4.800137043;0.0005951611092;1.875595212;
4.525759697;100;80;508.3132019;0;0;4.900141239;0.0006361271371;1.875636101;
4.570114613;100;80;508.1925049;0;0;5.000172138;0.0006821996649;1.875682235;
4.609913826;100;80;508.0605469;0;0;5.100172997;0.0007266942994;1.8757267;
4.651813507;100;80;507.9376221;0;0;5.200147152;0.000776777626;1.875776768;
4.689426899;100;80;507.8032837;0;0;5.300172329;0.0008249153034;1.875824928;
4.72896719;100;80;507.6782532;0;0;5.400158405;0.0008790217689;1.875879049;
4.764404774;100;80;507.541687;0;0;5.500157356;0.0009309650632;1.875931025;
4.801718712;100;80;507.4146423;0;0;5.600162983;0.0009892140515;1.875989199;
4.835216045;100;80;507.2759705;0;0;5.700167656;0.001044911565;1.876044869;
4.870530605;100;80;507.1470337;0;0;5.800169468;0.001107452787;1.876107454;
4.902264595;100;80;507.0063782;0;0;5.900175095;0.001167159411;1.876167178;
4.935661316;100;80;506.8756714;0;0;6.000189304;0.001233978546;1.876233935;
4.965624332;100;80;506.7331238;0;0;6.100190163;0.001297781593;1.876297832;
4.997227669;100;80;506.600708;0;0;6.200182915;0.001369011356;1.876368999;
5.025607586;100;80;506.4563904;0;0;6.300188541;0.001436820137;1.87643683;
5.055229187;100;80;506.312561;0;0;6.4001894;0.00151182781;1.876511812;
5.0820961;100;80;506.1777649;0;0;6.50019455;0.001583906589;1.876583934;
5.110339642;100;80;506.0309143;0;0;6.600213051;0.00166412245;1.876664162;
5.135659218;100;80;505.8946533;0;0;6.699232101;0.001740493695;1.876740456;
5.162289619;100;80;505.7577209;0;0;6.799201488;0.001825392828;1.876825452;
5.186125278;100;80;505.6086121;0;0;6.899209023;0.001905943849;1.876905918;
5.211144447;100;80;505.4703064;0;0;6.999213219;0.001995624742;1.876995683;
5.233524323;100;80;505.3197937;0;0;7.099221706;0.002080523875;1.87708056;
5.257137775;100;80;505.1802368;0;0;7.199241638;0.00217532157;1.877175331;
5.278003216;100;80;505.0284119;0;0;7.299220562;0.002264373703;1.87726438;
5.300124168;100;80;504.8876648;0;0;7.39922905;0.002364106243;1.877364159;
5.319743156;100;80;504.7345886;0;0;7.499240398;0.002457448281;1.8774575;
5.340454578;100;80;504.59198;0;0;7.59923172;0.0025614365;1.87756145;
5.359102726;100;80;504.4377136;0;0;7.699233055;0.002660222352;1.877660275;
5.378581047;100;80;504.2948303;0;0;7.799259663;0.002769415732;1.87776947;
5.396056175;100;80;504.1394653;0;0;7.899250507;0.002872196957;1.877872229;
5.414384365;100;80;503.995575;0;0;7.999250412;0.002986089326;1.877986073;
5.430788994;100;80;503.8391724;0;0;8.099247932;0.003093564883;1.8780936;
5.448020935;100;80;503.6943665;0;0;8.199271202;0.003212471958;1.878212452;
5.463467598;100;80;503.5369873;0;0;8.299253464;0.003324634861;1.878324628;
5.479671955;100;80;503.3912964;0;0;8.399256706;0.003448443254;1.878448486;
5.494177818;100;80;503.2330322;0;0;8.49928093;0.003565045074;1.878565073;
5.509422779;100;80;503.0865173;0;0;8.599295616;0.003694008337;1.878694057;
5.523089886;100;80;502.9273682;0;0;8.699266434;0.003815396456;1.878815413;
5.537423611;100;80;502.7800903;0;0;8.799269676;0.003949552774;1.878949523;
5.550270081;100;80;502.6201477;0;0;8.899278641;0.004075391684;1.879075408;
5.563769341;100;80;502.4721375;0;0;8.99930954;0.004214396235;1.879214406;
5.575876713;100;80;502.3114319;0;0;9.099316597;0.00434515439;1.879345179;
5.588589191;100;80;502.1627197;0;0;9.199288368;0.004489408806;1.879489422;
5.599971771;100;80;502.0013123;0;0;9.299302101;0.004624804016;1.879624844;
5.611953259;100;80;501.8519592;0;0;9.399291992;0.004774167202;1.879774213;
5.622711182;100;80;501.6898499;0;0;9.499294281;0.004914316814;1.879914284;
5.634001732;100;80;501.539917;0;0;9.599306107;0.005068773869;1.880068779;
5.644122601;100;80;501.3771667;0;0;9.699321747;0.005213730969;1.880213737;
5.654773712;100;80;501.2266541;0;0;9.799312592;0.005373438355;1.880373478;
5.664353371;100;80;501.063324;0;0;9.899312019;0.00552309351;1.880523086;
5.669005871;100;80;500.9878235;0;0;9.949332237;0.005598871969;1.880598903;
5.678928852;100;80;500.8240356;0;0;10.04931736;0.005764861125;1.880764842;
5.687850952;100;80;500.6726074;0;0;10.14936447;0.005920631811;1.880920649;
5.697218895;100;80;500.5082703;0;0;10.24932003;0.006091740448;1.881091714;
5.705616474;100;80;500.3563538;0;0;10.34932709;0.006252235267;1.881252289;
5.714470863;100;80;500.1915283;0;0;10.44933605;0.006428792141;1.881428838;
5.722441673;100;80;500.0391235;0;0;10.54933929;0.006593966391;1.881593943;
5.730806828;100;80;499.8738098;0;0;10.64933109;0.006775658578;1.881775618;
5.738307953;100;80;499.7209778;0;0;10.74934578;0.006945756264;1.881945729;
5.74620676;100;80;499.5552063;0;0;10.84934044;0.00713276118;1.882132769;
5.753304482;100;80;499.4019775;0;0;10.94934273;0.007307682652;1.882307649;
5.760782242;100;80;499.2357788;0;0;11.04934788;0.007499748841;1.882499695;
5.767464638;100;80;499.0821533;0;0;11.14934921;0.007679538336;1.882679582;
5.774497509;100;80;498.9155273;0;0;11.24936295;0.007876986638;1.882876992;
5.780795097;100;80;498.7615356;0;0;11.3493681;0.008061755449;1.883061767;
5.787427902;100;80;498.5945435;0;0;11.44935799;0.008264197968;1.883264184;
5.793372631;100;80;498.4401855;0;0;11.54936504;0.008453706279;1.883453727;
5.799602985;100;80;498.2728271;0;0;11.64936829;0.008661750704;1.883661747;
5.805173874;100;80;498.1181641;0;0;11.74936962;0.008856008761;1.883856058;
5.811041832;100;80;497.95047;0;0;11.84937096;0.009069157764;1.884069204;
5.816297054;100;80;497.7955017;0;0;11.94939327;0.009268538095;1.884268522;
5.821790695;100;80;497.6274719;0;0;12.0493784;0.009486825205;1.884486794;
5.826700687;100;80;497.472229;0;0;12.14938831;0.009690896608;1.884690881;
5.831849575;100;80;497.303894;0;0;12.24938679;0.009914615192;1.884914637;
5.83646059;100;80;497.1483765;0;0;12.3494215;0.01012349315;1.885123491;
5.841311932;100;80;496.9797668;0;0;12.44941711;0.0103524467;1.885352492;
5.845613003;100;80;496.8240051;0;0;12.54940128;0.01056620665;1.885566235;
5.850128174;100;80;496.6551208;0;0;12.64939594;0.01080044731;1.885800481;
5.854159355;100;80;496.499115;0;0;12.74940586;0.01101917401;1.88601923;
5.858383656;100;80;496.3299866;0;0;12.84940624;0.01125860307;1.886258602;
5.862168312;100;80;496.1737671;0;0;12.94941139;0.01148208417;1.88648212;
5.866107464;100;80;496.004425;0;0;13.04942608;0.0117269;1.886726856;
5.8696208;100;80;495.8479919;0;0;13.14941502;0.01195507124;1.886955023;
5.873298168;100;80;495.6784058;0;0;13.24942112;0.01220502891;1.887205005;
5.876574516;100;80;495.5217896;0;0;13.34943199;0.01243832149;1.887438297;
5.880027771;100;80;495.3520203;0;0;13.44943047;0.01269359421;1.887693644;
5.88308239;100;80;495.1952209;0;0;13.54945469;0.01293169893;1.887931705;
5.88627243;100;80;495.0252686;0;0;13.64943027;0.0131919533;1.888191938;
5.889115334;100;80;494.8682861;0;0;13.74943447;0.01343498286;1.888435006;
5.892091274;100;80;494.6981812;0;0;13.84943962;0.01370074879;1.888700724;
5.894762993;100;80;494.5410461;0;0;13.94949436;0.01394832693;1.888948321;
5.897524834;100;80;494.3707581;0;0;14.04944611;0.01421944611;1.889219403;
5.899983883;100;80;494.2134705;0;0;14.14946365;0.01447212789;1.889472127;
5.902567863;100;80;494.0430298;0;0;14.24945545;0.01474815235;1.889748096;
5.904847145;100;80;493.8856506;0;0;14.34946728;0.01500556525;1.890005589;
5.90726757;100;80;493.7150574;0;0;14.44945812;0.01528714411;1.890287161;
5.909401894;100;80;493.5575256;0;0;14.54946232;0.01554927416;1.890549302;
5.911612988;100;80;493.3868103;0;0;14.64951992;0.01583596319;1.890836;
5.91358614;100;80;493.2291565;0;0;14.74947834;0.01610304974;1.891103029;
5.915660381;100;80;493.0583191;0;0;14.849473;0.01639500447;1.891394973;
5.917515755;100;80;492.9005737;0;0;14.94948578;0.01666685566;1.891666889;
5.919431686;100;80;492.7296143;0;0;15.04950428;0.01696389355;1.89196384;
5.921131611;100;80;492.5717773;0;0;15.14949036;0.01724055037;1.892240524;
5.922909737;100;80;492.4007263;0;0;15.24948692;0.01754296944;1.892542958;
5.924489498;100;80;492.2427673;0;0;15.34949303;0.01782426983;1.892824292;
5.926158905;100;80;492.0716248;0;0;15.44951248;0.01813192293;1.893131971;
5.927628994;100;80;491.9135742;0;0;15.5494976;0.0184181463;1.893418193;
5.929151535;100;80;491.7423401;0;0;15.64950275;0.01873104647;1.893730998;
5.930513859;100;80;491.5842285;0;0;15.74950409;0.01902204752;1.894022107;
5.931936264;100;80;491.4129028;0;0;15.84950447;0.01933994703;1.894339919;
5.933216572;100;80;491.2547302;0;0;15.94951057;0.01963574626;1.894635797;
5.934540272;100;80;491.083313;0;0;16.0495224;0.01995900646;1.894958973;
5.935689449;100;80;490.9250793;0;0;16.1495266;0.02025971003;1.895259738;
5.936920643;100;80;490.7536011;0;0;16.24953079;0.02058807202;1.89558804;
5.938004494;100;80;490.5952759;0;0;16.34952545;0.02089350857;1.895893455;
5.939136982;100;80;490.4237366;0;0;16.44953537;0.0212269593;1.896227002;
5.940157413;100;80;490.2653503;0;0;16.5495472;0.02153725922;1.896537304;
5.941202641;100;80;490.09375;0;0;16.64953423;0.02187593468;1.896875978;
5.942129612;100;80;489.9353027;0;0;16.74953461;0.02219078317;1.897190809;
5.943098545;100;80;489.7636414;0;0;16.84956932;0.02253486775;1.897534847;
5.943962097;100;80;489.6051636;0;0;16.94955444;0.02285471;1.897854686;
5.944880009;100;80;489.4334412;0;0;17.04955673;0.02320374921;1.898203731;
5.945674896;100;80;489.2749329;0;0;17.14955902;0.02352842502;1.898528457;
5.946501255;100;80;489.1031494;0;0;17.2495575;0.02388256602;1.898882508;
5.947233677;100;80;488.9445801;0;0;17.34955597;0.02421198785;1.899212003;
5.948014259;100;80;488.7727661;0;0;17.44955826;0.02457133494;1.8995713;
