sep=;
unknown1; unknown2; currentSpeed; currentLimit; nextLimit; distance; gaspedal; brakepedal; timestamp
0.07159392536;1.946593881;10.90261078;100;80;494.1558838;0;0;10.44947338;0.07275680453;
0.07392785698;1.948927879;10.8833456;100;80;493.8651428;0;0;10.54945087;0.07530460507;
0.07649345696;1.951493502;10.86573982;100;80;493.5507202;0;0;10.64945412;
0.07889632881;1.953896284;10.84686756;100;80;493.2609863;0;0;10.74945736;0.08031328768;
0.08153668791;1.956536651;10.82965279;100;80;492.9476318;0;0;10.8494606;
0.08400823176;1.959008217;10.81119156;100;80;492.658844;0;0;10.94947624;0.08546479046;
10.79436398;100;80;492.3465271;0;0;11.04950428;0.08798791468;1.9629879;
10.77632141;100;80;492.0586853;0;0;11.14948845;0.09075804055;1.965758085;
10.75988579;100;80;491.747345;0;0;11.24947834;0.09334859252;1.968348622;
10.74228287;100;80;491.4604492;0;0;11.34948826;
0.09751620144;1.972516179;10.72625637;100;80;491.1500854;0;0;11.44949818;
1.975189805;10.70909786;100;80;490.8640747;0;0;11.54949474;0.1017641127;1.976764083;
0.10312213;1.978122115;10.69347286;100;80;490.5546875;0;0;11.64949799;
10.67675686;100;80;490.2695618;0;0;11.74952507;0.1074749231;
0.1088661775;1.983866215;10.66155052;100;80;489.9611206;0;0;11.84951401;
0.1116721779;1.986672163;10.64527416;100;80;489.6768188;0;0;11.94950962;0.1133235171;1.988323569;
0;11.99952698;0.1147474647;1.989747405;10.63047791;100;80;489.3692932;0;0;12.04951572;0.1161791831;
0.117618911;1.992618918;10.61466885;100;80;489.0858154;0;0;12.14952087;0.1193083674;
1.99576509;10.60026169;100;80;488.7791748;0;0;12.24955273;
10.5848856;100;80;488.496521;0;0;12.34953213;0.1254290491;
0.1269178391;2.001917839;10.57087803;100;80;488.1907349;0;0;12.4495306;
0.129916355;2.00491643;10.55594921;100;80;487.9088745;0;0;12.54954243;0.1316719353;2.006671906;
2.008172274;10.54200077;100;80;487.6039124;0;0;12.64955425;
12.69954872;0.136132434;2.011132479;10.52599049;100;80;487.3228149;0;0;12.74955845;0.1377709806;2.012770891;
10.50942326;100;80;487.0187378;0;0;12.84957218;
12.89956093;0.1412462145;2.016246319;10.48993206;100;80;486.7384949;0;0;12.94956207;0.1421325654;2.017132521;
2.017610788;10.4718008;100;80;486.4354553;0;0;13.04957199;0.1427887082;
0.1426366866;2.017636776;10.45349979;100;80;486.1562195;0;0;13.1495676;0.1420166641;2.017016649;
13.19956589;0.1410847455;2.016084671;10.43966579;100;80;485.8542175;0;0;13.24956989;
0.1380852908;2.013085365;10.42827797;100;80;485.5758362;0;0;13.34957314;0.1356532723;2.010653257;
0.1331928968;2.008192778;10.41911507;100;80;485.2745972;0;0;13.44958973;0.1304214299;
0.1273689121;2.002368927;10.40907764;100;80;484.9967957;0;0;13.54958344;0.1235021427;1.998502135;
13.59958649;0.1199633479;1.994963408;10.39911842;100;80;484.696167;0;0;13.64958382;
0.1123882756;1.987388253;10.38782597;100;80;484.4189758;0;0;13.74960899;0.1077307686;1.982730746;
0.1036342457;1.978634238;10.37704945;100;80;484.1190186;0;0;13.849617;
0.0952405557;1.970240593;10.36517525;100;80;483.8424377;0;0;13.94959927;0.09027186781;1.965271831;
0;13.99960423;0.08599472046;1.96099472;10.35422134;100;80;483.5431213;0;0;14.04962444;0.08171634376;1.956716299;
10.34251499;100;80;483.2671509;0;0;14.14960766;
0.06821191311;1.943211913;10.33186245;100;80;482.9685059;0;0;14.24961472;
1.934714437;10.32044029;100;80;482.6931152;0;0;14.34961224;0.05476566777;
14.39962387;0.05053116754;1.925531149;10.30989838;100;80;482.3951111;0;0;14.44962788;
0.04211381078;1.917113781;10.29854107;100;80;482.1203003;0;0;14.54962349;0.03727426007;1.912274241;
0.03318968788;1.908189654;10.28838348;100;80;481.8229065;0;0;14.64968681;0.02917415462;1.904174209;
14.69965839;0.0252233725;1.900223374;10.27779484;100;80;481.5486755;0;0;14.74965572;0.0206909515;1.895690918;
0.01686057448;1.891860604;10.2680912;100;80;481.2518616;0;0;14.84963512;
0.009295233525;1.884295225;10.2574501;100;80;480.9781494;0;0;14.94964409;0.004889441654;
14.99964428;0.001091240556;1.876091242;10.24757099;100;80;480.6819153;0;0;15.04964352;-0.00274519925;
1.868365169;10.23723888;100;80;480.4087524;0;0;15.14966011;-0.01125541702;1.863744617;
-0.01529372856;1.859706283;10.22796631;100;80;480.1131287;0;0;15.24965286;-0.01940033771;
-0.02356904745;1.851431012;10.21802139;100;80;479.8405151;0;0;15.3496685;-0.02850614116;1.84649384;
15.39966011;-0.0327995792;1.842200398;10.2089529;100;80;479.5454712;0;0;15.44966316;
-0.04155983776;1.833440185;10.19925594;100;80;479.2733765;0;0;15.54966354;-0.04678064957;1.828219295;
-0.05132159218;1.823678374;10.19041538;100;80;478.9788818;0;0;15.64968681;
-0.06058434024;1.814415693;10.18098545;100;80;478.7073059;0;0;15.74968052;-0.06609818339;1.808901787;
-0.0708886981;1.804111242;10.17236519;100;80;478.4133606;0;0;15.8497057;
-0.08064733446;1.794352651;10.16316509;100;80;478.1422729;0;0;15.94968987;-0.08644933999;1.788550615;
0;15.99969482;-0.09148675203;1.783513188;10.15478706;100;80;477.848877;0;0;16.04968834;-0.09658368677;
-0.1017396748;1.773260355;10.1458025;100;80;477.5782776;0;0;16.14969635;-0.1078295857;1.767170429;
16.19970131;-0.1131136641;1.761886358;10.13763237;100;80;477.2854004;0;0;16.24970055;
-0.123857975;1.751142025;10.12887573;100;80;477.0152893;0;0;16.34970093;-0.1302343607;
-0.1357638985;1.739236116;10.12089634;100;80;476.7229004;0;0;16.44970703;
10.11236858;100;80;476.4532471;0;0;16.54972458;-0.1536596715;
-0.1594328731;1.715567112;10.10458755;100;80;476.161377;0;0;16.64971542;-0.1652647257;
10.09624958;100;80;475.8921814;0;0;16.74972153;-0.1781006753;1.696899295;
-0.1841171682;1.690882802;10.08865738;100;80;475.6007996;0;0;16.84972191;-0.1901922077;
-0.1963250041;1.678675056;10.08051491;100;80;475.3320618;0;0;16.9497509;-0.2035533935;1.671446562;
0;16.99973106;-0.2098123729;1.665187597;10.07310677;100;80;475.0411682;0;0;17.04973793;-0.2161291689;
-0.2225704789;1.652429581;10.06511402;100;80;474.7714539;0;0;17.14974403;-0.2300816923;1.644918323;
17.19975281;-0.2365818471;1.638418198;10.05794811;100;80;474.4810181;0;0;17.24973869;-0.2431339622;1.631865978;
-0.2496708483;1.625329137;10.05045509;100;80;474.2145386;0;0;17.3497467;-0.2574403286;1.617559671;
-0.2642167509;1.610783219;10.04345036;100;80;473.9231567;0.007812738419;0;17.44977951;
1.59731257;10.07954979;100;80;473.6556396;0.03125095367;0;17.54975319;-0.2855612636;
1.582679391;10.15103245;100;80;473.3646545;0;0;17.64978218;
-0.3058269322;1.569173098;10.17561245;100;80;473.0942688;0;0;17.74978447;-0.3136634231;
1.554650903;10.16948128;100;80;472.8009033;0;0;17.84976959;-0.3270025551;1.547997475;
-0.3336234987;1.541376472;10.15587234;100;80;472.5301514;0;0;17.94976997;-0.3413089216;
17.99978065;-0.3478628099;1.52713716;10.2132988;100;80;472.2370911;0.8023483753;0;18.04977608;-0.3544020653;
-0.361029923;1.513970137;10.85939503;100;80;471.9635925;0.8000000119;0;18.14977837;-0.3690097332;1.505990267;
1.498957396;11.4943285;100;80;471.6487122;0.8324999809;0;18.24978638;
-0.3905405998;1.4844594;12.23537445;100;80;471.3414307;0.9365000129;0;18.34981346;-0.3992881179;1.475711823;
-0.4069937468;1.468006253;13.11971378;100;80;470.9885864;1;0;18.44979286;
-0.4231785238;1.451821446;14.44628811;100;80;470.6370239;1;0;18.54980087;-0.4332177043;1.441782355;
15.70045662;100;80;470.2191162;1;0;
1.414098263;17.17829704;100;80;469.799469;1;0;18.74980927;-0.4724271297;1.40257287;
-0.4826430678;1.392356873;18.56660652;100;80;469.3040771;1;0;18.84983253;
1.371024847;20.07937622;100;80;468.8084717;0.8098465204;0;18.94983864;-0.5169388652;
20.78185463;100;80;468.5023499;0.7343974113;0;18.99983406;-0.5283421278;1.346657872;
22.00460434;100;80;467.9480286;0.3750114441;0;19.09982491;-0.5517824292;1.323217511;
22.51264191;100;80;467.3142395;0.07812738419;0;19.1998539;-0.5771867037;1.297813296;
22.56621742;100;80;466.7183228;0;0;19.29984474;-0.5998911858;1.275108814;
22.38285828;100;80;466.0701294;0;0;19.39983749;-0.6232947111;1.251705289;
22.13050842;100;80;465.4754944;0;0;19.49984932;-0.6436305642;1.231369495;
21.86715889;100;80;464.8380127;0;0;19.59986687;-0.6643544436;1.210645556;
21.62257195;100;80;464.2558899;0;0;19.69987106;-0.6822991371;1.192700863;
21.35848236;100;80;463.6323853;0;0;19.79988098;-0.7004710436;1.174528956;
21.22926712;100;80;463.0632629;0;0;19.89985657;-0.716134429;1.158865571;
21.17326355;100;80;462.4498901;0;0;19.99985886;-0.7320324779;1.142967463;
21.11688423;100;80;461.8852844;0;0;20.09986305;-0.7457107902;1.129289269;
21.04938698;100;80;461.2756348;0;0;20.1998806;-0.7594594955;1.115540504;
20.96574402;100;80;460.7144775;0;0;20.29987335;-0.771171093;1.103828907;
20.856287;100;80;460.1091614;0;0;20.3998909;-0.7827897668;1.092210293;
20.75679398;100;80;459.5531921;0;0;20.49988556;-0.7925460935;1.082453966;
20.65246964;100;80;458.9537964;0;0;20.59991455;-0.8020801544;1.072919846;
20.55905914;100;80;458.4031372;0;0;20.69989014;-0.80993855;1.06506145;
20.46100426;100;80;457.8094177;0;0;20.79989433;-0.817469418;1.057530522;
20.37337112;100;80;457.263855;0;0;20.89990044;-0.8235720396;1.05142796;
20.28069687;100;80;456.675415;0;0;20.99992752;-0.8294562101;1.04554379;
20.19728661;100;80;456.1346436;0;0;21.09992409;-0.8345656395;1.040434361;
20.10948563;100;80;455.5513;0;0;21.19991302;-0.8400082588;1.034991741;
20.02277946;100;80;455.0206909;0;0;21.29992676;-0.8455133438;1.029486656;
19.94441605;100;80;454.4421692;0;0;21.39992332;-0.8505424261;1.024457574;
19.86133385;100;80;453.9103699;0;0;21.49992752;-0.855927527;1.019072533;
19.74928284;100;80;453.0724792;0;0;21.64892769;
1.009264588;19.67046547;100;80;452.5458679;0;0;21.74894905;-0.8685652018;
-0.8709794879;1.004020572;19.59923935;100;80;451.9775696;0;0;21.84894562;
-0.8757767081;0.9992232919;19.5237236;100;80;451.4549561;0;0;21.948946;-0.8785560131;0.9964439869;
-0.8809275031;0.9940724969;19.45545578;100;80;450.8908691;0;0;
19.38306999;100;80;450.3721008;0;0;22.14896393;-0.8883704543;
0.9842995405;19.31767654;100;80;449.8121033;0;0;22.2489624;
-0.8953310847;0.9796689153;19.24829483;100;80;449.2969971;0;0;22.3489666;-0.898014605;0.976985395;
0.9746956229;19.18566895;100;80;448.7408752;0.007812738419;0;22.44897079;-0.9025844932;
-0.904855907;0.970144093;19.1612854;100;80;448.229248;0.187505722;0;22.54896927;-0.9074974656;
-0.9097576737;0.9652423263;19.23545456;100;80;447.6753845;0.2656331062;0;22.64899063;-0.9120174646;
-0.914277792;0.960722208;19.36100006;100;80;447.1620178;0.3203222752;0;22.74898338;-0.9169153571;0.9580846429;
80;446.8612366;0.3515732288;0;22.79898834;-0.9191769361;0.9558230639;19.49593925;100;80;446.6025696;0.3515732288;0;22.84900856;-0.9214404225;
19.65110588;100;80;446.08255;0.3593859673;0;22.94900894;-0.9263522029;
19.80042839;100;80;445.5148621;0.3750114441;0;23.04903793;-0.9308942556;0.9441057444;
-0.9331691861;0.9418308139;19.96752167;100;80;444.9867554;0.3750114441;0;23.1490097;
-0.9381064177;0.9368935823;20.12215614;100;80;444.4100342;0.3750114441;0;23.24899864;
0.9323269129;20.29119492;100;80;443.8733826;0.3906369209;0;23.34900475;
-0.9476304054;0.9273695946;20.45686913;100;80;443.287323;0.4062623978;0;23.44901085;-0.9499226213;0.9250773787;
-0.9522175193;0.9227824807;20.64536667;100;80;442.7417297;0.3906369209;0;23.54901505;-0.9548991323;
-0.95720011;0.91779989;20.80448151;100;80;442.1455078;0.3593859673;0;23.64902687;
-0.9618059397;0.9131940603;20.96523666;100;80;441.5907593;0.3593859673;0;23.74902725;-0.9644951224;0.9105048776;
-0.966801405;0.908198595;21.11793518;100;80;440.985321;0.3906369209;0;23.8490448;
80;440.7042542;0.4062623978;0;23.89902878;-0.9714186192;0.9035813808;21.30499268;100;80;440.4221191;0.4062623978;0;23.94903564;-0.9741159678;0.9008840322;
-0.9764308333;0.8985691667;21.48451805;100;80;439.8067627;0.4140751362;0;
21.6794014;100;80;439.2338257;0.4140751362;0;24.14903641;-0.9837750196;0.8912249804;
-0.9860986471;0.8889013529;21.86123848;100;80;438.6077271;0.429700613;0;24.2490406;-0.9884243011;
80;438.316864;0.429700613;0;24.29904747;-0.9907522798;0.8842477202;22.06542015;100;80;438.0247498;0.4140751362;0;24.34904671;-0.9934706688;0.8815293312;
-0.9958031178;0.8791968822;22.24546051;100;80;437.3875122;0.4140751362;0;24.44906616;
-1.000472188;0.8745277524;22.44085121;100;80;436.7943115;0.4140751362;0;24.54905701;-1.003198504;0.8718014956;
0.8694630861;22.60323715;100;80;436.1462708;0.335947752;0;24.649086;-1.007874966;0.8671250939;
0.8647879958;22.76369476;100;80;435.5436401;0.3906369209;0;24.74907494;-1.012937427;
-1.015274525;0.8597255349;22.93336105;100;80;434.886261;0.4062623978;0;24.84908295;
-1.019949436;0.8550505638;23.12592316;100;80;434.2746277;0.4140751362;0;24.9490757;-1.022677422;0.852322638;
-1.025016427;0.8499835134;23.3044529;100;80;433.60672;0.4140751362;0;
0.845305562;23.49735641;100;80;432.9852905;0.4140751362;0;25.14909172;-1.032424092;0.8425758481;
23.68373871;100;80;
0;25.29911232;-1.039444447;0.8355554938;24.00073051;100;80;431.6749268;0.8672139645;0;25.34910583;-1.042183876;
-1.044545889;0.8304541707;24.49781036;100;80;430.9811707;0.9922177792;0;25.44911003;
0.8256829977;25.06933212;100;80;430.3269653;0.9922177792;0;25.54912186;-1.0521276;
-1.05455184;0.8204481602;25.59486008;100;80;429.6029053;0.9922177792;0;25.64910507;-1.056990027;
-1.059430838;0.815569222;26.16695595;100;80;428.9201965;0.9922177792;0;25.74910927;-1.062277198;
26.69840431;100;80;428.1646423;0.9922177792;0;
-1.069476366;0.805523634;27.26661873;100;80;427.4524841;0.9765923023;0;25.94911385;-1.072075963;
-1.074139118;0.8008608818;27.79103088;100;80;426.6653137;0.9765923023;
28.36179733;100;80;425.9240723;0.9765923023;0;26.14912796;
0.7943740487;28.89061928;100;80;425.1052246;0.9765923023;0;26.24913216;-1.081652284;
29.46535301;100;80;424.3346863;0.9765923023;0;26.34915924;
-1.083466291;0.7915337682;29.99772644;100;80;423.4839783;0.9765923023;0;26.44915199;-1.08356154;
0.7915819883;30.57672882;100;80;422.6838989;0.9765923023;0;26.54914284;-1.08294034;0.79205966;
-1.082258344;0.7927416563;31.11278343;100;80;421.8010864;0.9765923023;0;26.64915466;
-1.0801121;0.79488796;31.69574165;100;80;420.971283;0.9922177792;0;26.74915314;-1.078362465;0.7966375947;
0.7984378338;32.24461746;100;80;420.0561218;0.9922177792;0;26.84916878;
-1.07209897;0.8029010296;32.84164047;100;80;419.196106;0.9922177792;0;26.94915771;-1.068948388;0.8060516119;
-1.065917969;0.8090820313;33.3938942;100;80;418.2478638;0.9922177792;
0.8160857558;33.99382401;100;80;417.3572693;0.9922177792;0;27.14916992;-1.054230928;
0.8251442909;34.55064392;100;80;416.3757629;1;0;27.24917221;
0.8349224925;35.15556717;100;80;415.4543152;
0.8471146226;35.71392822;100;80;414.4393005;0.9922177792;0;27.4491787;
0.8598886728;36.3205986;100;80;413.4868469;0.9922177792;0;27.54920197;-1.006988168;0.8680118918;
-0.9996371865;0.8753628135;36.88224792;100;80;412.4382019;0.9922177792;0;27.64922523;
37.49233627;100;80;411.4546509;0.9922177792;0;27.7492218;
-0.9659702182;0.9090297818;38.05683517;100;80;410.3721924;0.9922177792;0;27.84922409;
-0.9490605593;0.9259394407;38.66999435;100;80;409.3572998;0.9922177792;0;27.94920349;-0.939240396;0.935759604;
-0.9309213758;0.9440786242;39.23766327;100;80;408.2408447;0.9922177792;0;28.04920578;
39.85410309;100;80;407.194458;0.9922177792;0;
-0.8980628252;0.9769371748;40.42428589;100;80;406.0437622;0.9922177792;0;28.24922371;
0.9911531806;41.04647827;100;80;404.9657288;0.9922177792;0;28.34923363;-0.8761754036;0.9988245964;
-0.870249033;1.004750967;41.61721802;100;80;403.7806091;0.9922177792;0;28.44922447;
-0.860012114;1.014987826;42.24331665;100;80;402.6648865;0.9922177792;0;28.54922676;-0.855396986;1.019603014;
1.022760034;42.82548141;100;80;401.4508972;0.9922177792;0;28.64927483;
28.69924164;-0.8483825922;1.026617408;43.46036911;100;80;400.3087463;0.9922177792;0;28.74923897;-0.8476976752;1.027302265;
28.79924202;-0.8480598927;1.026940107;44.05352783;100;80;399.047699;0.9922177792;0;28.84923935;
-0.8514713049;1.023528695;44.69421768;100;80;397.8728027;0.9922177792;0;28.94924927;-0.8551155925;1.019884348;
-0.8593035936;1.015696406;45.29613495;100;80;396.5821533;0.9922177792;0;29.04925156;
45.94328308;100;80;395.374176;0.9922177792;0;29.14926147;-0.8784162402;
0.988822937;46.53625488;100;80;394.0474854;0.8000000119;0;29.24925613;-0.8945720792;
47.06267548;100;80;392.8067322;0.8000000119;0;29.34926414;-0.9141554236;0.9608445764;
-0.9235121012;0.9514878988;47.51145935;100;80;391.4483032;0.8799080253;0;29.44927025;
-0.9422336221;0.9327663779;48.0067749;100;80;390.1816406;0.9869318008;0;29.54927444;-0.9530183077;0.9219816923;
0.9128602743;48.43133926;100;80;388.7955627;0.9922177792;0;29.64928055;-0.9711164832;0.9038835168;
-0.9799283147;0.8950716853;48.87664795;100;80;387.504425;0.9765923023;0;29.74928284;-0.9899904728;0.8850095272;
-0.9983887672;0.8766112328;49.28925323;100;80;386.0932007;0.9922177792;0;29.84930038;
49.73297882;100;80;384.7789307;0.9922177792;0;29.94929886;-1.022863984;0.8521360159;
0.8452580571;50.14847946;100;80;383.342804;0.9922177792;
50.60003662;100;80;382.0055847;0.9922177792;0;30.14929962;-1.048635244;
0.8213297725;51.01737976;100;80;380.5443115;0.9922177792;0;30.24930382;-1.058282137;0.8167178035;
-1.06253469;0.8124653101;51.469944;100;80;379.1838379;0.9922177792;0;30.34933281;-1.067103148;
0.8042949438;51.88832474;100;80;377.6974182;0.9922177792;0;30.4493084;-1.074023008;
-1.077058554;0.7979415059;52.34210968;100;80;376.3136902;0.9922177792;0;30.54932785;-1.080245137;0.7947548032;
-1.08267653;0.7923235297;52.75734711;100;80;374.802063;0.9922177792;0;30.64932251;-1.084829211;
-1.08669579;0.7883042693;53.20914078;100;80;373.3951416;0.9765923023;0;30.74932861;-1.088488817;0.7865112424;
-1.089704394;0.7852956653;53.62110138;100;80;371.858429;0.9922177792;0;30.84933281;
-1.091161013;0.783839047;54.07627487;100;80;370.4284668;0.9922177792;0;30.9493351;-1.091280699;0.7837193608;
80;369.5891418;0.9922177792;0;30.99933624;-1.090896606;0.7841034532;54.497715;100;80;368.8666687;0.9922177792;0;31.0493412;-1.090045333;
-1.088735223;0.7862647772;54.95047379;100;80;367.4132996;0.9765923023;0;31.14934349;-1.086634398;0.7883655429;
-1.084335208;0.7906647325;55.36425781;100;80;365.8262634;0.9765923023;0;31.24934387;-1.081594944;
-1.078484893;0.7965151668;55.81417465;100;80;364.349823;0.9765923023;0;31.3493557;-1.074495077;0.8005049229;
80;363.483429;0.9765923023;0;31.39935303;-1.070867181;0.8041328788;56.2311554;100;80;362.7378235;0.9765923023;0;31.44935608;-1.067116737;0.8078832626;
31.49936485;-1.063281536;0.8117184639;56.68441391;100;80;361.2382202;0.9765923023;0;31.54935837;-1.058727741;0.8162722588;
0.8202289939;57.10420227;100;80;359.6011047;0.9765923023;0;31.64936256;-1.050777316;
0.8282447457;57.56064224;100;80;358.0782471;0.9765923023;0;31.74937248;-1.042033195;0.8329667449;
-1.037964582;0.8370354176;57.98348999;100;80;356.4157715;0.9765923023;0;31.84936714;-1.033876181;
-1.029768467;0.8452315331;58.44306183;100;80;354.8694763;0.9765923023;0;31.94937706;-1.024952173;0.8500478864;
-1.020804405;0.8541955948;58.86894989;100;80;353.1815186;0.9765923023;
59.33907318;100;80;351.6115723;0.9922177792;0;32.14938736;-1.007547379;0.8674525619;
0.8716939688;59.77707291;100;80;349.8977356;0.9922177792;0;32.24938583;-0.9990093708;
-0.9946544766;0.8803455234;60.25269699;100;80;348.3035889;0.9922177792;0;32.34939575;-0.989461422;0.885538578;
32.39942932;-0.9848327041;0.8901672959;60.69350815;100;80;346.5633545;0.9922177792;0;32.44939804;
-0.9746301174;0.9003698826;61.17346191;100;80;344.9447632;1;0;32.54940796;-0.9677782059;
-0.9612134695;0.9137865305;61.61800766;100;80;343.177948;0.9922177792;0;32.64940643;-0.9539367557;
-0.9459021688;0.9290978312;62.09699249;100;80;341.5346985;0.8000000119;0;32.74941635;-0.9355301857;0.9394698143;
0.9492432475;62.4560051;100;80;339.7413635;0.8000000119;0;32.84941483;
-0.9037147164;0.9712852836;62.80562973;100;80;338.0762634;0.8792898059;0;32.94943237;-0.8892887235;0.9857112765;
-0.8759784698;0.9990215302;63.13313293;100;80;336.2625427;0.9576086402;0;
63.46207047;100;80;334.5791626;0.9922177792;0;33.14945984;-0.8280184865;
1.063927412;63.75206375;100;80;332.746582;0.9765923023;0;33.24943542;-0.79330796;
-0.7748062015;1.100193739;64.0630188;100;80;331.046936;0.9922177792;0;33.34943771;-0.7524416447;1.122558355;
-0.7327421904;1.14225781;64.35477448;100;80;329.1969299;0.9922177792;0;33.44944;
-0.6923725605;1.182627439;64.670784;100;80;327.4812012;0.9922177792;0;33.54944611;-0.6684296727;1.206570387;
33.59944916;-0.6477443576;1.227255702;64.96234131;100;80;325.6137085;0.9922177792;0;33.64945221;
-0.6060376167;1.268962383;65.27825165;100;80;323.8817749;0.9922177792;0;33.7494545;-0.5815522671;1.293447733;
33.79945755;-0.5604925156;1.314507484;65.5701828;100;80;321.9967346;0.9922177792;0;33.84946442;
-0.5181969404;1.35680306;65.88639832;100;80;320.2485962;0.9922177792;0;33.94946289;-0.4934242964;1.381575704;
-0.4721471369;1.402852893;66.17733002;100;80;318.3459778;0.9922177792;0;34.04946899;
66.49058533;100;80;316.581665;0.9765923023;0;34.14947891;-0.4047707021;
-0.3836193383;1.491380692;66.77607727;100;80;314.6616211;0.9922177792;0;34.24947357;-0.3627103865;1.512289643;
-0.3421895802;1.53281045;67.08969116;100;80;312.8812866;0.9765923023;0;34.34947968;-0.3189206719;1.556079388;
67.37521362;100;80;310.9438477;0.9765923023;0;34.44949341;
1.611491799;67.68428802;100;80;309.1474609;0.9765923023;0;34.54951477;-0.2439460158;
-0.2281380296;1.64686203;67.96977234;100;80;307.1927185;0.9765923023;0;34.64949417;
-0.1992886066;1.675711393;68.27903748;100;80;305.3803406;0.9765923023;0;34.74949646;-0.1842098534;1.690790176;
1.702671051;68.56452942;100;80;303.4082947;0.9765923023;0;34.84950638;
-0.151490733;1.723509312;68.87828064;100;80;301.5799561;0.9922177792;0;34.94950485;-0.1411541253;1.73384583;
-0.1333712339;1.741628766;69.17037964;100;80;299.5904846;0.9922177792;0;35.04951477;
69.48506165;100;80;297.7459106;0.9765923023;0;35.14951324;-0.1153454259;1.759654522;
-0.1117579862;1.763242006;69.77077484;100;80;295.7388916;0.9922177792;0;35.24952316;-0.1091903821;1.765809655;
1.767352939;70.08630371;100;80;293.8782654;0.9922177792;0;35.34952545;-0.1071479768;1.767852068;
-0.1078418642;1.767158151;70.37966919;100;80;291.8538513;1;0;35.44952774;-0.109579429;
-0.1123657078;1.762634277;70.69838715;100;80;289.9769897;1;0;35.54953766;-0.1169444695;1.758055568;
1.752987385;70.99344635;100;80;287.934906;1;0;35.64953995;
1.739680767;71.31377411;100;80;286.041748;1;0;35.7495575;-0.1449939013;
-0.1543870419;1.720613003;71.61003876;100;80;283.9819641;1;0;35.84956741;
1.698932648;71.92086029;100;80;282.0724182;0.9062776566;0;35.94955063;-0.1902319491;1.684768081;
1.67196548;72.15336609;100;80;279.9953003;0.6640827656;0;
72.3252182;100;80;278.0717163;0.4140751362;0;36.14957047;-0.2463735342;
-0.260745436;1.614254594;72.40799713;100;80;275.9831238;0.1562547684;0;36.24956131;
-0.2902664542;1.584733605;72.39704895;100;80;274.0529175;0;0;36.34958649;-0.3079100549;1.567089915;
-0.3232601583;1.551739812;
72.27922058;100;80;270.9980164;0;0;36.49957657;-0.3545711935;1.520428777;
72.16414642;100;80;268.9107666;0;0;36.59957886;-0.3894298673;1.485570192;
72.0513916;100;80;266.986969;0;0;36.69957733;-0.422519058;1.452480912;
71.92865753;100;80;264.906189;0;0;36.79958725;-0.4595306516;1.415469289;
71.81541443;100;80;262.9886169;0;0;36.89958954;-0.495177716;1.379822254;
71.69290161;100;80;260.9146423;0;0;36.99963379;-0.5356300473;1.339369893;
71.58003235;100;80;259.0033875;0;0;37.09962463;-0.5747733712;1.300226569;
71.45795441;100;80;256.9362793;0;0;37.199646;-0.6192167997;1.2557832;
71.34554291;100;80;255.0313568;0;0;37.29961014;-0.6621396542;1.212860346;
71.22406006;100;80;252.9711304;0;0;37.39964294;-0.7105149627;1.164485097;
71.11175537;100;80;251.0725403;0;0;37.49962234;-0.7565152645;1.118484735;
70.98937225;100;80;249.0191345;0;0;37.59963226;-0.8063706756;1.068629384;
70.87602234;100;80;247.1268158;0;0;37.69962692;-0.850402832;1.024597168;
70.75300598;100;80;245.0801086;0;0;37.79964447;-0.8936250806;0.9813749194;
70.63943481;100;80;243.1938782;0;0;37.89964294;-0.9277249575;0.9472750425;
70.51634979;100;80;241.1537323;0;0;37.99964523;-0.9572158456;0.9177841544;
70.40275574;100;80;239.2735596;0;0;38.09963989;-0.9769765139;0.8980234861;
70.27984619;100;80;237.2399902;0;0;38.19964981;-0.9899322391;0.8850677609;
70.16676331;100;80;235.3659058;0;0;38.29965591;-0.9939368367;0.8810631633;
70.04542542;100;80;233.3390198;0;0;38.39965439;-0.9896937013;0.8853062987;
69.93440247;100;80;231.4711151;0;0;38.49966049;-0.9780701399;0.8969298601;
69.81459808;100;80;229.4509277;0;0;38.59967041;-0.9579631686;0.9170368314;
69.69629669;100;80;227.5892487;0;0;38.69971848;-0.9316767454;0.9433232546;
69.58650208;100;80;225.5951538;0;0;38.79969788;-0.9026004076;0.9723995924;
69.46820831;100;80;223.7396698;0;0;38.89967728;-0.8670073152;1.007992625;
69.35921478;100;80;221.7328949;0;0;38.9997139;-0.8310792446;1.043920755;
69.18696594;100;80;218.9599915;0;0;39.14869308;-0.7706896663;1.104310274;
-0.7513276339;1.123672366;69.07839203;100;80;216.961441;0;0;39.24872589;
39.29869461;-0.7129371762;1.162062764;68.96091461;100;80;215.1196289;0;0;39.34869766;-0.6909751296;1.18402493;
39.39870834;-0.6723193526;1.202680707;68.85240173;100;80;213.1180267;0;0;39.44870377;-0.654429853;
-0.6367830634;1.238216996;68.73462677;100;80;211.2917938;0;0;39.5487442;-0.616838932;1.258161068;
-0.6004006863;1.274599314;68.62593079;100;80;209.3062286;0;0;39.64871216;
-0.5698378682;1.305162072;68.50829315;100;80;207.4763947;0;0;39.74871063;-0.5537111163;1.321288824;
-0.5410020947;1.333997965;68.39992523;100;80;205.4972839;0;0;39.84874725;-0.5293605328;
1.356296659;68.2826004;100;80;203.6638794;0;0;39.94872665;-0.507806778;1.367193222;
-0.4997481406;1.375251889;68.17515564;100;80;201.7006683;0;0;40.04874802;
-0.4866083264;1.388391614;68.05951691;100;80;199.8826904;0;0;40.14873505;-0.4806801081;1.394319892;
-0.4764605463;1.398539424;67.95244598;100;80;197.9069672;0;0;40.24877548;
-0.4704553187;1.404544711;67.83615875;100;80;196.1043549;0;0;40.34875488;-0.4682724178;
67.72952271;100;80;194.1351013;0;0;40.44874954;
-0.4670404494;1.40795958;67.61421967;100;80;192.3289948;0;0;40.54875183;-0.4681788087;1.406821132;
1.405140758;67.50798035;100;80;190.3755951;0;0;
-0.4751469493;1.399852991;67.39306641;100;80;188.5754242;0;0;40.74878311;-0.4794065058;1.395593524;
-0.4837418795;1.391258121;67.28720856;100;80;186.6284637;0;0;40.84876633;
67.17267609;100;80;184.8342133;0;0;40.9487648;-0.5016101599;1.37338984;
1.366447449;67.06716919;100;80;182.8936615;0;0;41.04877853;
-0.5243003368;1.350699663;66.95304871;100;80;181.1053467;0;0;41.14877701;-0.5346284509;1.34037149;
41.19881058;-0.5441487432;1.330851197;66.84786987;100;80;179.1712036;0;0;41.24879456;
-0.5650333166;1.309966683;66.73418427;100;80;177.3888092;0;0;41.34879684;-0.578348279;
1.284577131;66.62936401;100;80;175.4610901;0;0;41.44878387;
1.258602381;66.51603699;100;80;173.6846313;0;0;41.54879379;-0.6326717734;
1.22772336;66.41157532;100;80;171.7633209;0;0;41.64881134;
66.29866028;100;80;169.9927826;0;0;41.74880219;-0.6974909306;
-0.7145686746;1.160431266;66.19483185;100;80;168.0778961;0;0;41.8488121;
1.124575973;66.09353638;100;80;166.3132629;0.1171910763;0;41.94880676;-0.7722994685;1.102700591;
1.083487749;66.0436554;100;80;164.4043732;0.2109439373;0;42.04881668;
-0.8309009075;1.044099092;66.02204132;100;80;162.6437073;0.2500076294;0;42.14883423;-0.8542454243;1.020754576;
1.000647187;66.0184021;100;80;160.7369995;0.2812585831;0;42.24882126;-0.8944632411;
0.9605414271;66.0269928;100;80;158.9771271;0.3593859673;0;42.34882355;-0.9374466538;0.9375533462;
-0.9566605687;0.9183394313;66.04975891;100;80;157.070343;0.3593859673;0;42.44884491;
0.8819538355;66.0810318;100;80;155.3095551;0.3906369209;0;42.54886246;-1.012631297;
-1.028239489;0.8467604518;66.11486053;100;80;153.4010925;0.4062623978;0;42.64885712;
-1.055677533;0.8193224072;66.15618134;100;80;151.6384125;0.4140751362;0;42.74888611;-1.069081187;0.8059188128;
-1.078894615;0.7961054444;66.19729614;100;80;149.7275696;0.429700613;0;42.84885025;
-1.093610764;0.7813892365;66.24716949;100;80;147.9624634;0.4453260899;0;42.94885254;-1.099069357;
0.7731263041;66.29681396;100;80;146.0487823;0.4609515667;0;43.04888153;
-1.102211952;0.7727879882;66.35765076;100;80;144.2808533;0.484389782;0;43.14886093;-1.099149823;0.7758502364;
0.7803636193;66.42031097;100;80;142.3638763;0.5000152588;0;
-1.080420136;0.7945798039;66.4924469;100;80;140.5925903;0.5000152588;0;43.34887695;-1.06908083;0.8059191108;
-1.057755232;0.8172447681;66.55949402;100;80;138.6717377;0.5000152588;0;43.44890213;
-1.031324506;0.8436754942;66.63323975;100;80;136.8968353;0.5156407356;0;43.54888153;-1.014017582;0.8609824777;
-0.9982854724;0.8767145276;66.70461273;100;80;134.9720001;0.5156407356;0;43.64891052;
0.9103282094;66.78046417;100;80;133.1932831;0.5000152588;0;43.74891281;-0.9438765049;
-0.9254159927;0.9495840073;66.84773254;100;80;131.2642975;0.5000152588;0;43.84892273;
0.9881531;66.92037964;100;80;129.4818726;0.5000152588;0;43.94890976;-0.863375783;
1.032298446;66.9875412;100;80;127.5489197;0.5000152588;0;44.04890442;-0.8215206265;
44.09893036;-0.7998363972;1.075163603;67.06021881;100;80;125.7628403;0.5000152588;0;44.1489296;-0.7739064097;1.10109365;
-0.7511402965;1.123859644;67.12957764;100;80;123.825943;0.5000152588;0;44.24891281;
-0.7041119933;1.170887947;67.20306396;100;80;122.0361633;0.5000152588;0;44.3489151;-0.6757590771;1.199240923;
-0.6509171724;1.224082828;67.26998138;100;80;120.095253;0.5000152588;0;44.44891739;-0.6255763173;1.249423742;
0;44.49892426;-0.5997363329;1.275263667;67.34236908;100;80;118.3018494;0.5000152588;0;44.54891968;-0.5689581633;1.306041837;
1.332965493;67.40917206;100;80;116.3570404;0.5000152588;0;44.6489296;-0.5146093369;1.360390663;
1.388318181;67.48213196;100;80;114.560051;0.5000152588;0;44.74894714;-0.453463763;
-0.4244454205;1.450554609;67.55193329;100;80;112.6113739;0.5156407356;0;44.84894562;-0.3949222863;
-0.364893198;1.510106802;67.62892914;100;80;110.8107224;0.5156407356;0;44.94894409;-0.3292193413;1.545780659;
-0.2980919778;1.576907992;67.69924164;100;80;108.8579865;0.5156407356;0;45.0489502;-0.2664577663;
45.09896851;-0.2343239635;1.640676022;67.77714539;100;80;107.0536041;0.523453474;0;45.14897537;-0.1962379664;1.678762078;
-0.1630983353;1.711901665;67.85050201;100;80;105.0967941;0.523453474;0;45.24895096;-0.1295374185;1.745462537;
1.779356599;67.92954254;100;80;103.2885666;0.523453474;0;45.34896469;-0.05587076768;
-0.02179801278;1.853201985;68.00314331;100;80;101.3275375;0.523453474;0;45.44895935;0.0120142661;
1.920312285;68.08039856;100;80;99.51531982;0.523453474;0;45.54897308;0.08320210874;1.958202124;
0.114584066;1.989584088;68.15254974;100;80;97.54985809;0.5390789509;0;45.64896774;0.1446884573;
0.1732704043;2.048270464;68.23331451;100;80;95.73343658;0.5547044277;0;45.74897766;0.2043727338;2.079372644;
0.2288472354;2.103847265;68.3117218;100;80;93.76316071;0.5547044277;0;45.84900284;0.2510840595;2.126084089;
45.89899826;0.2708764672;2.145876408;68.39610291;100;80;91.94203186;0.5703299046;0;45.94898605;0.2906636;2.165663481;
0.3046709895;2.179671049;68.47573853;100;80;89.96656799;0.5703299046;0;46.04898834;
0.3242746294;2.19927454;68.56381226;100;80;88.14066315;0.578142643;0;46.14899826;0.3304531276;2.205453157;
46.19898987;0.3326919079;2.207691908;68.64939117;100;80;86.16001129;0.578142643;0;46.24902344;
2.204116106;68.74334717;100;80;84.32931519;0.5937681198;0;46.34902191;0.3224801123;
2.189404964;68.83304596;100;80;82.34346771;0.5937681198;0;46.44900513;
2.167436838;68.92894745;100;80;80.50795746;0.578142643;0;46.54901123;0.2764683068;2.151468277;
0.2611455023;2.136145592;69.01195526;100;80;78.51692963;0.4609515667;0;46.64901733;
2.101349115;69.06162262;100;80;76.6769104;0;0;46.7490387;0.20365116;2.07865119;
46.79902649;0.1828546524;2.057854652;69.00499725;100;80;74.68251038;0;0;46.84902954;0.1608668268;
0.1377160698;2.012716055;68.89285278;100;80;72.84326172;0;0;46.94902802;0.1092472821;1.984247327;
0.08359197527;1.958591938;68.78357697;100;80;70.85388947;0;0;47.04903412;
47.09903717;0.02880806662;1.903808117;68.66641998;100;80;69.02057648;0;0;47.14903641;-0.005275670905;1.869724274;
68.55806732;100;80;67.03796387;0;0;47.2490654;-0.06733058393;
1.774928093;68.44019318;100;80;65.21109772;0;0;47.34907532;-0.1397118419;1.735288143;
-0.1749220043;1.700078011;68.33170319;100;80;63.23551559;0;0;47.44904709;-0.2112670839;
-0.2487450838;1.626254916;68.21459198;100;80;61.41520691;0;0;47.54905701;-0.2938979268;1.581102014;
47.59907532;-0.3338222802;1.54117775;68.10664368;100;80;59.44682693;0;0;47.64906311;
-0.4170443714;1.457955599;67.98999023;100;80;57.63324356;0;0;47.74906158;-0.4676422477;1.407357693;
-0.51217103;1.36282897;67.88328552;100;80;55.67224121;0;0;47.84907913;
