sep=;
unknown1; unknown2; currentSpeed; currentLimit; nextLimit; distance; gaspedal; brakepedal; timestamp



0.4711782336;100;80;512.0452271;0;0;0.1999942511;
0.6331677437;100;80;512.0309448;0;0;0.2999934256;
0.7744188905;100;80;512.0142822;0;0;0.3999956846;
0.9209709167;100;80;511.9920349;0;0;0.5000061393;
1.052825093;100;80;511.9675903;0;0;0.6000192165;
1.191653728;100;80;511.9371338;0;0;0.7000065446;
1.316676974;100;80;511.9054565;0;0;0.80001086;
1.448642612;100;80;511.8673401;0;0;0.9000213742;
1.567335725;100;80;511.8287659;0;0;1.000031352;
1.692643881;100;80;511.7833862;0;0;1.100021243;
1.805380344;100;80;511.7382813;0;0;1.200026035;
1.924266696;100;80;511.6860352;0;0;1.300028324;
2.031177282;100;80;511.6347656;0;0;1.400030613;
2.144257545;100;80;511.5759888;0;0;1.500034928;
2.245746613;100;80;511.5188293;0;0;1.600036621;
2.352733374;100;80;511.4538879;0;0;1.700043559;
2.448845387;100;80;511.3912048;0;0;1.800048828;
2.550335407;100;80;511.3203735;0;0;1.900060296;
2.641253948;100;80;511.2524109;0;0;2.000051737;
2.737241745;100;80;511.1760864;0;0;2.100058794;
2.823406935;100;80;511.1031494;0;0;2.200057983;
2.914133787;100;80;511.0215759;0;0;2.30006218;
2.995690107;100;80;510.9439392;0;0;2.400066614;
3.081700325;100;80;510.8574219;0;0;2.500069857;
3.158854723;100;80;510.7753906;0;0;2.60007143;
3.240280867;100;80;510.6841736;0;0;2.700088263;
3.313308716;100;80;510.5979614;0;0;2.800086737;
3.39043808;100;80;510.5023499;0;0;2.900086641;
3.459519148;100;80;510.4121704;0;0;3.000083685;
3.532471418;100;80;510.312439;0;0;3.100091457;
3.597811222;100;80;510.2185364;0;0;3.200098991;
3.666809797;100;80;510.1148682;0;0;3.300122738;
3.728640556;100;80;510.0174561;0;0;3.400099754;
3.793885946;100;80;509.9101257;0;0;3.500100613;
3.852392435;100;80;509.8094177;0;0;3.600115776;
3.914090157;100;80;509.6986084;0;0;3.70011735;
3.96949029;100;80;509.5948181;0;0;3.800122738;
4.027853966;100;80;509.4807739;0;0;3.900122881;
4.080287457;100;80;509.3740845;0;0;4.000161648;
4.11022377;100;80;509.3202209;0;0;4.050120831;
4.160593033;100;80;509.2024231;0;0;4.150125504;
4.213597298;100;80;509.0923767;0;0;4.250128746;
4.261324406;100;80;508.9717712;0;0;4.350137234;
4.311467171;100;80;508.8591919;0;0;4.450133324;
4.356604099;100;80;508.7359619;0;0;4.550139904;
4.404148579;100;80;508.6210327;0;0;4.65039444;
4.44681263;100;80;508.4953308;0;0;4.750141144;
4.491827011;100;80;508.3782349;0;0;4.850175858;
4.532090664;100;80;508.2502441;0;0;4.950157166;
4.574547291;100;80;508.1311035;0;0;5.050154209;
4.612639427;100;80;508.0010071;0;0;5.150163174;
4.652639389;100;80;507.8800049;0;0;5.250159264;
4.688456535;100;80;507.7479553;0;0;5.35016346;
4.726128101;100;80;507.6252136;0;0;5.45017767;
4.759848118;100;80;507.491333;0;0;5.550167561;
4.795456886;100;80;507.3670044;0;0;5.650174618;
4.827382565;100;80;507.2315063;0;0;5.75017786;
4.860993385;100;80;507.1057129;0;0;5.850193024;
4.891088009;100;80;506.9687195;0;0;5.950201035;
4.922726631;100;80;506.8416138;0;0;6.050188065;
4.951154232;100;80;506.7032471;0;0;6.150197506;
4.981087685;100;80;506.5749207;0;0;6.250205994;
5.007860661;100;80;506.4353333;0;0;6.350209713;
5.036220551;100;80;506.3059387;0;0;6.450206757;
5.061905861;100;80;506.1652222;0;0;6.550208569;
5.095545292;100;80;506.0348206;0;0;6.650220394;
5.130715847;100;80;505.8928833;0;0;6.750209808;
5.167280197;100;80;505.7611389;0;0;6.850230694;
5.196753025;100;80;505.6148682;0;0;6.950212002;
5.221458435;100;80;505.48172;0;0;7.050233841;
5.245475292;100;80;505.3368225;0;0;7.150223732;
5.266624451;100;80;505.2017517;0;0;7.250227928;
5.289049625;100;80;505.055542;0;0;7.350236416;
5.309222698;100;80;504.9200134;0;0;7.450235367;
5.33003521;100;80;504.7839661;0;0;7.550261021;
5.347967148;100;80;504.6359558;0;0;7.650240421;
5.366666317;100;80;504.4873962;0;0;7.750267029;
5.384072781;100;80;504.349762;0;0;7.850245953;
5.402812004;100;80;504.2000427;0;0;7.950253487;
5.41958046;100;80;504.0613403;0;0;8.050254822;
5.437145233;100;80;503.9105225;0;0;8.150255203;
5.452498436;100;80;503.770813;0;0;8.250267029;
5.466846943;100;80;503.6189575;0;0;8.350266457;
5.477492809;100;80;503.478363;0;0;8.450271606;
5.486456394;100;80;503.3256226;0;0;8.550270081;
5.493303299;100;80;503.1843262;0;0;8.650287628;
5.499349594;100;80;503.0323181;0;0;8.750275612;
5.502869606;100;80;502.8903198;0;0;8.850323677;
5.505554199;100;80;502.7361755;0;0;8.950292587;
5.518172741;100;80;502.5935364;0.2031311989;0;9.050292015;
5.573750496;100;80;502.4382629;0.2500076294;0;9.150290489;
5.684443951;100;80;502.2931824;0.5859553814;0;9.249306679;
6.037410736;100;80;502.1447449;0.9531540871;0;9.349303246;
6.869699001;100;80;501.9729614;1;0;9.449317932;
8.220815659;100;80;501.7734985;1;0;9.549305916;
9.479920387;100;80;501.5554504;1;0;9.649312019;
10.90669727;100;80;501.2830505;1;0;9.749312401;
12.21494389;100;80;500.9953918;1;0;9.849338531;
13.60915565;100;80;500.644165;1;0;9.949316025;
14.90175247;100;80;500.2839966;1;0;10.04934502;
16.31377983;100;80;499.8544006;1;0;10.14932537;
17.61567688;100;80;499.4210205;0.8000000119;0;10.24933243;
19.00786591;100;80;498.9117432;0.8000000119;0;10.34933758;
20.17101669;100;80;498.4057922;0.8934999704;0;10.4493351;
21.27454185;100;80;497.8690796;0.9975000024;0;10.54934978;
22.12881088;100;80;497.257019;1;0;10.64934254;
23.03308678;100;80;496.6176758;1;0;10.74934196;
23.87752342;100;80;496.0037231;1;0;10.84934807;
24.79792023;100;80;495.3129883;1;0;10.94936085;
25.6506691;100;80;494.6519165;1;0;11.04935837;
26.57965851;100;80;493.9682007;1;0;11.14936638;
27.44464684;100;80;493.2018127;1;0;11.2493639;
28.39649773;100;80;492.4085388;1;0;11.34937668;
29.28953362;100;80;491.6520081;1;0;11.44936752;
30.30507851;100;80;490.8056946;0.8399999738;0;11.5493784;
31.17495918;100;80;489.9986267;0.8000000119;0;11.64938641;
31.93650055;100;80;489.1690674;0.8320000172;0;11.74938297;
32.59298706;100;80;488.2498474;0.9279999733;0;11.84938812;
33.27841568;100;80;487.3097229;1;0;11.94939613;
33.83600235;100;80;486.4246521;1;0;12.04938602;
34.44127274;100;80;485.4493713;1;0;12.14940453;
35.00358582;100;80;484.5335083;1;0;12.249403;
35.61423111;100;80;483.5244751;1;0;12.34940052;
36.17850113;100;80;482.5775452;1;0;12.44941235;
36.7912941;100;80;481.5346985;1;0;12.54941082;
37.35845184;100;80;480.5563049;1;0;12.64941311;
37.96679306;100;80;479.4792786;1;0;12.74947262;
38.53673172;100;80;478.4693604;1;0;12.84943771;
39.15597534;100;80;477.3578796;1;0;12.94941711;
39.72901917;100;80;476.3158569;1;0;13.04945087;
40.35136414;100;80;475.1694946;1;0;13.14942455;
40.92764282;100;80;474.0951233;1;0;13.24943733;
41.55421448;100;80;472.9136353;1;0;13.34944248;
42.13655853;100;80;471.8067322;1;0;13.44944763;
42.77191925;100;80;470.5898743;1;0;13.54944229;
43.36241531;100;80;469.4501038;1;0;13.64946461;
44.00658798;100;80;468.1973877;1;0;13.74944401;
44.60527039;100;80;467.024353;1;0;13.84945679;
45.25850677;100;80;465.7353821;1;0;13.94946098;
45.86555862;100;80;464.5286865;1;0;14.0494585;
46.52782822;100;80;463.2030029;0.8000000119;0;14.14945984;
47.03104019;100;80;461.9624329;0.8000000119;0;14.24947929;
47.52045441;100;80;460.6036682;0.8690000176;0;14.34946632;
47.98157883;100;80;459.3366699;0.9649999738;0;14.44948006;
48.46147156;100;80;457.9498901;1;0;14.54947758;
48.87779617;100;80;456.6577454;1;0;14.64948845;
49.33063889;100;80;455.2453613;1;0;14.74947929;
49.75003815;100;80;453.9299011;1;0;14.8494854;
50.20450211;100;80;452.492218;1;0;14.94948864;
50.62436676;100;80;451.1535645;1;0;15.04949379;
51.07978439;100;80;449.6907349;1;0;15.14949226;
51.50076294;100;80;448.3288269;1;0;15.24951172;
51.95848083;100;80;446.8408813;1;0;15.3494978;
52.3801651;100;80;445.455719;1;0;15.44952011;
52.82937241;100;80;443.9425659;1;0;15.54950619;
53.23644257;100;80;442.5343323;1;0;15.6495142;
53.67369843;100;80;440.9962769;1;0;15.74954224;
54.07691956;100;80;439.565033;1;0;15.84952354;
54.51234436;100;80;438.0022278;1;0;15.94952106;
54.91300583;100;80;436.5484924;1;0;16.04952812;
55.35092545;100;80;434.9619141;1;0;16.14953995;
55.76372147;100;80;433.4867554;1;0;16.24953651;
56.22003174;100;80;431.8772583;1;0;16.34956741;
56.64678955;100;80;430.3809814;1;0;16.44953728;
57.11397934;100;80;428.7484436;1;0;16.54954529;
57.54821396;100;80;427.2305298;1;0;16.64955521;
58.02039337;100;80;425.5738525;1;0;16.74954414;
58.45765305;100;80;424.032959;1;0;16.8495636;
58.93318558;100;80;422.350708;1;0;16.94955635;
59.37352371;100;80;420.785614;1;0;17.04956627;
59.85206604;100;80;419.0766907;1;0;17.14955902;
60.29526138;100;80;417.4867859;1;0;17.24957085;
60.77607346;100;80;415.7507629;1;0;17.34956741;
61.21987152;100;80;414.1357117;1;0;17.44956779;
61.70118332;100;80;412.5085449;1;0;17.54958916;
62.15261078;100;80;410.7319031;0.8000000119;0;17.6496067;
62.54944992;100;80;408.9407654;0.8000000119;0;17.74962997;
62.8692894;100;80;407.2769165;0.8610000014;0;17.84961128;
63.21878052;100;80;405.6038208;0.9649999738;0;17.94965172;
63.52955627;100;80;403.7807922;1;0;18.04964256;
63.84047318;100;80;402.0889282;1;0;18.14964676;
64.12802887;100;80;400.2468872;1;0;18.24964142;
64.43985748;100;80;398.5379944;1;0;18.34965706;
64.72262573;100;80;396.6776123;1;0;18.44961929;
65.02948761;100;80;394.8080139;1;0;18.54963303;
65.31169128;100;80;393.0740356;1;0;18.64961243;
65.61685944;100;80;391.1868896;1;0;18.74962234;
65.89836121;100;80;389.4369812;1;0;18.84962273;
66.20301056;100;80;387.5328369;1;0;18.94961739;
66.48417664;100;80;385.7676086;1;0;19.04962349;
66.78858948;100;80;383.8472595;1;0;19.14965439;
67.06963348;100;80;382.0673828;1;0;19.24964142;
67.3789978;100;80;380.1315613;1;0;19.34963799;
67.67111206;100;80;378.3375549;1;0;19.44967079;
67.99024963;100;80;376.3863831;1;0;19.54964256;
68.28474426;100;80;374.578064;1;0;19.64964867;
68.60147858;100;80;372.6108093;1;0;19.74964905;
68.88954163;100;80;370.7868652;1;0;19.84965134;
69.19480896;100;80;368.8019104;1;0;19.94965935;
69.47007751;100;80;366.9610901;1;0;20.04966354;
69.76457214;100;80;364.95755;1;0;20.14966965;
70.03583527;100;80;363.0994873;1;0;20.24966431;
70.33440399;100;80;361.0773621;1;0;20.3496666;
70.61752319;100;80;359.202301;1;0;20.44966888;
70.93035126;100;80;357.1619873;1;0;20.54969597;
71.22304535;100;80;355.2704163;1;0;20.64967346;
71.54231262;100;80;353.2124023;1;0;20.74968147;
71.8380127;100;80;351.3045959;1;0;20.8496933;
72.15924072;100;80;349.2289734;1;0;20.94968796;
72.45589447;100;80;347.3048401;1;0;21.04969406;
72.7773056;100;80;345.2114563;1;0;21.14972878;
73.07400513;100;80;343.270874;1;0;21.24970055;
73.39539337;100;80;341.1596069;1;0;21.3496933;
73.69200134;100;80;339.2025146;1;0;21.44970703;
74.0133667;100;80;337.0733643;1;0;21.54970551;
74.31018066;100;80;335.0894165;1;0;21.6497097;
74.63314819;100;80;332.9526672;1;0;21.7497406;
74.93016052;100;80;330.9625244;1;0;21.84972191;
75.25045776;100;80;328.7975464;1;0;21.9497261;
75.54772949;100;80;326.790863;1;0;22.04972839;
75.83084106;100;80;324.6079712;0.03906369209;0;22.1497364;
75.83104706;100;80;322.5758972;0;0;22.24973106;
75.73950958;100;80;320.3862915;0;0;22.34973335;
75.64151764;100;80;318.3671265;0;0;22.44976807;
75.53847504;100;80;316.1822815;0;0;22.54974365;
75.4276123;100;80;314.1681519;0;0;22.64974403;
75.29851532;100;80;311.989563;0;0;22.74977875;
75.17913055;100;80;309.9818115;0;0;22.84976196;
75.05080414;100;80;307.8102722;0;0;22.94975281;
74.93247223;100;80;305.809082;0;0;23.04977036;
74.80422974;100;80;303.6446838;0;0;23.14975929;
74.68610382;100;80;301.6500549;0;0;23.2497673;
74.55843353;100;80;299.4927673;0;0;23.34977531;
74.44081116;100;80;297.5047302;0;0;23.44977379;
74.31355286;100;80;295.3545837;0;0;23.54978752;
74.19633484;100;80;293.3731079;0;0;23.64977646;
74.06956482;100;80;291.230072;0;0;23.74978065;
73.95276642;100;80;289.2551575;0;0;23.84978867;
73.82643127;100;80;287.1192017;0;0;23.94979477;
73.71004486;100;80;285.1508484;0;0;24.04981995;
73.58415985;100;80;283.0219727;0;0;24.14979744;
73.46819305;100;80;281.0601196;0;0;24.24980164;
73.34277344;100;80;278.938324;0;0;24.34981537;
73.22720337;100;80;276.9829712;0;0;24.44980812;
73.10221863;100;80;274.8682251;0;0;24.54980087;
72.98705292;100;80;272.9193726;0;0;24.64981079;
72.86251831;100;80;270.8116455;0;0;24.74984169;
72.74776459;100;80;268.8692627;0;0;24.84982681;
72.62366486;100;80;266.7685547;0;0;24.94982719;
72.50930786;100;80;264.8326416;0;0;25.04983139;
72.38565826;100;80;262.7389221;0;0;25.14982986;
72.27169037;100;80;260.8094788;0;0;25.24983215;
72.14847565;100;80;258.7227478;0;0;25.34984207;
72.034935;100;80;256.7997437;0;0;25.44984055;
71.91213989;100;80;254.7199707;0;0;25.54984283;
71.79898834;100;80;252.8033905;0;0;25.64985847;
71.67662048;100;80;250.7305756;0;0;25.74985886;
71.56387329;100;80;248.8204193;0;0;25.84986115;
71.44194794;100;80;246.7545319;0;0;25.94986534;
71.3286438;100;80;244.850769;0;0;26.04985809;
71.20698547;100;80;242.7918549;0;0;26.14987183;
71.09620667;100;80;240.9142609;0;0;26.24986649;
70.97509766;100;80;238.8622131;0;0;26.34986877;
70.86349487;100;80;236.9712219;0;0;26.44986916;
70.74281311;100;80;234.9260864;0;0;26.54987717;
70.63162231;100;80;233.0414581;0;0;26.64987946;
70.51136017;100;80;231.0032196;0;0;26.74888611;
70.40054321;100;80;229.1249542;0;0;26.84889793;
70.28069305;100;80;227.0935974;0;0;26.94888687;
70.17027283;100;80;225.2216797;0;0;27.0489254;
70.05084991;100;80;223.1972046;0;0;27.14891243;
69.94081116;100;80;221.3316193;0;0;27.24892807;
69.82178497;100;80;219.3140106;0;0;27.34890366;
69.71212769;100;80;217.4547577;0;0;27.4489212;
69.58869171;100;80;215.4440002;0;0;27.54891205;
69.4645462;100;80;213.591156;0;0;27.64893341;
69.32984924;100;80;211.5875244;0;0;27.7489357;
69.20335388;100;80;209.7409668;0;0;27.84893608;
69.06269836;100;80;207.7435913;0;0;27.94894218;
68.93122864;100;80;205.902771;0;0;28.04893494;
68.78845215;100;80;203.9118805;0;0;28.14894104;
68.65589905;100;80;202.0774536;0;0;28.24895477;
68.59438324;100;80;200.0940399;1;0;28.34894753;
68.76580048;100;80;198.2642822;1;0;28.44895935;
68.97316742;100;80;196.2772217;1;0;28.54894066;
69.16386414;100;80;194.4390411;1;0;28.64896393;
69.37567902;100;80;192.5970154;1;0;28.74897385;
69.57850647;100;80;190.5968781;1;0;28.84897041;
69.80370331;100;80;188.5919495;1;0;28.94898033;
70.01230621;100;80;186.7368164;1;0;29.04895973;
70.23673248;100;80;184.7219391;1;0;29.14898682;
70.44190216;100;80;182.8569489;1;0;29.24898911;
70.66637421;100;80;180.8305969;1;0;29.34898186;
70.8717041;100;80;178.9542389;1;0;29.44897652;
71.09218597;100;80;176.9149323;1;0;29.54899025;
71.29502106;100;80;175.0262451;1;0;29.64899635;
71.51409912;100;80;172.9732971;1;0;29.74898148;
71.71593475;100;80;171.0718536;1;0;29.84900856;
71.93431854;100;80;169.0050507;1;0;29.94899368;
72.13565063;100;80;167.0908661;1;0;30.04899216;
72.35375214;100;80;165.0103455;1;0;30.14902496;
72.55487823;100;80;163.0836029;1;0;30.24900627;
72.77278137;100;80;160.9895935;1;0;30.34900284;
72.97382355;100;80;159.0505524;1;0;30.44902611;
73.19143677;100;80;156.9433594;1;0;30.54902077;
73.39324951;100;80;154.9922791;1;0;30.64901161;
73.61488342;100;80;152.8721924;1;0;30.74903488;
73.82090759;100;80;150.9092712;1;0;30.84904671;
74.04470062;100;80;148.7764587;1;0;30.94903183;
74.25169373;100;80;146.8018951;1;0;31.04903412;
74.47663116;100;80;144.6565399;1;0;31.14903069;
74.68514252;100;80;142.6704559;1;0;31.24903679;
74.91127014;100;80;140.5126038;1;0;31.3490448;
75.11988068;100;80;138.5149841;1;0;31.44906044;
75.34573364;100;80;136.344635;1;0;31.5490551;
75.55404663;100;80;134.3354492;1;0;31.6490593;
75.77938843;100;80;132.1525421;1;0;31.74905968;
75.98724365;100;80;130.1317444;1;0;31.84905243;
76.21191406;100;80;127.9362869;1;0;31.94907188;
76.41923523;100;80;125.9039383;1;0;32.04908371;
76.64428711;100;80;123.8660507;1;0;32.1490593;
76.85236359;100;80;121.6521072;1;0;32.24907684;
77.07800293;100;80;119.4316635;1;0;32.34907913;
77.28632355;100;80;117.3762741;1;0;32.44907379;
77.51194763;100;80;115.1433487;1;0;32.5491066;
77.72012329;100;80;113.0764236;1;0;32.64910507;
77.94558716;100;80;110.8309937;1;0;32.74909592;
78.15367126;100;80;108.7525024;1;0;32.84909439;
78.37901306;100;80;106.4945374;1;0;32.94910049;
78.58689117;100;80;104.4044724;1;0;33.04911423;
78.81208801;100;80;102.1339645;1;0;33.14912415;
79.0198822;100;80;100.0323334;1;0;33.24910355;
79.24497986;100;80;97.7492981;1;0;33.34910583;
79.45261383;100;80;95.63610077;1;0;33.44911194;
79.67755127;100;80;93.34053802;1;0;33.54911041;
79.88515472;100;80;91.21578979;1;0;33.6491127;
80.10995483;100;80;88.90772247;1;0;33.74912262;
80.31742859;100;80;86.77142334;1;0;33.84911728;
80.54212189;100;80;84.45085907;1;0;33.94913483;
80.74945831;100;80;82.30303192;1;0;34.04913712;
80.97406006;100;80;79.96998596;1;0;34.14913559;
81.18131256;100;80;77.81063843;1;0;34.24913788;
81.40583801;100;80;75.46511078;1;0;34.34914398;
81.61306763;100;80;73.29425812;1;0;34.44916534;
81.83755493;100;80;70.93627167;1;0;34.54914474;
82.04470825;100;80;68.75391388;1;0;34.64915466;
82.26906586;100;80;66.38347626;1;0;34.74917603;
82.47613525;100;80;64.18962097;1;0;34.84915161;
82.70037842;100;80;61.80671692;1;0;34.94915771;
82.90731812;100;80;59.60136795;1;0;35.04918289;
83.13141632;100;80;57.20602036;1;0;35.14916992;
83.3381424;100;80;54.98918152;1;0;35.24919128;
83.56191254;100;80;52.58138657;1;0;35.34917068;
83.76844788;100;80;50.35306549;1;0;35.44917679;
83.99212646;100;80;47.93283463;1;0;35.54919052;
84.19844818;100;80;45.69303513;1;0;35.64918137;
84.42195892;100;80;43.26036453;1;0;35.74919128;
84.62815094;100;80;41.00908661;1;0;35.84921265;
84.85150146;100;80;38.56399536;1;0;35.94921112;
85.05756378;100;80;36.30125427;1;0;36.04919434;
85.28076172;100;80;33.84375;1;0;36.14920044;
85.48670959;100;80;31.56956291;1;0;36.24921036;
85.7097168;100;80;29.0996666;1;0;36.34920883;
85.9152832;100;80;26.81405067;1;0;36.44921494;
86.13762665;100;80;24.33179283;1;0;36.54921722;
86.34264374;100;80;22.03479576;1;0;36.64921951;
86.54818726;100;80;19.54026031;0.3281350136;0;36.74924088;
86.53392792;100;80;17.23287582;0;0;36.84924316;
86.41127777;100;80;14.72217941;0;0;36.94922256;
86.34152222;100;80;12.38182831;0;0;37.0492363;
86.17300415;100;80;10.03396225;0;0;37.14924622;
85.96206665;100;80;7.546271801;0;0;37.24923325;
85.82800293;100;80;5.243144989;0;0;37.34925461;
85.69758606;100;80;2.769809008;0;0;37.44928741;
85.56306458;80;60;639.6656494;0;0;37.54924393;
85.40866852;80;60;637.1939697;0;0;37.64925766;
85.26883698;80;60;634.9165039;0;0;37.74927139;
85.12123108;80;60;632.4533691;0;0;37.8492775;
84.98471832;80;60;630.1835327;0;0;37.94926453;
84.83605194;80;60;627.7287598;0;0;38.04927444;
84.70070648;80;60;625.4667358;0;0;38.14926529;
84.55547333;80;60;623.0203857;0;0;38.24929047;
84.42120361;80;60;620.7661133;0;0;38.34927368;
84.27455902;80;60;618.328064;0;0;38.44929123;
84.13855743;80;60;616.0813599;0;0;38.54930496;
83.99068451;80;60;613.6514282;0;0;38.64928055;
83.85366058;80;60;611.4121094;0;0;38.74928665;
83.70494843;80;60;608.9901123;0;0;38.84928894;
83.56755829;80;60;606.7580566;0;0;38.94930267;
83.4188385;80;60;604.3441162;0;0;39.04929352;
83.28171539;80;60;602.1195679;0;0;39.14930344;
83.13459778;80;60;599.7138062;0;0;39.24930573;
83.00125122;80;60;597.4968872;0;0;39.34931564;
82.85822296;80;60;595.0993652;0;0;39.44932556;
82.72671509;80;60;592.8900757;0;0;39.54932404;
82.58477783;80;60;590.5008545;0;0;39.64931488;
82.45407104;80;60;588.2990723;0;0;39.74946594;
82.31262207;80;60;585.9179077;0;0;39.84932327;
82.18147278;80;60;583.7235107;0;0;39.94935608;
82.03844452;80;60;581.3502808;0;0;40.04933929;
81.90515137;80;60;579.163147;0;0;40.14933395;
81.76026917;80;60;576.7977295;0;0;40.24948502;
81.6260376;80;60;574.6177979;0;0;40.34934235;
81.48033142;80;60;572.2600098;0;0;40.44935608;
81.34618378;80;60;570.0872803;0;0;40.54936218;
81.20378113;80;60;567.7373657;0;0;40.64936447;
81.07454681;80;60;565.5718994;0;0;40.74941635;
80.93566132;80;60;563.2299194;0;0;40.84935379;
80.80769348;80;60;561.0717163;0;0;40.94935989;
80.6685257;80;60;558.7376099;0;0;41.049366;
80.53882599;80;60;556.5866089;0;0;41.14936829;
80.39764404;80;60;554.4390869;0;0;41.24947739;
80.26711273;80;60;552.1164551;0;0;41.34938431;
80.12711334;80;60;549.7977905;0;0;41.44937515;
79.99939728;80;60;547.6610718;0;0;41.54938126;
79.87597656;80;60;545.3500977;0;0;41.64938354;
79.79444885;80;60;543.1745605;0;0;41.74940109;
79.63226318;80;60;541.0044556;0;0;41.84939194;
79.44519043;80;60;538.7036743;0;0;41.94940186;
79.3294754;80;60;536.5842896;0;0;42.0493927;
79.20854187;80;60;534.2931519;0;0;42.14940262;
79.0846405;80;60;532.1811523;0;0;42.24940491;
78.9447937;80;60;529.8967285;0;0;42.34943008;
78.81824493;80;60;527.791626;0;0;42.44941711;
78.68399048;80;60;525.5148315;0;0;42.54941177;
78.55969238;80;60;523.416626;0;0;42.64942169;
78.42435455;80;60;521.1472778;0;0;42.74942398;
78.29983521;80;60;519.0559692;0;0;42.8494606;
78.17641449;80;60;516.7941895;0.1328165531;0;42.94942474;
78.11967468;80;60;514.7093506;0.3906369209;0;43.04942703;
78.14556885;80;60;512.4523315;0.6797082424;0;43.14943695;
78.26644897;80;60;510.3680115;0.859401226;0;43.24943924;
78.46226501;80;60;508.1062622;0.9844050407;0;43.34945297;
78.66664124;80;60;506.0136108;1;0;43.44946289;
78.89134216;80;60;503.7406006;1;0;43.54946899;
79.0987854;80;60;501.6367493;1;0;43.64945602;
79.32148743;80;60;499.3733826;1;0;43.74945068;
79.52885437;80;60;497.2580872;1;0;43.84946823;
79.75327301;80;60;494.9602661;1;0;43.94945908;
79.96042633;80;60;492.8334656;1;0;44.04946136;
80.18481445;80;60;490.5231934;1;0;44.14846039;
80.39201355;80;60;488.3848877;1;0;44.24847412;
80.61691284;80;60;486.0621338;1;0;44.34848022;
80.82432556;80;60;483.912323;1;0;44.44849014;
81.04895782;80;60;481.5771179;1;0;44.54851151;
81.25639343;80;60;479.4157715;1;0;44.64847565;
81.48101044;80;60;477.0681152;1;0;44.74848938;
81.68818665;80;60;474.8952637;1;0;44.84850693;
81.91265869;80;60;472.5350952;1;0;44.94849396;
82.11972046;80;60;470.3507385;1;0;45.04850006;
82.34318542;80;60;467.9781189;0.765648365;0;45.14849854;
82.40730286;80;60;465.7824402;0;0;45.24850464;
82.30948639;80;60;463.4024963;0;0;45.34853363;
82.18071747;80;60;461.208252;0;0;45.44850922;
82.03994751;80;60;458.8345947;0;0;45.54852676;
81.91082001;80;60;456.6470032;0;0;45.64852142;
81.76948547;80;60;454.2810669;0;0;45.74853516;
81.6385498;80;60;452.1007385;0;0;45.84851837;
81.49798584;80;60;449.7426453;0;0;45.94855118;
81.36920166;80;60;447.5696106;0;0;46.04853821;
81.22983551;80;60;445.2194214;0;0;46.1485405;
81.10105133;80;60;443.0536194;0;0;46.24853516;
80.96134949;80;60;440.7112732;0;0;46.34854507;
80.83232117;80;60;438.5526428;0;0;46.44854355;
80.69242859;80;60;436.2179871;0;0;46.54854584;
80.56336212;80;60;434.0664368;0;0;46.64854813;
80.42357635;80;60;431.9182434;0;0;46.74855423;
80.29471588;80;60;429.5948792;0;0;46.84856415;
80.15579987;80;60;427.2754517;0;0;46.94856262;
80.02880859;80;60;425.13797;0;0;47.0485611;
79.89170837;80;60;422.8262024;0;0;47.1485672;
79.7651825;80;60;420.6957703;0;0;47.24857712;
79.62852478;80;60;418.3916016;0;0;47.34857559;
79.50267029;80;60;416.268219;0;0;47.44857407;
79.36656952;80;60;413.9716492;0;0;47.54858398;
79.24104309;80;60;411.8552551;0;0;47.64858627;
79.10519409;80;60;409.5662842;0;0;47.74858475;
78.98001862;80;60;407.4568481;0;0;47.84861374;
78.84486389;80;60;405.1753845;0;0;47.94859314;
78.72032166;80;60;403.0729065;0;0;48.04859543;
78.58564758;80;60;400.7989197;0;0;48.14860916;
78.46152496;80;60;398.7033386;0;0;48.24861145;
78.32724762;80;60;396.4368286;0;0;48.34860229;
78.20349884;80;60;394.3481445;0;0;48.44861221;
78.06970215;80;60;392.0890808;0;0;48.5486145;
77.94641113;80;60;390.0072327;0;0;48.64861298;
77.81305695;80;60;387.7556152;0;0;48.74862289;
77.69018555;80;60;385.6806335;0;0;48.84862137;
77.56641388;80;60;383.4364014;0.07031464577;0;48.94862366;
77.4859848;80;60;381.3679199;0.1562547684;0;49.04862595;
77.43133545;80;60;379.129364;0.187505722;0;49.14863205;
77.39370728;80;60;377.0643921;0.1718802452;0;49.24865341;
77.35530853;80;60;374.8285522;0.2031311989;0;49.34864807;
77.32305145;80;60;372.7657166;0.187505722;0;49.44865417;
77.28621674;80;60;370.7037048;0.187505722;0;49.54870605;
77.25186157;80;60;368.4709473;0.2031311989;0;49.64865112;
77.21755219;80;60;366.4108887;0.2031311989;0;49.74866104;
77.18778992;80;60;364.1801147;0.2031311989;0;49.8486824;
77.15640259;80;60;361.9502563;0.187505722;0;49.9486618;
77.12536621;80;60;359.8927612;0.187505722;0;50.04867172;
77.09207916;80;60;357.6647339;0.187505722;0;50.14867783;
77.06131744;80;60;355.6089478;0.2031311989;0;50.24867249;
77.02980042;80;60;353.382782;0.2031311989;0;50.34867477;
77.00119781;80;60;351.3286438;0.2031311989;0;50.44868088;
76.96965027;80;60;349.1042175;0.187505722;0;50.54869843;
76.93785858;80;60;347.0516968;0.2031311989;0;50.64868164;
76.90520477;80;60;344.8291016;0.2031311989;0;50.74869919;
76.87610626;80;60;342.7782898;0.187505722;0;50.84870148;
76.84335327;80;60;340.5574646;0.2031311989;0;50.94869614;
76.81430817;80;60;338.5083008;0.2031311989;0;51.04869843;
76.78334045;80;60;336.2892456;0.2031311989;0;51.14870071;
76.75492859;80;60;334.2416992;0.187505722;0;51.248703;
76.72272491;80;60;332.0243835;0.2031311989;0;51.34870529;
76.69377899;80;60;329.9784851;0.2031311989;0;51.44871521;
76.66278076;80;60;327.7629395;0.2031311989;0;51.54871368;
76.63414001;80;60;325.7186279;0.2031311989;0;51.64873123;
76.60334778;80;60;323.5047913;0.2031311989;0;51.74872589;
76.57444;80;60;321.4620361;0.187505722;0;51.84873199;
76.53944397;80;60;319.2499084;0.187505722;0;51.94872284;
76.50635529;80;60;317.2088928;0.187505722;0;52.04874802;
76.47183228;80;60;314.9881287;0.187505722;0;52.14873123;
76.43798065;80;60;312.9489441;0.1718802452;0;52.24876022;
76.39730835;80;60;310.7408447;0.1562547684;0;52.34873962;
76.35850525;80;60;308.7036743;0.1718802452;0;52.44874954;
76.3169632;80;60;306.4979553;0.1562547684;0;52.54874802;
76.27637482;80;60;304.4629517;0.1562547684;0;52.64874649;
76.23207855;80;60;302.259613;0.187505722;0;52.74875641;
76.19599915;80;60;300.2268677;0.2031311989;0;52.84877396;
76.16377258;80;60;298.0257874;0.2031311989;0;52.94876099;
76.13619232;80;60;295.9948425;0.2031311989;0;53.04876709;
76.10621643;80;60;293.7954407;0.2031311989;0;53.14877319;
76.07867432;80;60;291.7659912;0.2031311989;0;53.24876785;
76.04987335;80;60;289.5682373;0.2031311989;0;53.34877396;
76.02289581;80;60;287.5402527;0.2031311989;0;53.44878387;
75.99336243;80;60;285.3440857;0.187505722;0;53.54877853;
75.96492004;80;60;283.3175964;0.2187566757;0;53.64878082;
75.93686676;80;60;281.1231079;0.2031311989;0;53.74879456;
75.91017151;80;60;279.098114;0.2187566757;0;53.8487854;
75.88339233;80;60;276.9051819;0.2187566757;0;53.94882584;
75.86037445;80;60;274.8816223;0.2187566757;0;54.04880142;
75.8359375;80;60;272.6901245;0.2187566757;0;54.1487999;
75.81350708;80;60;270.6678467;0.2343821526;0;54.24880219;
75.79144287;80;60;268.4776917;0.2187566757;0;54.34880447;
75.76877594;80;60;266.4565735;0.2031311989;0;54.44881058;
75.74437714;80;60;264.2677612;0.2187566757;0;54.54881287;
75.72367859;80;60;262.2478943;0.2187566757;0;54.64881897;
75.70067596;80;60;260.0603638;0.2031311989;0;54.74881744;
75.67690277;80;60;258.041687;0.2187566757;0;54.84883881;
75.65203094;80;60;255.8554993;0.2031311989;0;54.94883728;
75.62844849;80;60;253.8381195;0.2187566757;0;55.04893494;
75.60400391;80;60;251.6533356;0.2187566757;0;55.14884949;
75.58172607;80;60;249.6372223;0.2187566757;0;55.24883652;
75.55778503;80;60;247.4537811;0.2343821526;0;55.34886551;
75.53832245;80;60;245.4389191;0.2343821526;0;55.44884109;
75.51925659;80;60;243.2567139;0.2968840599;0;55.5488472;
75.52333832;80;60;241.2428436;0.5703299046;0;55.64885712;
75.6368103;80;60;239.0607758;0.9531540871;0;55.74885178;
75.8376236;80;60;237.0432892;1;0;55.84887695;
76.06455994;80;60;234.8516998;1;0;55.94887924;
76.2713089;80;60;232.8231506;1;0;56.04886246;
76.49687195;80;60;230.6193848;1;0;56.14888763;
76.70594788;80;60;228.5793304;1;0;56.24887085;
76.93188477;80;60;226.3630371;1;0;56.34887695;
77.14007568;80;60;224.3114624;1;0;56.44888687;
77.36575317;80;60;222.0826569;1;0;56.54889297;
77.57411194;80;60;220.019516;1;0;56.64889145;
77.7996521;80;60;217.778183;1;0;56.74891663;
78.00784302;80;60;215.7034912;1;0;56.84889221;
78.23329163;80;60;213.6232452;1;0;56.94892502;
78.44136047;80;60;211.3633728;1;0;57.04892349;
78.66675568;80;60;209.2715759;1;0;57.14891815;
78.87467957;80;60;206.9991913;1;0;57.24890137;
79.10001373;80;60;204.8958282;1;0;57.34898758;
79.30784607;80;60;202.6109314;1;0;57.44890976;
79.53298187;80;60;200.3195343;1;0;57.54896164;
79.7407608;80;60;198.1986237;1;0;57.6489296;
79.96574402;80;60;195.8947144;1;0;57.74892426;
80.17343903;80;60;193.7622681;1;0;57.84892273;
80.39833069;80;60;191.6242676;1;0;57.94893265;
80.60588074;80;60;189.3018646;1;0;58.04893875;
80.83068848;80;60;186.9729767;1;0;58.14894104;
81.03813171;80;60;184.8174591;1;0;58.24896622;
81.26277161;80;60;182.4760742;1;0;58.34894562;
81.47009277;80;60;180.3090363;1;0;58.44895554;
81.6946106;80;60;177.9551697;1;0;58.54894638;
81.90175629;80;60;175.7766113;1;0;58.6489563;
82.12602234;80;60;173.4102631;1;0;58.7489624;
82.33298492;80;60;171.2201996;1;0;58.84897614;
82.55715179;80;60;168.8414154;1;0;58.94896698;
82.76396942;80;60;166.6398468;1;0;59.04898453;
82.98797607;80;60;164.4327698;1;0;59.148983;
83.19483185;80;60;162.035553;1;0;59.24897766;
83.41886902;80;60;159.6318665;1;0;59.34897614;
83.62543488;80;60;157.4073486;1;0;59.44898224;
83.84914398;80;60;154.9912262;1;0;59.54907227;
84.05554199;80;60;152.7552338;1;0;59.648983;
84.2790451;80;60;150.3266754;1;0;59.74898911;
84.48526764;80;60;148.0792084;1;0;59.84899902;
84.7085495;80;60;145.6382294;1;0;59.9489975;
84.91467285;80;60;143.379303;1;0;60.04900742;
85.13793182;80;60;140.9259338;1;0;60.14900208;
85.34424591;80;60;138.6555634;1;0;60.24900436;
85.56752777;80;60;136.1897888;1;0;60.34900665;
85.77352905;80;60;133.9079895;1;0;60.44901657;
85.99677277;80;60;131.4298401;1;0;60.5490303;
86.20274353;80;60;129.1365814;1;0;60.64901733;
86.42572021;80;60;126.6460419;1;0;60.74901962;
86.63157654;80;60;124.3413544;1;0;60.84902954;
86.85449982;80;60;121.8384171;1;0;60.94902802;
87.06016541;80;60;119.5223007;1;0;61.04903412;
87.28078461;80;60;117.0069809;1;0;61.14904022;
87.48631287;80;60;114.7037125;1;0;61.24904251;
87.70885468;80;60;112.1760864;1;0;61.34904861;
87.91431427;80;60;109.8371811;1;0;61.44904709;
88.13673401;80;60;107.2971878;1;0;61.54906845;
88.3420105;80;60;104.9468689;1;0;61.64805222;
88.56428528;80;60;102.394516;1;0;61.74806213;
88.76940918;80;60;100.0328064;1;0;61.84806824;
88.99151611;80;60;97.4681015;1;0;61.94808578;
89.1964798;80;60;95.09499359;1;0;62.048069;
89.41844177;80;60;92.51795959;1;0;62.1480751;
89.62210083;80;60;90.133461;0.859401226;0;62.24807739;
89.70227051;80;60;87.54437256;0;0;62.34807587;
89.61499786;80;60;85.1529007;0;0;62.44807816;
89.46717072;80;60;82.56494904;0;0;62.54808044;
89.32505798;80;60;80.17951965;0;0;62.64809799;
89.17196655;80;60;77.59937286;0;0;62.7481041;
89.03022003;80;60;75.22160339;0;0;62.84809494;
88.87620544;80;60;72.6499176;0;0;62.94809341;
88.73461914;80;60;70.27997589;0;0;63.0480957;
88.58182526;80;60;67.71678162;0;0;63.14811707;
88.44076538;80;60;65.35467529;0;0;63.24811172;
88.28791809;80;60;62.79996872;0;0;63.3481102;
88.14701843;80;60;60.44568253;0;0;63.44811249;
87.99465179;80;60;57.89942932;0;0;63.54811859;
87.8542099;80;60;55.55293655;0;0;63.64813995;
87.70222473;80;60;53.01511765;0;0;63.74812698;
87.56220245;80;60;50.67640686;0;0;63.84812164;
87.41073608;80;60;48.14702225;0;0;63.94814682;
87.27114868;80;60;45.81609344;0;0;64.04813385;
87.12030029;80;60;43.29514313;0;0;64.14813995;
86.98121643;80;60;40.97201157;0;0;64.24813843;
86.83094788;80;60;38.45951843;0;0;64.34815216;
86.69289398;80;60;36.14420319;0;0;64.44815063;
86.54389954;80;60;33.6401825;0;0;64.54815674;
86.40629578;80;60;31.33269691;0;0;64.6481781;
86.25760651;80;60;28.83716774;0;0;64.74816132;
86.1207962;80;60;26.53752136;0;0;64.84817505;
85.97263336;80;60;24.05049706;0;0;64.94816589;
85.83620453;80;60;21.75874329;0;0;65.048172;
85.68868256;80;60;19.28034973;0;0;65.14817047;
85.5526886;80;60;16.99668503;0;0;65.24817657;
85.42014313;80;60;14.52728653;0;0;65.34817505;
85.31200409;80;60;12.20372391;0;0;65.44818115;
85.14103699;80;60;9.886702538;0;0;65.54820251;
84.96085358;80;60;7.432843208;0;0;65.64820862;
84.83807373;80;60;5.178346157;0;0;65.74819183;
84.70423126;80;60;2.76167202;0;0;65.84819794;
84.56916809;60;80;535.9520874;0;0;65.94820404;
84.41960144;60;80;533.5093384;0;0;66.04819489;
84.28523254;60;80;531.2584229;0;0;66.14820862;
84.14154816;60;80;528.8238525;0;0;66.24821472;
84.00796509;60;80;526.5568848;0;0;66.34822083;
83.86284637;60;80;524.1536865;0;0;66.44821167;
83.72879791;60;80;521.9058228;0;0;66.54821777;
83.58557129;60;80;519.4988403;0;0;66.64821625;
83.45211792;60;80;517.2699585;0;0;66.74822998;
83.3091507;60;80;514.859314;0;0;66.84822845;
83.17681885;60;80;512.6262207;0;0;66.94824982;
83.03305817;60;80;510.4082336;0;0;67.04824066;
82.90120697;60;80;508.0093384;0;0;67.14825439;
82.75860596;60;80;505.6145935;0;0;67.24824524;
82.62721252;60;80;503.4077148;0;0;67.34825897;
82.48513031;60;80;501.020874;0;0;67.44824219;
82.35420227;60;80;498.8212891;0;0;67.54825592;
82.21277618;60;80;496.6252136;0;0;67.64826202;
82.08267975;60;80;494.250061;0;0;67.7482605;
81.94192505;60;80;491.8790283;0;0;67.8482666;
81.81221771;60;80;489.6939697;0;0;67.94827271;
81.6720047;60;80;487.33078;0;0;68.04826355;
81.54280853;60;80;485.1529846;0;0;68.14830017;
81.40305328;60;80;482.7975769;0;0;68.24828339;
81.27430725;60;80;480.6269531;0;0;68.34828949;
81.13502502;60;80;478.2792969;0;0;68.44828033;
81.00675201;60;80;476.1158142;0;0;68.54829407;
80.86795807;60;80;473.7759094;0;0;68.64828491;
80.74007416;60;80;471.6195679;0;0;68.74830627;
80.60177612;60;80;469.2873535;0;0;68.84829712;
80.47434235;60;80;467.1381226;0;0;68.94830322;
80.3365097;60;80;464.8135986;0;0;69.0483017;
80.20942688;60;80;462.6714172;0;0;69.14833069;
80.07162476;60;80;460.3545227;0;0;69.24830627;
79.9446106;60;80;458.2194214;0;0;69.34832764;
79.80703735;60;80;455.9101563;0;0;69.44832611;
79.68019867;60;80;453.782074;0;0;69.54831696;
79.54302979;60;80;451.4804077;0;0;69.64831543;
79.41653442;60;80;449.3592834;0;0;69.74832916;
79.27970886;60;80;447.0652161;0;0;69.84833527;
78.71250153;60;80;444.9511108;0;100;69.94833374;
75.65106964;60;80;442.6875;0;100;70.04833221;
72.28064728;60;80;440.6793823;0;100;70.14835358;
68.44585419;60;80;438.6003113;0;100;70.24835205;
65.02729034;60;80;436.7752686;0;100;70.34835052;
61.58019638;60;80;434.8994141;0;100;70.448349;
58.45136642;60;80;433.2563782;0;100;70.54834747;
55.05730057;60;80;431.5710449;0;51.56254959;70.64835358;
53.04734802;60;80;430.1024475;0;0;70.74836731;
52.98161316;60;80;428.5622559;0;0;70.84837341;
52.91680527;60;80;427.1407166;0;0;70.94836426;
52.76535416;60;80;425.6093445;0;0;71.04837799;
52.69100571;60;80;424.2024231;0;0;71.14839172;
52.64258957;60;80;422.6802063;0;0;71.24837494;
52.56837845;60;80;421.2763672;0;0;71.34838104;
52.46708298;60;80;419.7582703;0;0;71.44838715;
52.37929916;60;80;418.3594971;0;0;71.54838562;
52.29206848;60;80;416.8466187;0;0;71.64839172;
52.21098328;60;80;415.4523621;0;0;71.74839783;
52.12084961;60;80;413.944397;0;0;71.8483963;
52.03964233;60;80;412.554657;0.007812738419;0;71.9484024;
51.95377731;60;80;411.0515137;0;0;72.04841614;
51.87217331;60;80;409.6661682;0;0;72.14839935;
51.78331757;60;80;408.1678162;0;0;72.24842072;
51.70150375;60;80;406.7869873;0;0;72.34841919;
51.61352158;60;80;405.2935181;0;0;72.44842529;
51.532444;60;80;403.9171753;0;0;72.54841614;
51.44459152;60;80;402.4285583;0;0;72.64842987;
51.36363983;60;80;401.0567322;0;0;72.74845123;
51.27621841;60;80;399.572998;0;0;72.84843445;
51.19557953;60;80;398.205658;0;0;72.94844055;
51.1083107;60;80;396.7267761;0;0;73.04843903;
51.02789688;60;80;395.3639221;0;0;73.1484375;
50.94092941;60;80;393.8899231;0;0;73.24845123;
50.86107254;60;80;392.5315247;0.03906369209;0;73.34844971;
50.81328964;60;80;391.0622864;0.187505722;0;73.44844818;
50.80660248;60;80;389.7071533;0.2187566757;0;73.54844666;
50.81102371;60;80;388.3522034;0.2187566757;0;73.64847565;
50.81541061;60;80;386.8843079;0.2187566757;0;73.74845886;
50.81879044;60;80;385.4163208;0.2031311989;0;73.8484726;
50.81966019;60;80;384.0611572;0.2031311989;0;73.94846344;
50.82017136;60;80;382.5930481;0.2187566757;0;74.04850006;
50.82314682;60;80;381.237854;0.2187566757;0;74.14849091;
50.82774734;60;80;379.7695923;0.2187566757;0;74.24847412;
50.8321228;60;80;378.4141846;0.2187566757;0;74.34850311;
50.83680725;60;80;376.9456787;0.2187566757;0;74.4484787;
50.84112549;60;80;375.5900269;0.2187566757;0;74.5484848;
50.84584045;60;80;374.1212769;0.2187566757;0;74.64848328;
50.85015869;60;80;372.7653809;0.2187566757;0;74.74849701;
50.85481262;60;80;371.4093933;0.2187566757;0;74.84849548;
50.85914612;60;80;369.9402771;0.2187566757;0;74.94852448;
50.86382294;60;80;368.4710388;0.2187566757;0;75.04850769;
50.86613083;60;80;367.1147156;0.2031311989;0;75.14850616;
50.86877441;60;80;365.6453247;0.2031311989;0;75.2485199;
50.87122726;60;80;364.2889099;0.2187566757;0;75.34851074;
50.87370682;60;80;362.819397;0.2187566757;0;75.44850922;
50.87713623;60;80;361.4628601;0.2187566757;0;75.54852295;
50.88183975;60;80;359.9931641;0.2187566757;0;75.64852142;
50.88634491;60;80;358.6364136;0.2343821526;0;75.74852753;
50.89279175;60;80;357.1664429;0.2343821526;0;75.84855652;
50.90084839;60;80;355.8093567;0.2343821526;0;75.9485321;
50.91001129;60;80;354.3389282;0.2343821526;0;76.04853058;
50.9184227;60;80;352.9813843;0.2343821526;0;76.14854431;
50.92754745;60;80;351.510437;0.2343821526;0;76.24855042;
50.93597412;60;80;350.1524048;0.2343821526;0;76.34856415;
50.95920563;60;80;348.6809387;0.5547044277;0;76.44854736;
51.06349564;60;80;347.3218689;0.8000000119;0;76.54855347;
51.22846603;60;80;345.8461914;0.8084999919;0;76.64855957;
51.40237427;60;80;344.4798279;0.9045000076;0;76.74856567;
51.64176941;60;80;342.9943848;1;0;76.84856415;
51.92819595;60;80;341.6168213;1;0;76.94857025;
52.2422142;60;80;340.1159058;1;0;77.04856873;
52.53076553;60;80;338.7226257;1;0;77.14858246;
52.84409332;60;80;337.2045898;1;0;77.24858093;
53.13412857;60;80;335.7952881;1;0;77.34857941;
53.44829559;60;80;334.2598267;1;0;77.44858551;
53.73829269;60;80;332.8344727;1;0;77.54858398;
54.052742;60;80;331.2815857;1;0;77.64859009;
54.34325409;60;80;329.8401184;1;0;77.74859619;
54.65805435;60;80;328.2698059;1;0;77.84859467;
54.9489975;60;80;326.8121948;1;0;77.9486084;
55.26434326;60;80;325.2243958;1;0;78.0486145;
55.5557518;60;80;323.7506409;1;0;78.14861298;
55.87158203;60;80;322.1453247;1;0;78.24863434;
56.16327667;60;80;320.655426;1;0;78.34860992;
56.47940445;60;80;319.0325623;1;0;78.44861603;
56.77142334;60;80;317.5264282;1;0;78.5486145;
57.08478928;60;80;315.8859863;1;0;78.64862061;
57.37692261;60;80;314.3795166;1;0;78.74866486;
57.69356155;60;80;312.7215881;1;0;78.84863281;
57.98602676;60;80;311.1830444;1;0;78.94863129;
58.3028717;60;80;309.5075073;1;0;79.04862976;
58.5955658;60;80;307.9527283;1;0;79.14765167;
58.91259766;60;80;306.259552;1;0;79.24764252;
59.20540619;60;80;304.6885071;1;0;79.34764862;
59.52262878;60;80;302.9777222;1;0;79.44765472;
59.81566238;60;80;301.3904114;1;0;79.5476532;
60.13328934;60;80;299.6619873;1;0;79.64766693;
60.42653656;60;80;298.0584106;1;0;79.74766541;
60.74428177;60;80;296.3123474;1;0;79.84766388;
61.0377655;60;80;294.6924744;1;0;79.94768524;
61.35574341;60;80;292.9288025;1;0;80.04767609;
61.64933395;60;80;291.2926331;1;0;80.14767456;
61.96770477;60;80;289.511322;1;0;80.24771118;
62.26144409;60;80;287.8588257;1;0;80.34767914;
62.57977295;60;80;286.059845;1;0;80.44769287;
62.82431412;60;80;284.3910522;0.1562547684;0;80.54769897;
62.82367706;60;80;282.5767822;0;0;80.64768982;
62.74740982;60;80;280.9024048;0;0;80.74769592;
62.65830612;60;80;279.0903625;0;0;80.8476944;
62.58080292;60;80;277.4196472;0;0;80.9477005;
62.48300934;60;80;275.6120911;0;0;81.04769897;
62.38508987;60;80;273.946106;0;0;81.14771271;
62.27850723;60;80;272.1441345;0;0;81.24770355;
62.18191147;60;80;270.483429;0;0;81.34771729;
62.07670212;60;80;268.6872559;0;0;81.44773102;
61.97954941;60;80;267.0319519;0;0;81.54772186;
61.87398911;60;80;265.2416077;0;0;81.64772034;
61.77774429;60;80;263.5916443;0;0;81.74777222;
61.67264557;60;80;261.8071289;0;0;81.84773254;
61.57671356;60;80;260.1625671;0;0;81.94773865;
61.47193146;60;80;258.5120239;0;0;82.04773712;
61.37581635;60;80;256.736084;0;0;82.14774323;
61.27177429;60;80;254.9631805;0;0;82.2477417;
61.17595291;60;80;253.3292999;0;0;82.34775543;
61.0723381;60;80;251.5621643;0;0;82.44774628;
60.97677994;60;80;249.9335938;0;0;82.54775238;
60.87346649;60;80;248.1721954;0;0;82.64775848;
60.77823639;60;80;246.5489197;0;0;82.74776459;
60.67525864;60;80;244.7932434;0;0;82.84778595;
60.58041382;60;80;243.1752472;0;0;82.94776917;
60.47779846;60;80;241.5597839;0;0;83.04777527;
60.3832016;60;80;239.8125458;0;0;83.147789;
60.2808342;60;80;238.0682526;0;0;83.24777985;
60.18655396;60;80;236.4607849;0;0;83.34777832;
60.08455658;60;80;234.7221832;0;0;83.44778442;
59.99052811;60;80;233.1199493;0;0;83.5477829;
59.88887787;60;80;231.3870239;0;0;83.647789;
59.79513168;60;80;229.7900085;0;0;83.74780273;
59.69378281;60;80;228.0627441;0;0;83.84780121;
59.60039902;60;80;226.4709473;0;0;83.94779968;
59.49939346;60;80;224.7493286;0;0;84.04780579;
59.39857864;60;80;223.162735;0;0;84.15189362;
59.30547714;60;80;221.4467316;0;0;84.24781036;
59.21246338;60;80;219.8653259;0;0;84.34781647;
59.11187744;60;80;218.1549377;0;0;84.4478302;
59.01919174;60;80;216.5786743;0;0;84.54782867;
58.91888809;60;80;214.8738403;0;0;84.64783478;
58.82640457;60;80;213.3026886;0;0;84.74783325;
58.72649765;60;80;211.6033936;0;0;84.84785461;
58.63470459;60;80;210.0373688;0;0;84.9478302;
58.53544998;60;80;208.3435974;0;0;85.04784393;
58.4438591;60;80;206.7826691;0;0;85.14783478;
58.34486771;60;80;205.0944061;0;0;85.24786377;
58.25369263;60;80;203.538559;0;0;85.34784698;
58.15502167;60;80;201.8558044;0;0;85.44786835;
58.06409836;60;80;200.3050232;0;0;85.54785156;
57.96574783;60;80;198.6277313;0;0;85.64788818;
57.87511063;60;80;197.0820007;0;0;85.7478714;
57.77706528;60;80;195.4101715;0;0;85.84786224;
57.6867218;60;80;193.8694611;0;0;85.94788361;
57.58899307;60;80;192.2030792;0;0;86.04786682;
57.49892044;60;80;190.6673737;0;0;86.14787292;
57.40151215;60;80;189.006424;0;0;86.24790192;
57.31174469;60;80;187.4757233;0;0;86.34788513;
57.21463394;60;80;185.8201752;0;0;86.44792175;
57.12514114;60;80;184.2944641;0;0;86.54790497;
57.02833176;60;80;182.6442871;0;0;86.64788818;
56.93915176;60;80;181.1235504;0;0;86.74789429;
56.84265518;60;80;179.4787598;0;0;86.84789276;
56.75372696;60;80;177.9629669;0;0;86.94792938;
56.65752411;60;80;176.3235321;0;0;87.04790497;
56.56890488;60;80;174.8126831;0;0;87.14794159;
56.47303009;60;80;173.1785889;0;0;87.24791718;
56.38467407;60;80;171.6726685;0;0;87.34792328;
56.28908539;60;80;170.0438995;0;0;87.44791412;
56.20100403;60;80;168.5428772;0;0;87.54793549;
56.10573196;60;80;166.9194183;0;0;87.64792633;
56.01792908;60;80;165.4232941;0;0;87.74793243;
55.92294693;60;80;163.80513;0;0;87.84799957;
55.83543777;60;80;162.3138733;0;0;87.94794464;
55.74075699;60;80;160.7009735;0;0;88.04794312;
55.65350342;60;80;159.2145844;0;0;88.14795685;
55.55912399;60;80;157.6069641;0;0;88.24794769;
55.47215271;60;80;156.125412;0;0;88.34796143;
55.37807465;60;80;154.5230408;0;0;88.44795227;
55.29136276;60;80;153.0463257;0;0;88.54797363;
55.19758987;60;80;151.449173;0;0;88.64796448;
55.1111145;60;80;149.9772797;0;0;88.74797058;
55.01765442;60;80;148.3853302;0;0;88.84797668;
54.93151093;60;80;146.9182587;0;0;88.94796753;
54.83830643;60;80;145.3315125;0;0;89.04798126;
54.75239944;60;80;143.8692169;0;0;89.14797974;
54.65949631;60;80;142.2876434;0;0;89.24797821;
54.57389069;60;80;140.8301239;0;0;89.34797668;
54.48125458;60;80;139.2537384;0;0;89.44798279;
54.39590454;60;80;137.8009796;0;0;89.54798889;
54.30356598;60;80;136.2297363;0;0;89.647995;
54.2184639;60;80;134.781723;0;0;89.74799347;
54.12644958;60;80;133.2156219;0;0;89.8480072;
54.04161835;60;80;131.7723389;0;0;89.94799805;
53.94988251;60;80;130.2113495;0;0;90.04800415;
53.86531067;60;80;128.7727966;0;0;90.14801788;
53.77383423;60;80;127.3365021;0;0;90.24800873;
53.68955612;60;80;125.7830582;0;0;90.34801483;
53.59837723;60;80;124.232254;0;0;90.44802094;
53.51435089;60;80;122.8030777;0;0;90.54801941;
53.42343903;60;80;121.2573395;0;0;90.64803314;
53.33967209;60;80;119.8328247;0;0;90.74803162;
53.2490654;60;80;118.2921295;0;0;90.84804535;
53.16553879;60;80;116.8722763;0;0;90.94802856;
53.07520294;60;80;115.3366089;0;0;91.0480423;
52.99194336;60;80;113.9213867;0;0;91.14804077;
52.9018898;60;80;112.3907394;0;0;91.24803925;
52.81888962;60;80;110.9801407;0;0;91.34804535;
52.72911453;60;80;109.4544907;0;0;91.44805145;
52.6463623;60;80;108.0485001;0;0;91.54806519;
52.55687332;60;80;106.527832;0;0;91.64805603;
52.47438431;60;80;105.126442;0;0;91.74806213;
52.38515854;60;80;103.6107483;0;0;91.84806061;
52.30292892;60;80;102.2139282;0;0;91.94807434;
52.213974;60;80;100.7031937;0;0;92.04806519;
52.13198471;60;80;99.3109436;0;0;92.14808655;
52.04329681;60;80;97.80514526;0;0;92.24807739;
51.96157074;60;80;96.41744995;0;0;92.34809113;
51.87317276;60;80;94.91657257;0;0;92.4480896;
51.79167938;60;80;93.53341675;0;0;92.54811096;
51.71920776;60;80;92.0374527;0.4922025204;0;92.64810181;
51.79688263;60;80;90.65815735;0.8000000119;0;92.74813843;
51.96007919;60;80;89.16117096;0.8000000119;0;92.84812164;
52.12576675;60;80;87.77528381;0.8824999928;0;92.94810486;
52.3516655;60;80;86.26908875;0.9865000248;0;93.04812622;
52.62800217;60;80;84.87277222;1;0;93.14810944;
52.94337463;60;80;83.35171509;1;0;93.2481308;
53.23243713;60;80;81.93980408;1;0;93.34811401;
53.54607773;60;80;80.40164948;1;0;93.44814301;
53.83670044;60;80;78.97374725;1;0;93.54812622;
54.15152359;60;80;77.41815186;1;0;93.64812469;
54.44208527;60;80;75.97418213;1;0;93.7481308;
54.75709152;60;80;74.40114594;1;0;93.84815216;
55.04818726;60;80;72.94104767;1;0;93.94813538;
55.36373138;60;80;71.35053253;1;0;94.04814911;
55.65513611;60;80;69.87428284;1;0;94.14815521;
55.97108841;60;80;68.26625061;1;0;94.24815369;
56.26290512;60;80;66.77381897;1;0;94.34814453;
56.5791626;60;80;65.14825439;1;0;94.44817352;
56.87123871;60;80;63.63962555;1;0;94.54815674;
57.18774414;60;80;61.99650574;1;0;94.64816284;
57.47997284;60;80;60.47167206;1;0;94.74816132;
57.7967453;60;80;58.81098175;1;0;94.84817505;
58.08921432;60;80;57.26993179;1;0;94.94816589;
58.40621948;60;80;55.59167099;1;0;95.04817963;
58.69886017;60;80;54.03439331;1;0;95.1481781;
59.01617813;60;80;52.33854675;1;0;95.24819946;
59.30901337;60;80;50.76503754;1;0;95.34818268;
59.62646866;60;80;49.05160522;1;0;95.44818878;
59.91957855;60;80;47.46185684;1;0;95.54827118;
60.23678589;60;80;45.73083115;1;0;95.64819336;
60.5291481;60;80;44.1248436;1;0;95.74819183;
60.84646606;60;80;42.37621689;1;0;95.84820557;
61.1391716;60;80;40.75394058;1;0;95.94820404;
61.45647049;60;80;38.98762894;1;0;96.04821777;
61.746315;60;80;37.34899902;1;0;96.14820862;
62.06355286;60;80;35.58215714;1;0;96.24821472;
62.35656357;60;80;33.92725372;1;0;96.3482132;
62.67396545;60;80;32.12557602;1;0;96.44824219;
62.96730042;60;80;30.44559479;1;0;96.5482254;
63.28485489;60;80;28.63492584;1;0;96.64722443;
63.57830811;60;80;26.94731331;1;0;96.74723816;
63.89701462;60;80;25.10136414;1;0;96.847229;
64.19088745;60;80;23.40627289;1;0;96.94723511;
64.51035309;60;80;21.54249001;1;0;97.04724121;
64.80480957;60;80;19.82216263;1;0;97.14724731;
65.12394714;60;80;17.94965363;1;0;97.24724579;
65.41779327;60;80;16.21297073;1;0;97.34725952;
65.58927917;60;80;14.32271862;1;0;97.44726563;
66.05143738;60;80;12.49508667;1;0;97.54724884;
66.16112518;60;80;10.88188934;1;0;97.64726257;
66.63111115;60;80;8.81788063;1;0;97.74728394;
66.9261322;60;80;7.040093899;1;0;97.84726715;
67.25231934;60;80;5.106891155;1;0;97.94727325;
67.54891968;60;80;3.313945055;1;0;98.04729462;
67.86586761;80;50;1.363966942;1;0;98.14727783;
68.16024017;80;50;2045.182251;1;0;98.24727631;
68.4811554;80;50;2043.540283;1;0;98.34728241;
68.77695465;80;50;2042.016846;1;0;98.44728088;
69.09707642;80;50;2040.359253;1;0;98.54728699;
69.39279938;80;50;2038.822998;1;0;98.64730072;
69.71339417;80;50;2037.152222;1;0;98.74729156;
70.00935364;80;50;2035.604126;1;0;98.84729767;
70.33001709;80;50;2033.920898;1;0;98.9473114;
70.62608337;80;50;2032.361572;1;0;99.04730225;
70.94690704;80;50;2030.66626;1;0;99.14732361;
71.24313354;80;50;2029.095703;1;0;99.24731445;
71.56409454;80;50;2027.519775;1;0;99.34731293;
71.86058044;80;50;2025.806519;1;0;99.44731903;
72.18165588;80;50;2024.087036;1;0;99.54732513;
72.47808838;80;50;2022.494019;1;0;99.64732361;
72.7993927;80;50;2020.761841;1;0;99.74733734;
73.09603119;80;50;2019.156494;1;0;99.84732819;
73.4174118;80;50;2017.409912;1;0;99.94734192;
73.7141037;80;50;2015.790894;1;0;100.0473404;
74.03559113;80;50;2014.029297;1;0;100.1473541;
74.33241272;80;50;2012.39624;1;0;100.2473526;
74.65402222;80;50;2010.619385;1;0;100.3473816;
74.95116425;80;50;2008.972046;1;0;100.4473572;
75.27357483;80;50;2007.179932;1;0;100.5473557;
75.57171631;80;50;2005.518555;1;0;100.6473618;
75.89546204;80;50;2003.71106;1;0;100.7473679;
76.19423676;80;50;2002.035889;1;0;100.8473663;
76.51847839;80;50;2000.214355;1;0;100.9473724;
76.81839752;80;50;1998.527344;1;0;101.0473709;
77.14376831;80;50;1996.694092;1;0;101.1473846;
77.44444275;80;50;1994.996826;1;0;101.2473831;
77.77067566;80;50;1993.152954;1;0;101.3473816;
78.07230377;80;50;1991.446045;1;0;101.4473801;
78.39954376;80;50;1989.591675;1;0;101.5473938;
78.70205688;80;50;1987.875366;1;0;101.6473999;
79.03029633;80;50;1986.154419;1;0;101.7473984;
79.33404541;80;50;1984.285034;1;0;101.8473969;
79.66340637;80;50;1982.410278;1;0;101.947403;
79.96788788;80;50;1980.674805;1;0;102.0474091;
80.29859161;80;50;1978.78894;1;0;102.1474152;
80.60421753;80;50;1977.04248;1;0;102.2474136;
80.93583679;80;50;1975.144165;1;0;102.3474274;
81.24208069;80;50;1973.385742;1;0;102.4474182;
81.57440186;80;50;1971.474121;1;0;102.5474319;
81.88134766;80;50;1969.703247;1;0;102.6474228;
82.21405792;80;50;1967.777466;1;0;102.747467;
82.52127075;80;50;1965.992065;1;0;102.8474579;
82.85519409;80;50;1964.048828;1;0;102.9474564;
83.16358948;80;50;1962.246704;1;0;103.0474472;
83.49775696;80;50;1960.284668;1;0;103.1474609;
83.80728912;80;50;1958.464844;0.9624999762;0;103.2474442;
84.11746979;80;50;1956.483521;0.8000000119;0;103.3474579;
84.34771729;80;50;1954.646484;0.8075000048;0;103.4474564;
84.58283234;80;50;1952.64856;0.9114999771;0;103.5474548;
84.79486084;80;50;1950.797363;0.4609515667;0;103.6474762;
84.80565643;80;50;1948.78479;0;0;103.7474594;
84.69921875;80;50;1946.925171;0;0;103.8474655;
84.55387878;80;50;1944.910889;0;0;103.9474716;
84.4198761;80;50;1943.05188;0;0;104.0474701;
84.2749939;80;50;1941.038574;0;0;104.1474838;
84.13986969;80;50;1939.180786;0;0;104.2474823;
83.99329376;80;50;1937.168701;0;0;104.3474808;
83.8586731;80;50;1935.31189;0;0;104.4474869;
83.71324158;80;50;1933.300903;0;0;104.547493;
83.57912445;80;50;1931.445313;0;0;104.6474915;
83.43402863;80;50;1929.435547;0;0;104.7474976;
83.30036926;80;50;1927.580933;0;0;104.8475037;
83.1558609;80;50;1925.572388;0;0;104.9475021;
83.0226593;80;50;1923.718994;0;0;105.0475006;
82.87937927;80;50;1921.71167;0;0;105.1475067;
82.74801636;80;50;1919.859619;0;0;105.2475128;
82.60364532;80;50;1917.85437;0;0;105.3475266;
82.46622467;80;50;1916.005615;0;0;105.4475174;
82.31362915;80;50;1914.008179;0;0;105.5475311;
82.17059326;80;50;1912.172241;0;0;105.647522;
82.01269531;80;50;1910.194946;0;0;105.7475281;
81.86637878;80;50;1908.382813;0;0;105.8475342;
81.7068634;80;50;1906.435425;0;0;105.9475327;
81.56158447;80;50;1904.653198;0;0;106.0475388;
81.41162109;80;50;1902.739746;0;0;106.1475372;
81.27838135;80;50;1900.989258;0;0;106.2475739;
81.13716888;80;50;1899.253174;0;0;106.3475494;
81.00850677;80;50;1897.386475;0;0;106.4475479;
80.86972046;80;50;1895.531616;0;0;106.547554;
80.74177551;80;50;1893.827637;0;0;106.6475677;
80.60353851;80;50;1891.988525;0;0;106.7475586;
80.47616577;80;50;1890.296021;0;0;106.8475647;
80.33757019;80;50;1888.467285;0;0;106.9475708;
80.20924377;80;50;1886.782715;0;0;107.0475769;
80.06963348;80;50;1884.960449;0;0;107.1475906;
79.93972778;80;50;1883.279663;0;0;107.2475739;
79.79888916;80;50;1881.598999;0;0;107.34758;
79.66828918;80;50;1879.777466;0;0;107.4476013;
79.52659607;80;50;1877.954224;0;0;107.5476151;
79.39663696;80;50;1876.269165;0;0;107.6475906;
79.25887299;80;50;1874.440918;0;0;107.7475967;
79.13330078;80;50;1872.750977;0;0;107.8476105;
78.99777222;80;50;1870.918335;0;0;107.9476013;
78.87294006;80;50;1869.226318;0;0;108.0476151;
78.73796844;80;50;1867.394653;0;0;108.1476212;
78.61360931;80;50;1865.706543;0;0;108.247612;
78.47915649;80;50;1863.881104;0;0;108.3476181;
78.35507202;80;50;1862.199829;0;0;108.4476242;
78.24455261;80;50;1860.382935;0.187505722;0;108.5476227;
78.20257568;80;50;1858.709229;0.4609515667;0;108.6476517;
78.25389099;80;50;1856.898682;0.9062776566;0;108.7476273;
78.43488312;80;50;1855.227783;1;0;108.8476334;
78.6626358;80;50;1853.414917;1;0;108.9476471;
78.86917877;80;50;1851.738892;1;0;109.0476532;
79.09317017;80;50;1849.920044;1;0;109.147644;
79.30149078;80;50;1848.238159;1;0;109.2476501;
79.52697754;80;50;1846.412964;1;0;109.3476486;
79.73454285;80;50;1844.72522;1;0;109.4476547;
79.95929718;80;50;1842.893677;1;0;109.5476608;
80.16722107;80;50;1841.200195;1;0;109.6476593;
80.39198303;80;50;1839.362427;1;0;109.747673;
80.59934998;80;50;1837.663208;1;0;109.8476715;
80.82411194;80;50;1835.961182;1;0;109.9476929;
81.0315094;80;50;1834.114258;1;0;110.0476761;
81.25611877;80;50;1832.26416;1;0;110.1477051;
81.46336365;80;50;1830.553711;1;0;110.2476883;
81.68784332;80;50;1828.697632;1;0;110.3476868;
81.89500427;80;50;1826.981567;1;0;110.4477005;
82.11933899;80;50;1825.262817;1;0;110.547699;
82.32637787;80;50;1823.389038;1;0;110.6476974;
82.55075836;80;50;1821.67395;1;0;110.7477036;
82.75749207;80;50;1819.803345;1;0;110.847702;
82.98170471;80;50;1817.929688;1;0;110.9477615;
83.18847656;80;50;1816.197388;1;0;111.0477219;
83.41230774;80;50;1814.317383;1;0;111.1477051;
83.61881256;80;50;1812.578369;1;0;111.2477417;
83.842453;80;50;1810.689697;1;0;111.3477402;
84.04875183;80;50;1808.932617;1;0;111.4477234;
84.27320862;80;50;1807.042603;1;0;111.5477219;
84.4793396;80;50;1805.275391;1;0;111.647728;
84.70249176;80;50;1803.365234;1;0;111.7477417;
84.90872192;80;50;1801.596802;1;0;111.8477478;
85.13165283;80;50;1799.675415;1;0;111.9477386;
85.33738708;80;50;1797.896606;1;0;112.0477371;
85.5605011;80;50;1795.963989;1;0;112.1477432;
85.76651001;80;50;1794.174927;1;0;112.2477493;
85.98947906;80;50;1792.231201;1;0;112.3477554;
86.19532776;80;50;1790.432373;1;0;112.4477539;
86.41828918;80;50;1788.62915;1;0;112.54776;
86.62412262;80;50;1786.671021;1;0;112.6477661;
86.84670258;80;50;1784.70813;1;0;112.7477646;
87.05238342;80;50;1782.891968;1;0;112.8477859;
87.27514648;80;50;1780.920044;1;0;112.9477692;
87.48059082;80;50;1779.095703;1;0;113.0477753;
87.70307159;80;50;1777.114746;1;0;113.147789;
87.90840149;80;50;1775.282227;1;0;113.2477798;
88.13076782;80;50;1773.292358;1;0;113.3477936;
88.33594513;80;50;1771.451538;1;0;113.4477844;
88.55813599;80;50;1769.452881;1;0;113.5477982;
88.7610321;80;50;1767.604004;1;0;113.6478043;
88.98287201;80;50;1765.615845;1;0;113.7478027;
89.18801117;80;50;1763.758789;1;0;113.8478012;
89.41014099;80;50;1761.742676;1;0;113.9478073;
89.61457062;80;50;1759.87793;1;0;114.0478134;
89.8359375;80;50;1757.854492;1;0;114.1468201;
90.04033661;80;50;1755.984497;1;0;114.2468109;
90.26156616;80;50;1753.957031;1;0;114.3468246;
90.46557617;80;50;1752.084229;1;0;114.4468231;
90.68651581;80;50;1750.210571;1;0;114.5468216;
90.89056396;80;50;1748.17981;1;0;114.6468277;
91.11097717;80;50;1746.304443;1;0;114.7468719;
91.31476593;80;50;1744.272095;1;0;114.8468399;
91.53536224;80;50;1742.239136;1;0;114.9468613;
91.7388382;80;50;1740.361938;1;0;115.0468445;
91.95922089;80;50;1738.327759;1;0;115.1468506;
92.16256714;80;50;1736.449585;1;0;115.2468491;
92.38276672;80;50;1734.414429;1;0;115.3468552;
92.58594513;80;50;1732.5354;1;0;115.4468536;
92.80596924;80;50;1730.499512;1;0;115.5468674;
93.00898743;80;50;1728.619873;1;0;115.6468735;
93.22853088;80;50;1726.583252;1;0;115.7468796;
93.43177795;80;50;1724.703125;1;0;115.8468704;
93.65148163;80;50;1722.666138;1;0;115.9468765;
93.85399628;80;50;1720.785767;1;0;116.046875;
94.07344818;80;50;1718.748535;1;0;116.1468811;
94.27601624;80;50;1716.86792;1;0;116.2468872;
94.49537659;80;50;1714.830688;1;0;116.3468933;
94.69828033;80;50;1712.950073;1;0;116.4468842;
94.91799164;80;50;1710.912598;1;0;116.5469055;
95.12006378;80;50;1709.030884;1;0;116.646904;
95.33831024;80;50;1707.146973;1;0;116.7469177;
95.53923798;80;50;1705.101807;1;0;116.8469162;
95.75654602;80;50;1703.208252;1;0;116.946907;
95.95650482;80;50;1701.150024;1;0;117.0469131;
96.17276764;80;50;1699.08374;1;0;117.1469193;
96.37269592;80;50;1697.168945;1;0;117.2469177;
96.58917236;80;50;1695.086304;1;0;117.3469315;
96.78888702;80;50;1693.156128;1;0;117.4469223;
97.00531769;80;50;1691.056519;1;0;117.5469284;
97.2047348;80;50;1689.110596;1;0;117.6469269;
97.42203522;80;50;1686.994019;1;0;117.746933;
97.62204742;80;50;1685.032227;1;0;117.8469315;
97.83831024;80;50;1683.062988;1;0;117.9469376;
98.03643036;80;50;1680.920898;1;0;118.0469437;
98.24856567;80;50;1678.935303;1;0;118.1469421;
98.44268799;80;50;1676.774902;1;0;118.2469482;
98.65158844;80;50;1674.77063;1;0;118.3469696;
98.84351349;80;50;1672.587036;1;0;118.4469681;
99.05101776;80;50;1670.559082;1;0;118.5469666;
99.24216461;80;50;1668.348267;1;0;118.646965;
99.44978333;80;50;1666.294312;1;0;118.7469635;
99.64559937;80;50;1664.054688;1;0;118.8469772;
99.8600235;80;50;1661.974243;1;0;118.9469833;
100.0586548;80;50;1659.706909;1;0;119.0469742;
100.2752075;80;50;1657.602905;1;0;119.1469803;
100.4754333;80;50;1655.312744;1;0;119.2469864;
100.6923599;80;50;1653.189697;1;0;119.3469925;
100.893074;80;50;1650.880249;1;0;119.446991;
101.1108551;80;50;1648.73999;1;0;119.5469894;
101.3119431;80;50;1646.412598;1;0;119.6470108;
101.5298004;80;50;1644.255859;1;0;119.7470016;
101.7310104;80;50;1641.910767;1;0;119.8470154;
101.9490662;80;50;1639.737915;1;0;119.9470062;
102.1503677;80;50;1637.375122;1;0;120.04702;
102.3674622;80;50;1635.186035;1;0;120.1470184;
102.5655136;80;50;1632.805542;1;0;120.2470245;
102.7794037;80;50;1630.599731;1;0;120.3470764;
102.9758301;80;50;1628.199829;1;0;120.4470367;
103.1877975;80;50;1625.974243;0.8437757492;0;120.5470276;
103.2565536;80;50;1623.551392;0;0;120.6470337;
103.1352539;80;50;1621.306763;0;0;120.7470322;
102.9661865;80;50;1618.869995;0;0;120.8470459;
102.7737656;80;50;1616.616455;0;0;120.9470444;
102.5965729;80;50;1614.17041;0;0;121.0470505;
102.4032745;80;50;1611.907837;0;0;121.147049;
102.2237625;80;50;1609.451538;0;0;121.2470627;
102.0313797;80;50;1607.179321;0;0;121.3470612;
101.8595352;80;50;1604.712524;0;0;121.447052;
101.6768951;80;50;1602.430908;0;0;121.5470657;
101.5100708;80;50;1599.954956;0;0;121.6470718;
101.3310776;80;50;1597.666992;0;0;121.7470779;
101.1667175;80;50;1595.187378;0;0;121.8470764;
100.9889221;80;50;1592.898926;0;0;121.9470825;
100.8252182;80;50;1590.421387;0;0;122.0470734;
100.6484375;80;50;1588.136719;0;0;122.1471024;
100.4856262;80;50;1585.664795;0;0;122.2470779;
100.3095932;80;50;1583.38623;0;0;122.347084;
100.1473541;80;50;1580.921753;0;0;122.4470901;
99.97088623;80;50;1578.650513;0;0;122.5471039;
99.80722809;80;50;1576.19397;0;0;122.6470947;
99.62993622;80;50;1573.929688;0;0;122.7471008;
99.46575165;80;50;1571.479248;0;0;122.8470993;
99.28759766;80;50;1569.218628;0;0;122.9471054;
99.12329102;80;50;1566.770508;0;0;123.0471115;
98.94394684;80;50;1564.510986;0;0;123.14711;
98.77518463;80;50;1562.062866;0;0;123.2471237;
98.59144592;80;50;1559.80249;0;0;123.3471298;
98.42131042;80;50;1557.352539;0;0;123.4471283;
98.23586273;80;50;1555.088623;0;0;123.5471497;
98.06446075;80;50;1552.632935;0;0;123.6471329;
97.87799835;80;50;1550.362671;0;0;123.7471542;
97.70760345;80;50;1547.899292;0;0;123.8471375;
97.52217102;80;50;1545.62146;0;0;123.9471359;
97.35129547;80;50;1543.14978;0;0;124.047142;
97.16645813;80;50;1540.864258;0;0;124.1471481;
96.99615479;80;50;1538.384155;0;0;124.2471619;
96.81341553;80;50;1536.091064;0;0;124.3471527;
96.64949036;80;50;1533.602905;0;0;124.4471817;
96.47416687;80;50;1531.302612;0;0;124.5471878;
96.31365967;80;50;1528.807617;0.03906369209;0;124.647171;
96.16659546;80;50;1526.502319;0.0859401226;0;124.7471695;
96.05909729;80;50;1524.00293;0.1562547684;0;124.8471832;
95.96911621;80;50;1521.693726;0.187505722;0;124.9471741;
95.90473938;80;50;1519.189575;0.2187566757;0;125.0471725;
95.84598541;80;50;1516.875854;0.2187566757;0;125.1471863;
95.79627991;80;50;1514.367188;0.2343821526;0;125.2472076;
95.74648285;80;50;1512.050781;0.2031311989;0;125.3472061;
95.69864655;80;50;1509.589355;0.187505722;0;125.4471893;
95.64016724;80;50;1507.080322;0.187505722;0;125.5471878;
95.58333588;80;50;1504.765503;0.187505722;0;125.6471939;
95.52046204;80;50;1502.259155;0.2031311989;0;125.7472;
95.46379852;80;50;1499.947144;0.2031311989;0;125.8471985;
95.40322113;80;50;1497.443604;0.2031311989;0;125.9472046;
95.34539795;80;50;1495.132813;0.2031311989;0;126.0472107;
95.2796402;80;50;1492.628784;0.2031311989;0;126.1472168;
95.21727753;80;50;1490.315796;0.2031311989;0;126.2472153;
95.14830017;80;50;1487.7948;0.2031311989;0;126.347229;
95.08442688;80;50;1485.487305;0.2031311989;0;126.4472198;
95.00526428;80;50;1482.957642;0.03906369209;0;126.5472412;
94.88999176;80;50;1480.629395;0;0;126.6472321;
94.72853088;80;50;1478.10437;0;0;126.7472458;
94.57279968;80;50;1475.772339;0;0;126.8472366;
94.40505219;80;50;1473.245605;0;0;126.9473877;
94.25026703;80;50;1470.913452;0;0;127.0472412;
94.08262634;80;50;1468.387573;0;0;127.1472473;
93.92845917;80;50;1466.056641;0;0;127.247261;
93.76202393;80;50;1463.532593;0;0;127.3472748;
93.60871887;80;50;1461.203735;0;0;127.447258;
93.44293976;80;50;1458.682007;0;0;127.5472641;
93.28858185;80;50;1456.355469;0;6.347849846;127.6472626;
92.79503632;80;50;1453.836792;0;71.09439087;127.7472763;
90.65805054;80;50;1451.524902;0;100;127.8472672;
87.1072464;80;50;1449.084351;0;100;127.9472733;
83.62289429;80;50;1446.913208;0;100;128.0472717;
79.85475159;80;50;1444.652588;0;100;128.1472778;
76.62253571;80;50;1442.651978;0;100;128.2472839;
73.23826599;80;50;1440.572632;0;89.84496307;128.34729;
70.10266113;80;50;1438.7323;0;41.66539383;128.4472961;
67.97463989;80;50;1436.824219;0;0;128.5473022;
67.87940979;80;50;1435.102295;0;0;128.6472931;
67.7840271;80;50;1433.231934;0;0;128.7472992;
67.60605621;80;50;1431.508545;0;0;128.8473053;
67.50021362;80;50;1429.645264;0.2343821526;0;128.9473114;
67.51753998;80;50;1427.924561;0.4218878746;0;129.0473175;
67.56208038;80;50;1426.057495;0.4609515667;0;129.1473236;
67.60337067;80;50;1424.331421;0.5547044277;0;129.2473145;
67.70375824;80;50;1422.458252;0.8437757492;0;129.3473206;
67.85661316;80;50;1420.724487;0.6484572887;0;129.4473267;
67.97013855;80;50;1418.84021;0.6328318119;0;129.5473328;
68.07804871;80;50;1417.096558;0.6953337193;0;129.6473236;
68.2016983;80;50;1415.202637;0.6328318119;0;129.7473297;
68.30513;80;50;1413.450317;0.6172063351;0;129.8473358;
68.41149902;80;50;1411.548828;0.5703299046;0;129.9473419;
68.49479675;80;50;1409.791382;0.5390789509;0;130.047348;
68.57527161;80;50;1407.885864;0.5078279972;0;130.1473389;
68.64393616;80;50;1406.125977;0.5078279972;0;130.247345;
68.71813202;80;50;1404.218628;0.523453474;0;130.3473511;
68.78787994;80;50;1402.457153;0.5078279972;0;130.4473572;
68.86173248;80;50;1400.547729;0.5078279972;0;130.5473633;
68.92967224;80;50;1398.783691;0.5078279972;0;130.6473694;
69.00323486;80;50;1396.870605;0.5078279972;0;130.7473755;
69.06955719;80;50;1395.102539;0.4922025204;0;130.8473969;
69.13915253;80;50;1393.184814;0.4922025204;0;130.9473877;
69.20059967;80;50;1391.412231;0.4922025204;0;131.0473785;
69.26644135;80;50;1389.50769;0.4922025204;0;131.1473846;
69.33299255;80;50;1387.729492;0.4922025204;0;131.2474213;
69.39429474;80;50;1385.799805;0.4922025204;0;131.3473816;
69.46053314;80;50;1384.015381;0.4922025204;0;131.447403;
69.5215683;80;50;1382.078735;0.4922025204;0;131.5473938;
69.58216858;80;50;1380.287842;0.4765770435;0;131.6464081;
69.64558411;80;50;1378.344116;0.4922025204;0;131.7463989;
69.70375061;80;50;1376.546631;0.4765770435;0;131.8464203;
69.76403809;80;50;1374.595703;0.4922025204;0;131.9464264;
69.82138824;80;50;1372.791138;0.4922025204;0;132.0464172;
69.88381195;80;50;1370.832031;0.4922025204;0;132.1464233;
69.93922424;80;50;1369.019775;0.4922025204;0;132.2464294;
69.99993896;80;50;1367.052368;0.4922025204;0;132.3464355;
70.05706787;80;50;1365.2323;0.4922025204;0;132.4464417;
70.11625671;80;50;1363.25647;0.4765770435;0;132.5464325;
70.16891479;80;50;1361.428955;0.4765770435;0;132.6464386;
70.22724152;80;50;1359.44519;0.4765770435;0;132.7464447;
70.28318024;80;50;1357.610352;0.4922025204;0;132.8464661;
70.34748077;80;50;1355.618896;0.4922025204;0;132.9464417;
70.40809631;80;50;1353.777466;0.4922025204;0;133.0464478;
70.4743042;80;50;1351.779297;0.4922025204;0;133.1464539;
70.53540039;80;50;1349.932129;0.4922025204;0;133.24646;
70.59906769;80;50;1347.928223;0.4765770435;0;133.3464661;
70.6614151;80;50;1346.075928;0.4922025204;0;133.4464722;
70.72075653;80;50;1344.066528;0.4765770435;0;133.546463;
70.77766418;80;50;1342.209351;0.4765770435;0;133.6464691;
70.83877563;80;50;1340.194702;0.4765770435;0;133.7464752;
70.8951416;80;50;1338.332764;0.4765770435;0;133.8464813;
70.95619202;80;50;1336.31311;0.4765770435;0;133.9464722;
71.01249695;80;50;1334.446411;0.4765770435;0;134.0464783;
71.07341766;80;50;1332.421631;0.4765770435;0;134.1464844;
71.13069916;80;50;1330.550293;0.4922025204;0;134.2465057;
71.19602203;80;50;1328.520508;0.4922025204;0;134.3464966;
71.26174164;80;50;1326.644409;0.4922025204;0;134.4464874;
71.32229614;80;50;1324.609497;0.4922025204;0;134.5465088;
71.38278198;80;50;1322.728638;0.4922025204;0;134.6464996;
71.44830322;80;50;1320.688354;0.4922025204;0;134.746521;
71.50873566;80;50;1318.802734;0.4922025204;0;134.8465118;
71.56480408;80;50;1316.757446;0.2343821526;0;134.9465179;
71.52755737;80;50;1314.867554;0;0;135.0465088;
71.41563416;80;50;1312.820679;0;0;135.1465302;
71.29993439;80;50;1310.933228;0;0;135.246521;
71.17560577;80;50;1308.890625;0;0;135.3465271;
71.04481506;80;50;1307.007446;0;26.58619881;135.4465332;
70.53452301;80;50;1304.970337;0;78.51649475;135.5465393;
68.72543335;80;50;1303.105225;0;100;135.6465302;
65.24983978;80;50;1301.144897;0;100;135.7465363;
61.82416153;80;50;1299.422119;0;100;135.8465424;
58.07375717;80;50;1297.652832;0;100;135.9465485;
54.83151245;80;50;1296.112061;0;49.99847412;136.0465546;
52.19695282;80;50;1294.538818;0;0;136.1465759;
52.09255219;80;50;1293.145996;0;0;136.2465515;
52.0316925;80;50;1291.637451;0;0;136.3465576;
51.88393021;80;50;1290.251099;0;0;136.4465637;
51.80052185;80;50;1288.756104;0;0;136.5465698;
51.75396729;80;50;1287.378174;0;0;136.6465607;
51.67821121;80;50;1285.886353;0;0;136.746582;
51.58625031;80;50;1284.511353;0;0;136.8465729;
51.4902916;80;50;1283.02417;0;0;136.946579;
51.40911102;80;50;1281.653442;0;0;137.0465851;
51.32171249;80;50;1280.170654;0;0;137.1465912;
51.2389183;80;50;1278.803955;0;0;137.246582;
51.14923859;80;50;1277.325562;0;0;137.3465881;
51.06056976;80;50;1275.963013;0;0;137.4465942;
50.9789238;80;50;1274.489014;0;0;137.5466156;
50.89714432;80;50;1273.130615;0;0;137.6466064;
50.8086853;80;50;1271.661255;0;0;137.7466125;
50.72723389;80;50;1270.307007;0;0;137.8466187;
50.63801575;80;50;1268.842163;0;0;137.9466095;
50.55664444;80;50;1267.49231;0;0;138.0466156;
50.46884155;80;50;1266.032104;0;0;138.1466217;
50.38790512;80;50;1264.686523;0;0;138.2466278;
50.29932022;80;50;1263.231079;0;0;138.3466187;
49.78873062;80;50;1261.891846;0;0;138.4466248;
49.87480164;80;50;1260.457153;0;0;138.5466309;
49.84644318;80;50;1259.125854;0;0;138.6466522;
49.81471634;80;50;1257.68335;0;0;138.7466431;
49.75606537;80;50;1256.356567;0;0;138.8466492;
49.67292404;80;50;1254.922241;0;0;138.94664;
49.59318924;80;50;1253.599365;0;0;139.0466614;
49.50764465;80;50;1252.168457;0;0;139.1466675;
49.42991638;80;50;1250.849854;0;0;139.2466736;
49.34620667;80;50;1249.423462;0;0;139.3466644;
49.26341629;80;50;1248.108765;0;0;139.4466705;
49.18764496;80;50;1246.686523;0;0;139.5466766;
49.11221313;80;50;1245.375732;0;0;139.6466675;
49.03087997;80;50;1243.957764;0;0;139.7466736;
48.95619965;80;50;1242.650757;0;0;139.8466797;
48.87572479;80;50;1241.237061;0;0;139.9467163;
48.80181885;80;50;1239.93396;0;0;140.0466766;
48.72215271;80;50;1238.524536;0;0;140.1466827;
48.64897919;80;50;1237.225464;0;0;140.2466888;
48.57011032;80;50;1235.82019;0;0;140.3466949;
48.49768066;80;50;1234.525024;0;0;140.446701;
48.41959381;80;50;1233.124146;0;0;140.5466919;
48.34788895;80;50;1231.832886;0;0;140.646698;
48.27057648;80;50;1230.436279;0;0;140.7467041;
48.19958115;80;50;1229.149048;0;0;140.8467102;
48.12304688;80;50;1227.756836;0;0;140.9467163;
48.05274582;80;50;1226.473633;0;0;141.0467224;
47.9769783;80;50;1225.085693;0;0;141.1467285;
47.90700912;80;50;1223.799805;0;0;141.2467499;
47.83234406;80;50;1222.422974;0;0;141.3467407;
47.6521492;80;50;1221.148193;0;0;141.4467468;
47.58359909;80;50;1219.767822;0;0;141.5467377;
47.54547882;80;50;1218.504883;0;0;141.6467285;
47.51471329;80;50;1217.122925;0;0;141.7467499;
47.44794083;80;50;1215.856201;0;0;141.8467407;
47.36766815;80;50;1214.486328;0;0;141.9467468;
47.29121017;80;50;1213.223511;0;0;142.0467529;
47.20641327;80;50;1211.858398;0;0;142.146759;
47.14583588;80;50;1210.600098;0;0;142.2467651;
47.08652496;80;50;1209.238403;0;0;142.346756;
47.01182556;80;50;1207.983521;0;0;142.4467621;
46.93968582;80;50;1206.626465;0;0;142.5467682;
46.87633896;80;50;1205.37561;0;0;142.6467896;
46.81090546;80;50;1204.022461;0;0;142.7467804;
46.74563599;80;50;1202.775391;0;0;142.8467712;
46.67366791;80;50;1201.426514;0;0;142.9467773;
46.61058044;80;50;1200.183228;0;0;143.0467834;
46.54318237;80;50;1198.838379;0;0;143.1468048;
46.47973633;80;50;1197.598877;0;0;143.2467957;
46.41102219;80;50;1196.258179;0;0;143.3468018;
46.34342194;80;50;1195.022583;0;0;143.4468231;
46.28174973;80;50;1193.685913;0;0;143.5467987;
46.21968079;80;50;1192.453979;0;0;143.6468048;
46.15267944;80;50;1191.121582;0;0;143.7468109;
46.08633423;80;50;1189.893433;0;0;143.846817;
46.02560425;80;50;1188.564941;0;0;143.9468231;
45.96484756;80;50;1187.340576;0;0;144.046814;
45.89928436;80;50;1186.016235;0;0;144.1468201;
45.83911896;80;50;1184.795532;0;0;144.2468109;
45.77428436;80;50;1183.47522;0;0;144.3468323;
45.70984268;80;50;1182.258301;0;0;144.4468384;
45.65081406;80;50;1180.942017;0;0;144.5468597;
45.59181976;80;50;1179.728882;0;0;144.6468353;
45.52793121;80;50;1178.416626;0;0;144.7468414;
45.46959686;80;50;1177.207153;0;0;144.8468475;
45.40680313;80;50;1175.898926;0;0;144.9468384;
45.34410477;80;50;1174.693115;0;0;145.0468445;
45.28666306;80;50;1173.388916;0;0;145.1468658;
45.22447968;80;50;1172.186768;0;0;145.2468567;
45.16745377;80;50;1170.886597;0;0;145.3468628;
45.10611343;80;50;1169.68811;0;0;145.4468689;
45.04965591;80;50;1168.391846;0;0;145.5468597;
44.98892212;80;50;1167.197144;0;0;145.6468964;
44.93287277;80;50;1165.904907;0;0;145.7468719;
44.8772316;80;50;1164.713745;0;0;145.8468781;
44.81734467;80;50;1163.425415;0;0;145.9468842;
44.76218796;80;50;1162.238037;0;0;146.0468903;
44.70294189;80;50;1160.953613;0;0;146.1468811;
44.64816666;80;50;1159.769897;0;0;146.2468872;
44.58940125;80;50;1158.489502;0;0;146.3468933;
44.53119659;80;50;1157.309326;0;0;146.4469147;
44.47712326;80;50;1156.032837;0;0;146.5469208;
44.42346954;80;50;1154.856323;0;0;146.6469116;
44.36600113;80;50;1153.58374;0;0;146.7469025;
44.31310272;80;50;1152.410767;0;0;146.8469238;
44.25559235;80;50;1151.14209;0;0;146.9469147;
44.20322418;80;50;1149.972778;0;0;147.0469208;
44.14678955;80;50;1148.708008;0;0;147.1469116;
44.09483337;80;50;1147.542236;0;0;147.246933;
44.03865051;80;50;1146.281372;0;0;147.3469543;
43.98296356;80;50;1145.119263;0;0;147.4469299;
43.93175888;80;50;1143.862305;0;0;147.546936;
43.88087082;80;50;1142.703735;0;0;147.6469421;
43.82582855;80;50;1141.450562;0;0;147.7469482;
43.77102661;80;50;1140.295532;0;0;147.8469391;
