sep=;
unknown1; unknown2; currentSpeed; currentLimit; nextLimit; distance; gaspedal; brakepedal; timestamp

0.288823992;100;80;512.0557861;0;0;0.09999763966;
0.4468550682;100;80;512.0470581;0;0;0.200009644;
0.6099128127;100;80;512.0333252;0;0;0.3000047207;
0.7520337701;100;80;512.0172729;0;0;0.4000157118;
0.8991325498;100;80;511.995697;0;0;0.5000318289;
1.031536341;100;80;511.9718018;0;0;0.6000166535;
1.171298504;100;80;511.9419861;0;0;0.7000194192;
1.296817422;100;80;511.9108582;0;0;0.800018549;
1.429411888;100;80;511.8733215;0;0;0.9000501037;
1.548625231;100;80;511.8352661;0;0;1.000033855;
1.674423337;100;80;511.7904358;0;0;1.100035667;
1.786515117;100;80;511.7463074;0;0;1.200046659;
1.906089783;100;80;511.6946106;0;0;1.300039649;
2.013642073;100;80;511.6437988;0;0;1.400044441;
2.127171278;100;80;511.5855408;0;0;1.500047207;
2.229337215;100;80;511.5288391;0;0;1.599054337;
2.337087154;100;80;511.464325;0;0;1.699078679;
2.433887005;100;80;511.4020386;0;0;1.799051166;
2.536088228;100;80;511.3316345;0;0;1.899062157;
2.627880096;100;80;511.2640076;0;0;1.999070048;
2.724618196;100;80;511.1880188;0;0;2.099063635;
2.811606407;100;80;511.115387;0;0;2.199100733;
2.903307676;100;80;511.0340881;0;0;2.299070597;
2.985658169;100;80;510.956665;0;0;2.399080038;
3.150617599;100;80;510.7884216;0;0;2.599098444;
3.232996941;100;80;510.6973267;0;0;2.699084282;
3.306980133;100;80;510.611145;0;0;2.79909277;
3.385038137;100;80;510.5155334;0;0;2.899090767;
3.455194473;100;80;510.425293;0;0;2.999095201;
3.529154539;100;80;510.3254089;0;0;3.099097967;
3.595608711;100;80;510.2312927;0;0;3.199119091;
3.665602446;100;80;510.1273804;0;0;3.299137831;
3.728523254;100;80;510.0296326;0;0;3.399128437;
3.794814587;100;80;509.9218445;0;0;3.499110699;
3.854394436;100;80;509.8206787;0;0;3.599133492;
3.917197227;100;80;509.709259;0;0;3.699126959;
3.973633528;100;80;509.6048279;0;0;3.799117804;
4.033161163;100;80;509.4899902;0;0;3.899143696;
4.086645603;100;80;509.3824463;0;0;3.99914813;
4.143080711;100;80;509.2643433;0;0;4.099135876;
4.193788528;100;80;509.1538696;0;0;4.199143887;
4.247324944;100;80;509.0326538;0;0;4.299167156;
4.295426369;100;80;508.9194031;0;0;4.399150372;
4.346184731;100;80;508.7952881;0;0;4.499144077;
4.391812325;100;80;508.6794128;0;0;4.599173069;
4.439900398;100;80;508.5524902;0;0;4.699160099;
4.48314476;100;80;508.4341125;0;0;4.799182415;
4.52867651;100;80;508.3045654;0;0;4.899169445;
4.569585323;100;80;508.1838074;0;0;4.999165535;
4.612660885;100;80;508.0517578;0;0;5.099169254;
4.651298523;100;80;507.928772;0;0;5.199185371;
4.692001343;100;80;507.7943726;0;0;5.299177647;
4.728464603;100;80;507.6692505;0;0;5.399207592;
4.766830921;100;80;507.5326233;0;0;5.499204159;
4.801233292;100;80;507.4055481;0;0;5.599184513;
4.837491035;100;80;507.2668152;0;0;5.699203968;
4.870059967;100;80;507.1378174;0;0;5.799217224;
4.904405117;100;80;506.9971313;0;0;5.899218082;
4.935198784;100;80;506.8663635;0;0;5.99921751;
4.967627525;100;80;506.7237549;0;0;6.099197865;
4.996781349;100;80;506.5913086;0;0;6.199227333;
5.027494907;100;80;506.4469604;0;0;6.299202919;
5.055074215;100;80;506.3128967;0;0;6.399211884;
5.084135532;100;80;506.1668701;0;0;6.499227047;
5.110178947;100;80;506.031311;0;0;6.599227428;
5.137568474;100;80;505.883667;0;0;6.699251652;
5.162120342;100;80;505.7467041;0;0;6.799247742;
5.187900543;100;80;505.5975647;0;0;6.899230957;
5.210964203;100;80;505.4592285;0;0;6.999269009;
5.235179901;100;80;505.3087158;0;0;7.09923172;
5.256953239;100;80;505.1691284;0;0;7.199278831;
5.279541016;100;80;505.0172729;0;0;7.299267769;
5.299933434;100;80;504.8757629;0;0;7.399261475;
5.321261883;100;80;504.7234192;0;0;7.499254704;
5.340361595;100;80;504.5808105;0;0;7.599256516;
5.360416412;100;80;504.4265442;0;0;7.699254513;
5.378381252;100;80;504.2836304;0;0;7.799268723;
5.39727211;100;80;504.1282654;0;0;7.899261475;
5.414168358;100;80;503.984375;0;0;7.999267101;
5.431917191;100;80;503.8280029;0;0;8.099264145;
5.447806358;100;80;503.6831665;0;0;8.199296951;
5.464514256;100;80;503.5258179;0;0;8.299274445;
5.479441643;100;80;503.3801575;0;0;8.399278641;
5.495139599;100;80;503.2218933;0;0;8.499288559;
5.50919342;100;80;503.0753784;0;0;8.599290848;
5.523970127;100;80;502.9162598;0;0;8.69930172;
5.537185192;100;80;502.7690125;0;0;8.799303055;
5.55107832;100;80;502.6091003;0;0;8.89931488;
5.563519955;100;80;502.4611206;0;0;8.999295235;
5.576616287;100;80;502.300415;0;0;9.09930706;
5.588332176;100;80;502.1517639;0;0;9.199331284;
5.600651741;100;80;501.990387;0;0;9.299321175;
5.611688614;100;80;501.841095;0;0;9.399316788;
5.623318672;100;80;501.6790161;0;0;9.499333382;
5.633730412;100;80;501.5291443;0;0;9.599332809;
5.644673347;100;80;501.3664246;0;0;9.699328423;
5.654490948;100;80;501.2159729;0;0;9.799332619;
5.664843082;100;80;501.0527039;0;0;9.899359703;
5.67412138;100;80;500.9017029;0;0;9.999345779;
5.683868885;100;80;500.737854;0;0;10.09934998;
5.692616463;100;80;500.5863647;0;0;10.19934368;
5.701853752;100;80;500.4219666;0;0;10.29935741;
5.710134029;100;80;500.269989;0;0;10.39936352;
5.718838692;100;80;500.1051331;0;0;10.49934483;
5.726653576;100;80;499.9526978;0;0;10.59940624;
5.734895229;100;80;499.7873535;0;0;10.69936085;
5.742284775;100;80;499.6345215;0;0;10.7993803;
5.750065327;100;80;499.4687195;0;0;10.89937401;
5.757035732;100;80;499.3154602;0;0;10.99938011;
5.764364719;100;80;499.1492615;0;0;11.09937;
5.770958424;100;80;498.995636;0;0;11.19939518;
5.77786684;100;80;498.82901;0;0;11.29939651;
5.7840662;100;80;498.6750488;0;0;11.39938736;
5.790574074;100;80;498.5080566;0;0;11.49940586;
5.796405792;100;80;498.3537598;0;0;11.59938622;
5.802542686;100;80;498.1864014;0;0;11.69940281;
5.808028221;100;80;498.0317993;0;0;11.79941559;
5.813778877;100;80;497.8641357;0;0;11.89941406;
5.818912029;100;80;497.709198;0;0;11.99941158;
5.824318409;100;80;497.5412292;0;0;12.09941196;
5.829156399;100;80;497.3860474;0;0;12.19940948;
5.834218979;100;80;497.2177734;0;0;12.29940891;
5.838733196;100;80;497.0623474;0;0;12.39941311;
5.843466759;100;80;496.8937988;0;0;12.49942589;
5.847706795;100;80;496.7381287;0;0;12.59941959;
5.852141857;100;80;496.5693359;0;0;12.69941711;
5.856102467;100;80;496.4134216;0;0;12.79943085;
5.860236645;100;80;496.2443848;0;0;12.8994503;
5.863925934;100;80;496.0882874;0;0;12.99944401;
5.867799759;100;80;495.9190369;0;0;13.09944344;
5.871251583;100;80;495.7627258;0;0;13.19946575;
5.874868393;100;80;495.5932617;0;0;13.29944611;
5.878076553;100;80;495.4367676;0;0;13.39944363;
5.881432533;100;80;495.2671509;0;0;13.49945736;
5.884440899;100;80;495.1104736;0;0;13.59945488;
5.887575626;100;80;494.9406738;0;0;13.69946384;
5.890370846;100;80;494.783844;0;0;13.79945564;
5.893276691;100;80;494.6138611;0;0;13.89945889;
5.895872116;100;80;494.4569092;0;0;13.99950314;
5.898591995;100;80;494.2867737;0;0;14.099473;
5.901008129;100;80;494.1296692;0;0;14.19947052;
5.903542519;100;80;493.9594116;0;0;14.29947758;
5.905781269;100;80;493.8021851;0;0;14.39952374;
5.908119202;100;80;493.6317749;0;0;14.49950314;
5.910218716;100;80;493.4744263;0;0;14.59949303;
5.912397861;100;80;493.3039246;0;0;14.69948673;
5.914340496;100;80;493.1464844;0;0;14.79951191;
5.916356087;100;80;492.9758606;0;0;14.89950275;
5.91815567;100;80;492.8182983;0;0;14.99952507;
5.920042992;100;80;492.647583;0;0;15.0994997;
5.921707153;100;80;492.4899292;0;0;15.19950962;
5.923456192;100;80;492.3191223;0;0;15.29951096;
5.925016403;100;80;492.1614075;0;0;15.39952087;
5.92661953;100;80;491.990509;0;0;15.49954128;
5.928064346;100;80;491.8327026;0;0;15.59953213;
5.92957449;100;80;491.6617126;0;0;15.69953632;
5.930902481;100;80;491.5038452;0;0;15.79952908;
5.932297707;100;80;491.3327942;0;0;15.8995285;
5.933533669;100;80;491.1748657;0;0;15.99953651;
5.934821129;100;80;491.0037231;0;0;16.09955788;
5.935970783;100;80;490.8457336;0;0;16.19956589;
5.93716383;100;80;490.6745605;0;0;16.29953957;
5.938230038;100;80;490.51651;0;0;16.39955711;
5.939338684;100;80;490.3452759;0;0;16.49955177;
5.940319061;100;80;490.1871948;0;0;16.59957314;
5.941353798;100;80;490.0158997;0;0;16.69955635;
5.942260742;100;80;489.8577576;0;0;16.79955673;
5.943220615;100;80;489.6864319;0;0;16.89958763;
5.944058895;100;80;489.5282593;0;0;16.99957275;
5.944945812;100;80;489.3568726;0;0;17.09956551;
5.945731163;100;80;489.1986694;0;0;17.19959641;
5.946540833;100;80;489.0272522;0;0;17.29959488;
5.947266579;100;80;488.868988;0;0;17.39958763;
5.94802475;100;80;488.6975403;0;0;17.49958229;
5.948688984;100;80;488.5392761;0;0;17.59958458;
5.949400902;100;80;488.3677979;0;0;17.69960785;
5.950016975;100;80;488.2094727;0;0;17.7996273;
5.950656891;100;80;488.0379639;0;0;17.89961243;
5.951241016;100;80;487.8796387;0;0;17.9996109;
5.951839924;100;80;487.7081299;0;0;18.099617;
5.952379227;100;80;487.5497742;0;0;18.19961357;
5.952936172;100;80;487.3782043;0;0;18.29963303;
5.953418255;100;80;487.2198486;0;0;18.39961624;
5.953940868;100;80;487.0482788;0;0;18.4996109;
5.954385757;100;80;486.8898926;0;0;18.59963036;
5.95486927;100;80;486.7199707;0;0;18.69966888;
5.955292702;100;80;486.561554;0;0;18.79964828;
5.955729961;100;80;486.3899536;0;0;18.89963913;
5.956132889;100;80;486.2315369;0;0;18.99965096;
5.956531525;100;80;486.0599365;0;0;19.09863472;
5.956892014;100;80;485.9015198;0;0;19.19864082;
5.957277298;100;80;485.7298889;0;0;19.29864693;
5.957608223;100;80;485.5714722;0;0;19.39864159;
5.957961559;100;80;485.3998108;0;0;19.49864578;
5.95827198;100;80;485.241394;0;0;19.59867477;
5.958591461;100;80;485.0697632;0;0;19.69865036;
5.958888054;100;80;484.9113159;0;0;19.79865456;
5.959179878;100;80;484.7396545;0;0;19.89865875;
5.959448338;100;80;484.5803833;0;0;19.99865913;
5.959728241;100;80;484.4095764;0;0;20.09866524;
5.959964752;100;80;484.2511292;0;0;20.19867134;
5.960235596;100;80;484.0794678;0;0;20.29866982;
5.960455894;100;80;483.9210205;0;0;20.39868546;
5.960690498;100;80;483.7493591;0;0;20.49868011;
5.960899353;100;80;483.5909119;0;0;20.59869194;
5.961123943;100;80;483.419281;0;0;20.69868279;
5.961323738;100;80;483.2608032;0;0;20.79869652;
5.961517334;100;80;483.0891724;0;0;20.89870071;
5.9617033;100;80;482.9307251;0;0;20.99869728;
5.961882114;100;80;482.7590637;0;0;21.09869766;
5.9620471;100;80;482.6006165;0;0;21.19871521;
5.962225914;100;80;482.4289856;0;0;21.29870605;
5.962383747;100;80;482.2705383;0;0;21.39870834;
5.962539673;100;80;482.0989075;0;0;21.49871254;
5.962682247;100;80;481.9404602;0;0;21.59872055;
5.962825298;100;80;481.7688293;0;0;21.69873047;
5.962963581;100;80;481.6104126;0;0;21.79873276;
5.963111877;100;80;481.4387817;0;0;21.89872932;
5.963217735;100;80;481.2803345;0;0;21.99873734;
5.963346958;100;80;481.1087341;0;0;22.09874725;
5.963467598;100;80;480.9502869;0;0;22.19874954;
5.963585854;100;80;480.7786865;0;0;22.29873848;
5.963691235;100;80;480.6202698;0;0;22.39875412;
5.963797092;100;80;480.4478455;0;0;22.49876976;
5.963891983;100;80;480.2894287;0;0;22.59877396;
5.963984489;100;80;480.1178284;0;0;22.69877625;
5.964076996;100;80;479.9594421;0;0;22.79875946;
5.964176178;100;80;479.7878723;0;0;22.89876556;
5.964263916;100;80;479.6294861;0;0;22.99876404;
5.964342117;100;80;479.4578857;0;0;23.09877586;
5.96441412;100;80;479.29953;0;0;23.19877243;
5.964505196;100;80;479.1411438;0;0;23.29877281;
5.964569092;100;80;478.969574;0;0;23.39877701;
5.964649677;100;80;478.7980347;0;0;23.49878883;
5.96470499;100;80;478.639679;0;0;23.59878731;
5.964773178;100;80;478.4681396;0;0;23.69881821;
5.964839458;100;80;478.3097839;0;0;23.79881287;
5.96490097;100;80;478.1382446;0;0;23.89879417;
5.964969158;100;80;477.9799194;0;0;23.998806;
5.965015888;100;80;477.8084106;0;0;24.09880638;
5.965061188;100;80;477.6500854;0;0;24.19880867;
5.965114594;100;80;477.4785767;0;0;24.2988205;
5.965162754;100;80;477.3202515;0;0;24.39881134;
5.965228081;100;80;477.1487732;0;0;24.49881554;
5.965268612;100;80;476.9904785;0;0;24.59889793;
5.965307713;100;80;476.8190002;0;0;24.69882584;
5.965342999;100;80;476.6607056;0;0;24.79883385;
5.965390205;100;80;476.4892273;0;0;24.89885902;
5.965441704;100;80;476.3309631;0;0;24.99884033;
5.965475082;100;80;476.1595154;0;0;25.09883308;
5.965499878;100;80;476.0012512;0;0;25.19886398;
5.965527058;100;80;475.829834;0;0;25.29884911;
5.965573311;100;80;475.6715698;0;0;25.39884186;
5.965607166;100;80;475.5001526;0;0;25.49884605;
5.965643883;100;80;475.3419495;0;0;25.59885979;
5.965665817;100;80;475.1837158;0;0;25.69886589;
5.965686798;100;80;475.0123291;0;0;25.79886055;
5.965718269;100;80;474.8409119;0;0;25.89886856;
5.965754986;100;80;474.6827393;0;0;25.99887085;
5.965780735;100;80;474.5113525;0;0;26.09888077;
5.96579361;100;80;474.3531799;0;0;26.19887924;
5.965823174;100;80;474.1818237;0;0;26.29898262;
5.965842247;100;80;474.0236511;0;0;26.39888382;
5.96586132;100;80;473.8522949;0;0;26.49889565;
5.965902805;100;80;473.6941528;0;0;26.59888458;
5.965913296;100;80;473.5228271;0;0;26.69889069;
5.965922356;100;80;473.3646851;0;0;26.79889297;
5.965937614;100;80;473.2065735;0;0;26.89891052;
5.965960503;100;80;473.0352783;0;0;26.99890709;
5.965991497;100;80;472.8639832;0;0;27.09889984;
5.966007233;100;80;472.7058716;0;0;27.19890976;
5.966015339;100;80;472.5346069;0;0;27.29891968;
5.966016293;100;80;472.3765259;0;0;27.39894295;
5.966041088;100;80;472.2052612;0;0;27.49892616;
5.966058731;100;80;472.0471802;0;0;27.59892464;
5.966084003;100;80;471.875946;0;0;27.69895172;
5.966086864;100;80;471.7178955;0;0;27.79892349;
5.966091633;100;80;471.5466919;0;0;27.89892769;
5.966103554;100;80;471.3886414;0;0;27.99893188;
5.966121674;100;80;471.2306213;0;0;28.09893417;
5.966144085;100;80;471.0594482;0;0;28.19893837;
5.96614933;100;80;470.8882446;0;0;28.29894066;
5.966152191;100;80;470.7302551;0;0;28.39894867;
5.966158867;100;80;470.5591125;0;0;28.49894524;
5.966180325;100;80;470.401123;0;0;28.59895134;
5.966199875;100;80;470.2431335;0;0;28.69895172;
5.966204166;100;80;470.0720215;0;0;28.79896355;
5.966209888;100;80;469.9008789;0;0;28.89896774;
5.966213226;100;80;469.7429504;0;0;28.99897385;
5.966222286;100;80;469.5718384;0;0;29.09896851;
5.966242313;100;80;469.4139099;0;0;29.19897461;
5.966248512;100;80;469.2428284;0;0;29.29898643;
5.889592171;100;80;469.0849304;0;23.41227531;29.39897919;
5.402131557;100;80;468.9176025;0;57.81274033;29.49898529;
4.57184267;100;80;468.7766113;0;94.92324829;29.5989933;
3.45279789;100;80;468.6489868;0;100;29.6989994;
2.457099915;100;80;468.5586548;0;100;29.79898834;
1.492654204;100;80;468.4939575;0;100;29.89899635;
1.021250129;100;80;468.4494629;0;100;29.99899864;
0.1139387637;100;80;468.4215393;0;100;30.09900284;
-0.09486719221;100;80;468.4177246;0;100;30.19901657;
-0.06873330474;100;80;468.4180908;0;100;30.29900742;
0.000781922543;100;80;468.4182129;0;100;30.39901352;
0.01632904634;100;80;468.4180603;0;100;30.49901581;
-0.002474331763;100;80;468.4178162;0;100;30.59902382;
-0.003428708063;100;80;468.4176331;0;100;30.69902039;
0.003134980565;100;80;468.417572;0;100;30.79902649;
0.002245481592;100;80;468.4174805;0;100;30.89904213;
-0.0002688703826;100;80;468.4174194;0;100;30.99903679;
4.322396489e-005;100;80;468.4173584;0;100;31.0990448;
0.0007366201025;100;80;468.4173279;0;100;31.19906235;
0.0003806076129;100;80;468.4173279;0;100;31.29904556;
3.096848013e-005;100;80;468.4172974;0;100;31.39905739;
7.870498666e-005;100;80;468.4172974;0;100;31.49905014;
0.0001400470646;100;80;468.4172974;0;100;31.59907722;
8.151259681e-005;100;80;468.4172974;0;100;31.69905663;
1.550695379e-005;100;80;468.4172668;0;100;31.79906464;
1.758574763e-005;100;80;468.4172668;0;100;31.89906311;
3.209110582e-005;100;80;468.4172668;0;100;31.99906921;
1.099826295e-005;100;80;468.4172668;0;100;32.0990715;
-1.139135202e-005;100;80;468.4172668;0;100;32.19907379;
2.32061102e-005;100;80;468.4172668;0;100;32.29907608;
1.913839696e-006;100;80;468.4172668;0;100;32.39910507;
3.969289537e-006;100;80;468.4172668;0;100;32.49908829;
-6.693569958e-006;100;80;468.4172668;0;100;32.59908295;
-5.630496247e-008;100;80;468.4172668;0;100;32.69908905;
2.815327207e-006;100;80;468.4172668;0;100;32.79909134;
7.140551588e-006;100;80;468.4172668;0;100;32.89909363;
1.515427266e-005;100;80;468.4172668;0;100;32.99910355;
-7.210789136e-006;100;80;468.4172668;0;100;33.09910202;
-1.009913467e-005;100;80;468.4172668;0;100;33.1991272;
1.427700568e-006;100;80;468.4172668;0;100;33.2991066;
5.995199899e-006;100;80;468.4172668;0;100;33.3991394;
2.250894113e-006;100;80;468.4172668;0;84.37605286;33.49913406;
7.507177088e-006;100;80;468.4172668;0;36.11102676;33.59912109;
0.1169287711;100;80;468.4170837;0;0;33.69913101;
0.2684823573;100;80;468.4133911;0;0;33.7991333;
0.4284635782;100;80;468.4050598;0;0;33.89914703;
0.5713930726;100;80;468.3936462;0;0;33.99914169;
0.7224526405;100;80;468.3769531;0;0;34.09913635;
0.8586992621;100;80;468.3576965;0;0;34.19913864;
1.002462149;100;80;468.3328552;0;0;34.29915237;
1.131968617;100;80;468.3063049;0;0;34.39915466;
1.268906355;100;80;468.2736511;0;0;34.49916077;
1.392110705;100;80;468.2400818;0;0;34.59915543;
1.522175074;100;80;468.2032166;0;0;34.69916153;
1.639216065;100;80;468.159729;0;0;34.79916;
1.762772441;100;80;468.1126099;0;0;34.89916229;
1.873975992;100;80;468.065979;0;0;34.99919128;
1.991382003;100;80;468.012146;0;0;35.09917068;
2.096963167;100;80;467.9594727;0;0;35.19920731;
2.208395243;100;80;467.9039917;0;0;35.29919434;
2.308643341;100;80;467.8408508;0;0;35.39917755;
2.414365053;100;80;467.7745667;0;0;35.49921036;
2.509326696;100;80;467.7107239;0;0;35.59918976;
2.609536886;100;80;467.6387329;0;0;35.69921112;
2.699567795;100;80;467.5697021;0;0;35.79919434;
2.794435978;100;80;467.4922791;0;0;35.89919662;
2.879733562;100;80;467.4183655;0;0;35.99919891;
2.968797922;100;80;467.3357849;0;0;36.09922791;
3.049582481;100;80;467.2580872;0;0;36.19923782;
3.134842873;100;80;467.1706238;0;0;36.29921341;
3.211393595;100;80;467.087738;0;0;36.39921188;
3.29218173;100;80;466.9956665;0;0;36.49921799;
3.36474824;100;80;466.9086304;0;0;36.59822083;
3.441670418;100;80;466.8121643;0;0;36.69823837;
3.510089397;100;80;466.7211914;0;0;36.7982254;
3.582946539;100;80;466.6200867;0;0;36.89823914;
3.647715807;100;80;466.5258484;0;0;36.99824142;
3.716363668;100;80;466.4289246;0;0;37.09823608;
3.778021336;100;80;466.3225708;0;0;37.198246;
3.843335152;100;80;466.2148132;0;0;37.29824448;
3.901720524;100;80;466.1127014;0;0;37.39824295;
3.963306189;100;80;466.0009155;0;0;37.49826431;
4.018610477;100;80;465.8961487;0;0;37.59825516;
4.076982021;100;80;465.7899475;0;0;37.69825745;
4.129410744;100;80;465.6732788;0;0;37.79827881;
4.184746742;100;80;465.5549927;0;0;37.89826965;
4.234467506;100;80;465.444397;0;0;37.99826813;
4.286950588;100;80;465.3231201;0;0;38.09827042;
4.334126472;100;80;465.2098389;0;0;38.19829559;
4.383854866;100;80;465.0857239;0;0;38.29827881;
4.428585529;100;80;464.9698792;0;0;38.3982811;
4.475713253;100;80;464.8430786;0;0;38.4982872;
4.518061638;100;80;464.724823;0;0;38.59832001;
4.562658787;100;80;464.5954895;0;0;38.69828796;
4.602685928;100;80;464.4749451;0;0;38.7983017;
4.644870281;100;80;464.353363;0;0;38.89829636;
4.682666302;100;80;464.2204895;0;0;38.99830246;
4.722450256;100;80;464.0864563;0;0;39.09830475;
4.758133888;100;80;463.961731;0;0;39.19831467;
4.79562664;100;80;463.8255615;0;0;39.29832077;
4.829314709;100;80;463.6989136;0;0;39.39831924;
4.864845753;100;80;463.5713806;0;0;39.49832153;
4.896724701;100;80;463.432251;0;0;39.5983429;
4.930318832;100;80;463.2921448;0;0;39.69833755;
4.960466385;100;80;463.1619873;0;0;39.79832458;
4.992202759;100;80;463.0200806;0;0;39.89834213;
5.020733356;100;80;462.8882751;0;0;39.99833679;
5.050819397;100;80;462.7557373;0;0;40.09835052;
5.077793121;100;80;462.6113586;0;0;40.198349;
5.106192589;100;80;462.4661255;0;0;40.29834747;
5.131665707;100;80;462.3313599;0;0;40.39834595;
5.15841341;100;80;462.1846008;0;0;40.49835968;
5.182361603;100;80;462.0484619;0;0;40.59836197;
5.207544327;100;80;461.9117126;0;0;40.69836807;
5.230048656;100;80;461.7628784;0;0;40.79836655;
5.253646851;100;80;461.6248779;0;0;40.89836502;
5.274754047;100;80;461.4747314;0;0;40.99836731;
5.296898842;100;80;461.3239746;0;0;41.0983696;
5.31669426;100;80;461.1842346;0;0;41.1983757;
5.33750248;100;80;461.0322876;0;0;41.29837418;
5.356164455;100;80;460.8914795;0;0;41.39839172;
5.375756264;100;80;460.7502136;0;0;41.49838638;
5.393277645;100;80;460.5966492;0;0;41.59841156;
5.41170311;100;80;460.4425659;0;0;41.69839096;
5.428212643;100;80;460.2998657;0;0;41.79839706;
5.445526123;100;80;460.1447754;0;0;41.89840317;
5.461022377;100;80;460.0011902;0;0;41.99840927;
5.47730732;100;80;459.8572388;0;0;42.09841919;
5.491909027;100;80;459.7008057;0;0;42.19840622;
5.507219791;100;80;459.5439758;0;0;42.29842377;
5.520928383;100;80;459.3988037;0;0;42.39841843;
5.535333157;100;80;459.2411499;0;0;42.4984169;
5.548254967;100;80;459.0952759;0;0;42.59842682;
5.561812878;100;80;458.9490662;0;0;42.69842529;
5.573951721;100;80;458.7903137;0;0;42.7984314;
5.586723804;100;80;458.6311951;0;0;42.89844131;
5.598179817;100;80;458.4839783;0;0;42.99846649;
5.610210419;100;80;458.3241882;0;0;43.09844208;
5.620986462;100;80;458.1764221;0;0;43.19844437;
5.632325649;100;80;458.0283508;0;0;43.29844666;
5.642506599;100;80;457.8676453;0;0;43.39845657;
5.653212547;100;80;457.7066345;0;0;43.49845123;
5.662793636;100;80;457.5577698;0;0;43.59845734;
5.67289114;100;80;457.3962097;0;0;43.69845581;
5.681959152;100;80;457.2468262;0;0;43.7984581;
5.69149971;100;80;457.097229;0;0;43.89846802;
5.700052261;100;80;456.934906;0;0;43.99850464;
5.709057808;100;80;456.7723389;0;0;44.0984993;
5.717141628;100;80;456.6220703;0;0;44.19847488;
5.725667;100;80;456.4590454;0;0;44.29848862;
5.733314037;100;80;456.3083496;0;0;44.39848328;
5.741358757;100;80;456.1574707;0;0;44.49850082;
5.748561382;100;80;455.9938049;0;0;44.59849167;
5.75617075;100;80;455.8299255;0;0;44.69854736;
5.762988091;100;80;455.6784973;0;0;44.79849243;
5.770143509;100;80;455.5142517;0;0;44.89850616;
5.776555538;100;80;455.3624573;0;0;44.99850845;
5.78331089;100;80;455.2105103;0;0;45.09853745;
5.789360046;100;80;455.0457153;0;0;45.19850922;
5.795714378;100;80;454.8807678;0;0;45.29851151;
5.801398754;100;80;454.728363;0;0;45.39855194;
5.807368755;100;80;454.5630798;0;0;45.49852753;
5.812712669;100;80;454.4104004;0;0;45.59853745;
5.818325996;100;80;454.2575684;0;0;45.69852448;
5.823337555;100;80;454.0918884;0;0;45.79854202;
5.828590393;100;80;453.9260559;0;0;45.89855957;
5.833293915;100;80;453.7728577;0;0;45.99853897;
5.838220596;100;80;453.606781;0;0;46.09854507;
5.84262228;100;80;453.4533386;0;0;46.19854355;
5.84723568;100;80;453.2870178;0;0;46.29855347;
5.8513484;100;80;453.1333923;0;0;46.39854813;
5.855662823;100;80;452.9668274;0;0;46.49855423;
5.859508514;100;80;452.8130188;0;0;46.59855652;
5.863535881;100;80;452.6462708;0;0;46.69855881;
5.867132187;100;80;452.4922485;0;0;46.79856873;
5.870884418;100;80;452.3381653;0;0;46.89857864;
5.874227524;100;80;452.1711426;0;0;46.99858093;
5.877747536;100;80;452.0040283;0;0;47.09857178;
5.880867004;100;80;451.8497009;0;0;47.19857788;
5.884136677;100;80;451.6824646;0;0;47.29858017;
5.887032032;100;80;451.5279846;0;0;47.39862442;
5.890075207;100;80;451.3734436;0;0;47.49859619;
5.892796993;100;80;451.2059937;0;0;47.59858704;
5.895630836;100;80;451.0384521;0;0;47.69859314;
5.898148537;100;80;450.883728;0;0;47.79859161;
5.900772572;100;80;450.7160645;0;0;47.89860153;
5.903118134;100;80;450.5612488;0;0;47.99861145;
5.905577183;100;80;450.4063721;0;0;48.09861374;
5.907755852;100;80;450.2385559;0;0;48.19861221;
5.910028458;100;80;450.0706787;0;0;48.29861069;
5.912045479;100;80;449.9156799;0;0;48.39861298;
5.914165497;100;80;449.7477112;0;0;48.49863052;
5.916044235;100;80;449.5926514;0;0;48.59865189;
5.918009281;100;80;449.4375305;0;0;48.69862366;
5.919757366;100;80;449.2694397;0;0;48.79863358;
5.921568871;100;80;449.1013184;0;0;48.89863205;
5.923190117;100;80;448.946106;0;0;48.99864197;
5.924892902;100;80;448.7779236;0;0;49.09863663;
5.926385403;100;80;448.6226501;0;0;49.19864273;
5.927963257;100;80;448.4544067;0;0;49.29865646;
5.92935276;100;80;448.2991028;0;0;49.39866257;
5.930805683;100;80;448.1307983;0;0;49.49866867;
5.932104111;100;80;447.9754333;0;0;49.59865952;
5.933447838;100;80;447.8070984;0;0;49.69865799;
5.934654236;100;80;447.6516724;0;0;49.79867172;
5.935898304;100;80;447.4962769;0;0;49.89867401;
5.937005997;100;80;447.3278809;0;0;49.99866867;
5.938165188;100;80;447.1594543;0;0;50.09867096;
5.939198494;100;80;447.0039978;0;0;50.19868469;
5.940266132;100;80;446.8355713;0;0;50.29867935;
5.941224098;100;80;446.6800537;0;0;50.39868927;
5.942214012;100;80;446.5245667;0;0;50.49868774;
5.943099499;100;80;446.3561096;0;0;50.59869385;
5.944031715;100;80;446.1876221;0;0;50.69869232;
5.944840431;100;80;446.0321045;0;0;50.79869843;
5.94570446;100;80;445.8635864;0;0;50.89870071;
5.946455956;100;80;445.7072449;0;0;50.99873734;
5.947237015;100;80;445.5525208;0;0;51.09871292;
5.947951794;100;80;445.3832092;0;0;51.1987114;
5.948674202;100;80;445.2154846;0;0;51.29873657;
5.949329376;100;80;445.0599365;0;0;51.3987236;
5.950009346;100;80;444.890625;0;0;51.49873352;
5.9506073;100;80;444.7358704;0;0;51.59872818;
5.951234341;100;80;444.5803223;0;0;51.69873047;
5.951788902;100;80;444.4110107;0;0;51.79873657;
5.952378273;100;80;444.2424927;0;0;51.89875793;
5.952896118;100;80;444.087738;0;0;51.99873352;
5.953418255;100;80;443.91922;0;0;52.09873962;
5.95390892;100;80;443.7628784;0;0;52.19874191;
5.954400539;100;80;443.5943909;0;0;52.29874802;
5.954841614;100;80;443.4388428;0;0;52.39875412;
5.955310822;100;80;443.2703552;0;0;52.49875259;
5.955712795;100;80;443.1148376;0;0;52.59875488;
5.956145763;100;80;442.9463501;0;0;52.69877243;
5.956528187;100;80;442.7908325;0;0;52.7987709;
5.956905365;100;80;442.6353149;0;0;52.89876938;
5.957267284;100;80;442.4668579;0;0;52.99876785;
5.957627296;100;80;442.2984314;0;0;53.09879303;
5.957952976;100;80;442.1429443;0;0;53.19878387;
5.95829916;100;80;441.9745178;0;0;53.29877853;
5.958582878;100;80;441.8190308;0;0;53.39881897;
5.958902836;100;80;441.6635742;0;0;53.49878693;
5.959176064;100;80;441.4951782;0;0;53.59880066;
5.95946312;100;80;441.3283997;0;0;53.6987915;
5.959723473;100;80;441.1729736;0;0;53.79880142;
5.959991455;100;80;441.0046082;0;0;53.89883041;
5.960230827;100;80;440.8492126;0;0;53.99880219;
5.960475922;100;80;440.6938171;0;0;54.09780884;
5.960690022;100;80;440.5254822;0;0;54.19783783;
5.960929394;100;80;440.3571472;0;0;54.29782104;
5.961123466;100;80;440.2018127;0;0;54.39782333;
5.961337566;100;80;440.0335083;0;0;54.49785233;
5.961522579;100;80;439.8781738;0;0;54.59784317;
5.961720467;100;80;439.7228394;0;0;54.69783783;
5.961906433;100;80;439.5545959;0;0;54.79785156;
5.962080479;100;80;439.3863525;0;0;54.89785767;
5.962228775;100;80;439.2310791;0;0;54.99786377;
5.962411404;100;80;439.0628662;0;0;55.09783936;
5.962551117;100;80;438.9076233;0;0;55.19784927;
5.96270895;100;80;438.7523804;0;0;55.29785538;
5.962849617;100;80;438.5842285;0;0;55.39787292;
5.962987423;100;80;438.4160767;0;0;55.4978714;
5.963113308;100;80;438.2608948;0;0;55.59785843;
5.963245392;100;80;438.0927734;0;0;55.6978569;
5.963363647;100;80;437.9375916;0;0;55.79787445;
5.96349144;100;80;437.7824402;0;0;55.89786911;
5.963599682;100;80;437.6143799;0;0;55.9978981;
5.963710308;100;80;437.4463501;0;0;56.09787369;
5.963809967;100;80;437.2912598;0;0;56.19787979;
5.963916779;100;80;437.12323;0;0;56.29787827;
5.964012623;100;80;436.9681702;0;0;56.39789581;
5.964108467;100;80;436.8131104;0;0;56.4978981;
5.96419096;100;80;436.6451416;0;0;56.59789276;
5.964287758;100;80;436.4772034;0;0;56.69789505;
5.964362144;100;80;436.3222046;0;0;56.79790878;
5.96445179;100;80;436.1542969;0;0;56.89791489;
5.964522362;100;80;435.9993286;0;0;56.99792862;
5.964591026;100;80;435.8443909;0;0;57.09792709;
5.964662075;100;80;435.6765442;0;0;57.19792175;
5.964736462;100;80;435.508728;0;0;57.29792404;
5.96480751;100;80;435.3538208;0;0;57.3979187;
5.964863777;100;80;435.1860352;0;0;57.49792862;
5.964921951;100;80;435.0311584;0;0;57.5979538;
5.964981079;100;80;434.8763123;0;0;57.69792938;
5.965031147;100;80;434.7085876;0;0;57.79792786;
5.96508646;100;80;434.540863;0;0;57.89796448;
5.965149403;100;80;434.3860779;0;0;57.99794006;
5.965197086;100;80;434.2184143;0;0;58.09794235;
5.96523571;100;80;434.0636597;0;0;58.19795609;
5.965283871;100;80;433.9089355;0;0;58.29798508;
5.965331554;100;80;433.7413025;0;0;58.39796066;
5.965385437;100;80;433.5737305;0;0;58.49797821;
5.965416431;100;80;433.4190369;0;0;58.59796143;
5.96544838;100;80;433.2514954;0;0;58.6979599;
5.965492725;100;80;433.0968628;0;0;58.797966;
5.965529442;100;80;432.9422302;0;0;58.89797974;
5.965575695;100;80;432.7747498;0;0;58.99797058;
5.965602398;100;80;432.6072998;0;0;59.09796906;
5.965628147;100;80;432.4527283;0;0;59.19798279;
5.965654373;100;80;432.2853088;0;0;59.29798126;
5.965692043;100;80;432.1307678;0;0;59.39798355;
5.965723038;100;80;431.9762878;0;0;59.49801254;
5.965749264;100;80;431.8089294;0;0;59.59802628;
5.965773106;100;80;431.641571;0;0;59.69801331;
5.965788841;100;80;431.4871216;0;0;59.79800415;
5.96582365;100;80;431.3198547;0;0;59.89806366;
5.965858936;100;80;431.1654358;0;0;59.9980011;
5.965879917;100;80;431.0110474;0;0;60.09800339;
5.965895176;100;80;430.8438416;0;0;60.19800949;
5.965909958;100;80;430.6766357;0;0;60.29801559;
5.965928555;100;80;430.5223083;0;0;60.3980217;
5.965955734;100;80;430.3551331;0;0;60.49803162;
5.965982914;100;80;430.2008667;0;0;60.59802246;
5.965995789;100;80;430.0466003;0;0;60.69805908;
5.966007233;100;80;429.8795166;0;0;60.79806519;
5.96601963;100;80;429.7124329;0;0;60.89804459;
5.966041565;100;80;429.5582275;0;0;60.99805069;
5.966072083;100;80;429.3912048;0;0;61.09805298;
5.966069221;100;80;429.2370605;0;0;61.19804382;
5.966084003;100;80;429.0829163;0;0;61.29804611;
5.96610117;100;80;428.9159546;0;0;61.39805222;
5.966116905;100;80;428.7490234;0;0;61.4980545;
5.966132164;100;80;428.5949707;0;0;61.59806824;
5.966143131;100;80;428.4280701;0;0;61.69805908;
5.966150761;100;80;428.2740479;0;0;61.79808807;
5.966161728;100;80;428.1200256;0;0;61.8980751;
5.966166019;100;80;427.9532166;0;0;61.99807358;
5.966186047;100;80;427.786438;0;0;62.09809875;
5.966201782;100;80;427.6324768;0;0;62.19807816;
5.966206551;100;80;427.4657288;0;0;62.29808426;
5.966209412;100;80;427.3118591;0;0;62.39810181;
5.966211796;100;80;427.157959;0;0;62.49809647;
5.966235638;100;80;426.9913025;0;0;62.59809113;
5.966246605;100;80;426.824646;0;0;62.69809723;
5.966245651;100;80;426.6708374;0;0;62.79813004;
5.966252327;100;80;426.5042419;0;0;62.89810944;
5.966256142;100;80;426.3504639;0;0;62.99810791;
5.966264248;100;80;426.1967163;0;0;63.09810638;
5.966282845;100;80;426.0302124;0;0;63.19811249;
5.96628952;100;80;425.863678;0;0;63.29812241;
5.966286659;100;80;425.710022;0;0;63.39812851;
5.96628809;100;80;425.5435486;0;0;63.49811935;
5.966290951;100;80;425.3899231;0;0;63.59812164;
5.966312885;100;80;425.2363281;0;0;63.69815445;
5.966320038;100;80;425.0699463;0;0;63.79813004;
5.966316223;100;80;424.903595;0;0;63.89813232;
5.966315746;100;80;424.750061;0;0;63.99814606;
5.966314316;100;80;424.5837402;0;0;64.09814453;
5.966331482;100;80;424.4302368;0;0;64.19814301;
5.96634531;100;80;424.2767944;0;0;64.29816437;
5.966337204;100;80;424.1105347;0;0;64.39815521;
5.96633625;100;80;423.9443359;0;0;64.49815369;
5.966342926;100;80;423.7909546;0;0;64.59816742;
5.966352463;100;80;423.6247864;0;0;64.69816589;
5.966362953;100;80;423.4714355;0;0;64.79816437;
5.966359615;100;80;423.3181152;0;0;64.89817047;
5.966357231;100;80;423.1520081;0;0;64.99816895;
5.96635294;100;80;422.9859619;0;0;65.09817505;
5.966360569;100;80;422.8327026;0;0;65.19818878;
5.966379642;100;80;422.6667175;0;0;65.29817963;
5.966376305;100;80;422.5126953;0;0;65.39818573;
5.966376305;100;80;422.360321;0;0;65.49819183;
5.966369152;100;80;422.194397;0;0;65.59819794;
5.966368198;100;80;422.0284729;0;0;65.69819641;
5.966397762;100;80;421.8753662;0;0;65.79823303;
5.966394901;100;80;421.7095337;0;0;65.89820099;
5.966391087;100;80;421.5564575;0;0;65.99820709;
5.96638298;100;80;421.4034119;0;0;66.09824371;
5.966381073;100;80;421.2376404;0;0;66.19821167;
5.966396332;100;80;421.0718994;0;0;66.2982254;
5.966404438;100;80;420.9189453;0;0;66.39822388;
5.966396332;100;80;420.7532349;0;0;66.49822235;
5.966398239;100;80;420.6003113;0;0;66.59822845;
5.966394424;100;80;420.4474182;0;0;66.69823456;
5.966393948;100;80;420.2818298;0;0;66.79824066;
5.966414928;100;80;420.1162415;0;0;66.89825439;
5.966411591;100;80;419.9634094;0;0;66.99823761;
5.966410637;100;80;419.7978821;0;0;67.09824371;
5.966400623;100;80;419.6443176;0;0;67.19824219;
5.96639967;100;80;419.4915771;0;0;67.29824829;
5.966425896;100;80;419.3261108;0;0;67.39824677;
5.966418266;100;80;419.1607056;0;0;67.4982605;
5.966415405;100;80;419.0080261;0;0;67.59825897;
5.966406345;100;80;418.8426514;0;0;67.69827271;
5.966409683;100;80;418.690033;0;0;67.79827881;
5.966417789;100;80;418.5374451;0;0;67.89826965;
5.96642828;100;80;418.3721619;0;0;67.99829102;
5.966416836;100;80;418.2069092;0;0;68.09831238;
5.966418266;100;80;418.0543823;0;0;68.19829559;
5.966415405;100;80;417.8891907;0;0;68.29827881;
5.96640873;100;80;417.7367249;0;0;68.39828491;
5.96642971;100;80;417.5842896;0;0;68.49829865;
5.966432095;100;80;417.4191589;0;0;68.59828949;
5.966423988;100;80;417.2540894;0;0;68.69830322;
5.966416359;100;80;417.1017151;0;0;68.7983017;
5.96641922;100;80;416.936676;0;0;68.89830017;
5.966442585;100;80;416.7843628;0;0;68.99830627;
5.966434002;100;80;416.6320801;0;0;69.09832001;
5.966418266;100;80;416.4671326;0;0;69.19831848;
5.966430664;100;80;416.3022156;0;0;69.29832458;
5.966420174;100;80;416.1499939;0;0;69.39834595;
5.966433525;100;80;415.9851379;0;0;69.49832153;
5.966436863;100;80;415.8329773;0;0;69.59832764;
5.966429234;100;80;415.6808472;0;0;69.69833374;
5.966424942;100;80;415.5160828;0;0;69.79833221;
5.966422081;100;80;415.3513184;0;0;69.89834595;
5.966437817;100;80;415.1992798;0;0;69.99834442;
5.966444969;100;80;415.0345764;0;0;70.0983429;
5.966440678;100;80;414.8825989;0;0;70.198349;
5.966428757;100;80;414.7306213;0;0;70.29834747;
5.966430187;100;80;414.5660095;0;0;70.39835358;
5.966426849;100;80;414.4014587;0;0;70.49835205;
5.966439724;100;80;414.2495728;0;0;70.59835815;
5.966448307;100;80;414.0850525;0;0;70.69836426;
5.966436863;100;80;413.933197;0;0;70.79838562;
5.966421604;100;80;413.7814026;0;0;70.89844513;
5.966434002;100;80;413.6106567;0;0;70.9984436;
5.966448307;100;80;413.4588928;0;0;71.09840393;
5.966441154;100;80;413.3079529;0;0;71.19838715;
5.966434002;100;80;413.1444092;0;0;71.29839325;
5.966432571;100;80;412.9801025;0;0;71.39839172;
5.966435909;100;80;412.8284607;0;0;71.49843597;
5.966441631;100;80;412.6642151;0;0;71.59739685;
5.966442585;100;80;412.5126343;0;0;71.69740295;
5.966439724;100;80;412.3610535;0;0;71.79743958;
5.966436386;100;80;412.1968994;0;0;71.89741516;
5.966436863;100;80;412.0327759;0;0;71.99743652;
5.966443539;100;80;411.8813171;0;0;72.09741211;
5.966452599;100;80;411.7172241;0;0;72.19742584;
5.966442585;100;80;411.5658264;0;0;72.29741669;
5.966434479;100;80;411.4144287;0;0;72.39744568;
5.966431618;100;80;411.2504578;0;0;72.49743652;
5.966435432;100;80;411.0864868;0;0;72.59742737;
5.966448307;100;80;410.9351807;0;0;72.69743347;
5.966449261;100;80;410.7713013;0;0;72.79746246;
5.9664464;100;80;410.6200562;0;0;72.89743805;
5.966432571;100;80;410.4688416;0;0;72.99744415;
5.966436863;100;80;410.3050537;0;0;73.09744263;
5.966450691;100;80;410.1412964;0;0;73.19747925;
5.966450691;100;80;409.9901428;0;0;73.29745483;
5.966442108;100;80;409.8264465;0;0;73.39745331;
5.966435909;100;80;409.6753845;0;0;73.49745941;
5.96643877;100;80;409.5243225;0;0;73.59746552;
5.966444969;100;80;409.3607178;0;0;73.69747162;
5.966447353;100;80;409.1971436;0;0;73.79747009;
5.966443062;100;80;409.0461731;0;0;73.89751434;
5.966443539;100;80;408.8826599;0;0;73.99749756;
5.966431618;100;80;408.731781;0;0;74.09750366;
5.966444492;100;80;408.5809021;0;0;74.19748688;
5.966446877;100;80;408.4174805;0;0;74.29748535;
5.966448784;100;80;408.2540894;0;0;74.39748383;
5.966438293;100;80;408.103302;0;0;74.49749756;
5.966441154;100;80;407.9400024;0;0;74.59749603;
5.966439724;100;80;407.7892761;0;0;74.69749451;
5.966449261;100;80;407.6385803;0;0;74.7975235;
5.9664464;100;80;407.4753418;0;0;74.89750671;
5.966444969;100;80;407.3121643;0;0;74.99751282;
5.966443062;100;80;407.1615601;0;0;75.09751129;
5.966437817;100;80;407.0109558;0;0;75.19753265;
5.966446877;100;80;406.8525696;0;0;75.29756165;
5.966451168;100;80;406.6910706;0;0;75.39752197;
5.966448307;100;80;406.5405884;0;0;75.49752045;
5.966441154;100;80;406.377594;0;0;75.59752655;
5.966432095;100;80;406.2146301;0;0;75.69754791;
5.966450691;100;80;406.0642395;0;0;75.79753876;
5.966447353;100;80;405.9013367;0;0;75.89754486;
5.96644783;100;80;405.7510071;0;0;75.99755096;
5.966435909;100;80;405.600708;0;0;76.09754181;
5.966435909;100;80;405.4378967;0;0;76.19754791;
5.966442108;100;80;405.2751465;0;0;76.29756165;
5.966443539;100;80;405.124939;0;0;76.39756012;
5.96644783;100;80;404.9622192;0;0;76.49756622;
5.966444016;100;80;404.8120728;0;0;76.5975647;
5.966442108;100;80;404.6619568;0;0;76.6975708;
5.966443539;100;80;404.4993591;0;0;76.79756927;
5.9664464;100;80;404.336792;0;0;76.89759827;
5.966449738;100;80;404.1867676;0;0;76.99759674;
5.966452599;100;80;404.0242615;0;0;77.09757996;
5.966440201;100;80;403.8742981;0;0;77.19758606;
5.96643734;100;80;403.7243652;0;0;77.29759216;
5.966443539;100;80;403.5619812;0;0;77.39759827;
5.966442108;100;80;403.3996277;0;0;77.49759674;
5.966443539;100;80;403.2497864;0;0;77.59760284;
5.966444016;100;80;403.0874939;0;0;77.69760132;
5.966436386;100;80;402.9377136;0;0;77.79760742;
5.966447353;100;80;402.7879639;0;0;77.8976059;
5.966442585;100;80;402.6257629;0;0;77.997612;
5.966445446;100;80;402.463623;0;0;78.0976181;
5.966448784;100;80;402.3139648;0;0;78.19761658;
5.96643877;100;80;402.151886;0;0;78.29761505;
5.966451645;100;80;402.0022888;0;0;78.39762878;
5.966448307;100;80;401.8527527;0;0;78.49762726;
5.966449738;100;80;401.6907654;0;0;78.59762573;
5.966440678;100;80;401.5288086;0;0;78.69764709;
5.966443062;100;80;401.379364;0;0;78.79764557;
5.966445446;100;80;401.2174988;0;0;78.89764404;
5.966450691;100;80;401.0680847;0;0;78.99765015;
5.966440201;100;80;400.9187317;0;0;79.09768677;
5.966453552;100;80;400.756958;0;0;79.19764709;
5.966433525;100;80;400.5952454;0;0;79.29766083;
5.966437817;100;80;400.4459839;0;0;79.39766693;
5.966454029;100;80;400.2843018;0;0;79.49765778;
5.966440678;100;80;400.1351013;0;0;79.59766388;
5.966447353;100;80;399.9859619;0;0;79.69769287;
5.966441154;100;80;399.8244019;0;0;79.79766846;
5.966446877;100;80;399.6628723;0;0;79.89768219;
5.966446877;100;80;399.5138245;0;0;79.99770355;
5.966443539;100;80;399.352356;0;0;80.09767914;
5.966445446;100;80;399.2033691;0;0;80.19767761;
5.966444969;100;80;399.0544128;0;0;80.2977066;
5.966445923;100;80;398.8930664;0;0;80.39771271;
5.966442585;100;80;398.7317505;0;0;80.49768829;
5.966447353;100;80;398.5828857;0;0;80.5976944;
5.966448784;100;80;398.4216614;0;0;80.6977005;
5.966444969;100;80;398.2728577;0;0;80.7977066;
5.966438293;100;80;398.124115;0;0;80.89770508;
5.9664464;100;80;397.9629822;0;0;80.99770355;
5.966448307;100;80;397.8019104;0;0;81.09771729;
5.966449261;100;80;397.6532288;0;0;81.19771576;
5.966446877;100;80;397.492218;0;0;81.29772186;
5.966442585;100;80;397.3436279;0;0;81.39774323;
5.966445923;100;80;397.1950684;0;0;81.49774933;
5.966451645;100;80;397.0341797;0;0;81.59773254;
5.966444016;100;80;396.8733215;0;0;81.69773865;
5.966444492;100;80;396.7248535;0;0;81.79774475;
5.966443062;100;80;396.5764465;0;0;81.89775085;
5.966446877;100;80;396.414917;0;0;81.9977417;
5.966453075;100;80;396.266571;0;0;82.0977478;
5.966440678;100;80;396.105896;0;0;82.19774628;
5.96644783;100;80;395.9452515;0;0;82.2977829;
5.966446877;100;80;395.7969971;0;0;82.39776611;
5.96643734;100;80;395.6364441;0;0;82.49775696;
5.966454983;100;80;395.4882813;0;0;82.59776306;
5.966447353;100;80;395.3401184;0;0;82.69776154;
5.9664464;100;80;395.1796875;0;0;82.7977829;
5.966445923;100;80;395.0192871;0;0;82.89777374;
5.966443539;100;80;394.8712463;0;0;82.99778748;
5.966444969;100;80;394.710907;0;0;83.09778595;
5.966452122;100;80;394.5629272;0;0;83.19778442;
5.966442108;100;80;394.4150085;0;0;83.29779053;
5.966449738;100;80;394.2547913;0;0;83.39781189;
5.966444969;100;80;394.0946045;0;0;83.49781799;
5.966440678;100;80;393.9467773;0;0;83.59779358;
5.966450691;100;80;393.7866821;0;0;83.69779968;
5.966446877;100;80;393.6389465;0;0;83.79780579;
5.966444492;100;80;393.4912109;0;0;83.89780426;
5.96644783;100;80;393.3312378;0;0;83.99781799;
5.966441631;100;80;393.1712952;0;0;84.09780884;
5.966449261;100;80;393.0236816;0;0;84.19782257;
5.966448784;100;80;392.8638306;0;0;84.29784393;
5.966440678;100;80;392.7162781;0;0;84.39782715;
5.966440678;100;80;392.5687866;0;0;84.49783325;
5.966442108;100;80;392.4090271;0;0;84.59785461;
5.966448307;100;80;392.2493286;0;0;84.6978302;
5.966451168;100;80;392.1019287;0;0;84.79786682;
5.966437817;100;80;391.9423218;0;0;84.89784241;
5.966437817;100;80;391.7949829;0;0;84.99784851;
5.966440678;100;80;391.6477051;0;0;85.09784698;
5.966449261;100;80;391.4881897;0;0;85.19785309;
5.966449738;100;80;391.3287354;0;0;85.29785919;
5.966436386;100;80;391.1815491;0;0;85.39785767;
5.966444016;100;80;391.0221863;0;0;85.4978714;
5.966444492;100;80;390.8750916;0;0;85.59786987;
5.966440678;100;80;390.7280273;0;0;85.69787598;
5.966454029;100;80;390.5687561;0;0;85.79789734;
5.966444492;100;80;390.4095154;0;0;85.89787292;
5.966447353;100;80;390.2625732;0;0;85.99787903;
5.966445446;100;80;390.1034241;0;0;86.09788513;
5.966444969;100;80;389.9565735;0;0;86.19788361;
5.966454506;100;80;389.8097229;0;0;86.29788971;
5.966444969;100;80;389.6506958;0;0;86.39789581;
5.966443539;100;80;389.4917297;0;0;86.49789429;
5.966436386;100;80;389.3450012;0;0;86.59790802;
5.96644783;100;80;389.1860962;0;0;86.69790649;
5.96645546;100;80;389.0394592;0;0;86.7979126;
5.966451168;100;80;388.8928528;0;0;86.89790344;
5.966444969;100;80;388.7340698;0;0;86.99790955;
5.966432571;100;80;388.5753479;0;0;87.09791565;
5.966449261;100;80;388.428833;0;0;87.19792938;
5.966445923;100;80;388.2702026;0;0;87.29792786;
5.966444969;100;80;388.1237793;0;0;87.39792633;
5.966444016;100;80;387.977417;0;0;87.49793243;
5.966441631;100;80;387.8188782;0;0;87.59793091;
5.966445446;100;80;387.6604004;0;0;87.69793701;
5.966445923;100;80;387.5141296;0;0;87.79794312;
5.966454506;100;80;387.3557434;0;0;87.89796448;
5.966444016;100;80;387.2095642;0;0;87.99795532;
5.966444016;100;80;387.0634155;0;0;88.0979538;
5.966440201;100;80;386.9051208;0;0;88.19795227;
5.966442585;100;80;386.7468872;0;0;88.29795837;
5.966454983;100;80;386.6008911;0;0;88.39796448;
5.966445446;100;80;386.4427185;0;0;88.49795532;
5.966443539;100;80;386.2983093;0;0;88.59797668;
5.96643734;100;80;386.1402588;0;0;88.69799042;
5.966449261;100;80;385.9943848;0;0;88.79797363;
5.966451645;100;80;385.8363953;0;0;88.89797974;
5.966449738;100;80;385.6906128;0;0;88.99797821;
5.966448784;100;80;385.5327148;0;0;89.09700012;
5.966439247;100;80;385.3870239;0;0;89.19699097;
5.966449261;100;80;385.2292175;0;0;89.29698944;
5.966451168;100;80;385.0835876;0;0;89.39699554;
5.966451645;100;80;384.9379883;0;0;89.49703217;
5.966442585;100;80;384.7803345;0;0;89.59699249;
5.966448307;100;80;384.6226807;0;0;89.69700623;
5.9664464;100;80;384.4772339;0;0;89.7970047;
5.966444016;100;80;384.3197021;0;0;89.89701843;
5.966459751;100;80;384.1743164;0;0;89.99700928;
5.966443062;100;80;384.0289612;0;0;90.09702301;
5.966444492;100;80;383.8715515;0;0;90.19702148;
5.966439247;100;80;383.7141724;0;0;90.29701996;
5.966444969;100;80;383.5689697;0;0;90.39702606;
5.96645546;100;80;383.4116821;0;0;90.49702454;
5.966449261;100;80;383.2665405;0;0;90.59706116;
5.966444016;100;80;383.1214294;0;0;90.69703674;
5.96643734;100;80;382.9642944;0;0;90.79703522;
5.966449738;100;80;382.8071899;0;0;90.89707184;
5.966452122;100;80;382.6622009;0;0;90.99705505;
5.966453552;100;80;382.505188;0;0;91.09706879;
5.966445446;100;80;382.360321;0;0;91.19705963;
5.966444492;100;80;382.2154541;0;0;91.29706573;
5.966442108;100;80;382.0585938;0;0;91.39705658;
5.9664464;100;80;381.9017334;0;0;91.49706268;
5.966453552;100;80;381.757019;0;0;91.59709167;
5.96644783;100;80;381.6002808;0;0;91.69708252;
5.966438293;100;80;381.4556274;0;0;91.79707336;
5.966444969;100;80;381.3110352;0;0;91.8970871;
5.966445923;100;80;381.1544189;0;0;91.99708557;
5.966454506;100;80;380.9978638;0;0;92.09708405;
5.966454983;100;80;380.8533936;0;0;92.19709015;
5.966444016;100;80;380.6969299;0;0;92.29709625;
5.966441154;100;80;380.5525513;0;0;92.39709473;
5.966444969;100;80;380.4082031;0;0;92.49712372;
5.966455936;100;80;380.2518616;0;0;92.5970993;
5.966449738;100;80;380.0955811;0;0;92.69712067;
5.966439724;100;80;379.951355;0;0;92.79710388;
5.966446877;100;80;379.795166;0;0;92.89713287;
5.966436386;100;80;379.6510315;0;0;92.99711609;
5.966463089;100;80;379.5069275;0;0;93.09712219;
5.966454029;100;80;379.3508911;0;0;93.19712067;
5.966446877;100;80;379.1948853;0;0;93.29711914;
5.966435909;100;80;379.0509338;0;0;93.39713287;
5.966438293;100;80;378.8950195;0;0;93.49713898;
5.966453552;100;80;378.7511292;0;0;93.59712982;
5.966457367;100;80;378.6072998;0;0;93.69714355;
5.966449261;100;80;378.4515381;0;0;93.79714203;
5.966439247;100;80;378.2958069;0;0;93.89714813;
5.966434479;100;80;378.1520996;0;0;93.99716187;
5.966440678;100;80;377.9964905;0;0;94.09716797;
5.966455936;100;80;377.8528748;0;0;94.19715118;
5.966450691;100;80;377.7092896;0;0;94.29716492;
5.96643877;100;80;377.5538025;0;0;94.39716339;
5.966440201;100;80;377.3983765;0;0;94.49717712;
5.966439724;100;80;377.2549438;0;0;94.5971756;
5.966458321;100;80;377.0995789;0;0;94.69716644;
5.966448307;100;80;376.9562378;0;0;94.79717255;
5.966444969;100;80;376.8129272;0;0;94.89717865;
5.966437817;100;80;376.6577454;0;0;94.99718475;
5.966434479;100;80;376.502594;0;0;95.09718323;
5.966458321;100;80;376.3594055;0;0;95.19721222;
5.966453552;100;80;376.2043762;0;0;95.29719543;
5.966447353;100;80;376.0612793;0;0;95.39718628;
5.966444016;100;80;375.9182434;0;0;95.49720001;
5.966436386;100;80;375.7633362;0;0;95.59720612;
5.966440678;100;80;375.60849;0;0;95.69720459;
5.966456413;100;80;375.4655762;0;0;95.79721832;
5.966449261;100;80;375.3108215;0;0;95.89720154;
5.966441154;100;80;375.1679993;0;0;95.99721527;
5.966440678;100;80;375.025238;0;0;96.09722137;
5.966442108;100;80;374.870636;0;0;96.19721985;
5.966454029;100;80;374.7160645;0;0;96.29721832;
5.966449261;100;80;374.5734253;0;0;96.39723206;
5.966446877;100;80;374.4182434;0;0;96.49723053;
5.966436863;100;80;374.2764282;0;0;96.597229;
5.966439247;100;80;374.1332092;0;0;96.69723511;
5.96645546;100;80;373.9788818;0;0;96.79724121;
5.966451168;100;80;373.8253479;0;0;96.89726257;
5.966448307;100;80;373.6822815;0;0;96.99724579;
5.966441631;100;80;373.5281067;0;0;97.09725189;
5.966434002;100;80;373.3858337;0;0;97.197258;
5.966449261;100;80;373.2436218;0;0;97.29725647;
5.966452122;100;80;373.0895996;0;0;97.39727783;
5.966451168;100;80;372.9356384;0;0;97.49726105;
5.966441631;100;80;372.7935791;0;0;97.59726715;
5.966434956;100;80;372.6397095;0;0;97.69726563;
5.966450691;100;80;372.4977417;0;0;97.79727173;
5.966453075;100;80;372.3558044;0;0;97.89728546;
5.966445923;100;80;372.2020874;0;0;97.99728394;
5.966449738;100;80;372.0484314;0;0;98.09728241;
5.966434479;100;80;371.9066162;0;0;98.19730377;
5.966441154;100;80;371.7530823;0;0;98.29728699;
5.966458797;100;80;371.6113892;0;0;98.39730072;
5.966452122;100;80;371.4697266;0;0;98.49729919;
5.9664464;100;80;371.3163147;0;0;98.59731293;
5.966439247;100;80;371.1629639;0;0;98.69729614;
5.966443539;100;80;371.0214539;0;0;98.79730225;
5.966451168;100;80;370.8681946;0;0;98.89730835;
5.966453552;100;80;370.7268066;0;0;98.99732208;
5.966452599;100;80;370.5854187;0;0;99.09732056;
5.966443539;100;80;370.4323425;0;0;99.19732666;
5.966436386;100;80;370.2792969;0;0;99.29736328;
5.966450691;100;80;370.1380615;0;0;99.39733124;
5.966456413;100;80;369.9851379;0;0;99.49732971;
5.966453552;100;80;369.8440247;0;0;99.59735107;
5.966441154;100;80;369.7029419;0;0;99.69733429;
5.96643877;100;80;369.5501709;0;0;99.79734802;
5.966441631;100;80;369.3974304;0;0;99.89733887;
5.966451645;100;80;369.2565002;0;0;99.9973526;
5.96645689;100;80;369.1038818;0;0;100.0973892;
5.9664464;100;80;368.9630432;0;0;100.1974182;
5.966434002;100;80;368.8222656;0;0;100.2973862;
5.966436863;100;80;368.6697998;0;0;100.3973846;
5.966449261;100;80;368.517395;0;0;100.4973602;
5.966453075;100;80;368.37677;0;0;100.5973663;
5.966444969;100;80;368.2244568;0;0;100.6973648;
5.966445446;100;80;368.0839233;0;0;100.7973709;
5.966437817;100;80;367.9434204;0;0;100.8973846;
5.966449738;100;80;367.7912903;0;0;100.9973907;
5.966459751;100;80;367.6391907;0;0;101.0973969;
5.966447353;100;80;367.4988708;0;0;101.1973877;
5.966446877;100;80;367.3468933;0;0;101.2973938;
5.966440201;100;80;367.2066345;0;0;101.3973923;
5.966451168;100;80;367.0664673;0;0;101.497406;
5.96645546;100;80;366.9146423;0;0;101.5974045;
5.966451168;100;80;366.7628784;0;0;101.6974106;
5.966441154;100;80;366.6228333;0;0;101.7974243;
5.966449261;100;80;366.4711914;0;0;101.8974075;
5.966435909;100;80;366.3312378;0;0;101.9974136;
5.966449738;100;80;366.1913452;0;0;102.0974197;
5.966454983;100;80;366.039856;0;0;102.1974182;
5.966444492;100;80;365.8884277;0;0;102.2974243;
5.966436386;100;80;365.7486877;0;0;102.397438;
5.966436863;100;80;365.5973816;0;0;102.4974365;
5.966452599;100;80;365.4577332;0;0;102.597435;
5.966460228;100;80;365.3181458;0;0;102.6974335;
5.966443539;100;80;365.1669922;0;0;102.7974625;
5.966443539;100;80;365.0158997;0;0;102.8974533;
5.966442108;100;80;364.8764648;0;0;102.9974518;
5.966449738;100;80;364.7254944;0;0;103.0974503;
5.966448307;100;80;364.5861511;0;0;103.1974792;
5.966448307;100;80;364.4468689;0;0;103.2974625;
5.966447353;100;80;364.296051;0;0;103.3974686;
5.966436386;100;80;364.1452942;0;0;103.4974594;
5.966449261;100;80;364.0061646;0;0;103.5974655;
5.966449738;100;80;363.8554993;0;0;103.6974716;
5.966449261;100;80;363.7164917;0;0;103.7974777;
5.966443539;100;80;363.5775452;0;0;103.8974762;
5.966450691;100;80;363.427063;0;0;103.9974899;
5.966435909;100;80;363.2766113;0;0;104.0974808;
5.966442108;100;80;363.1378174;0;0;104.1974869;
5.966456413;100;80;362.9874878;0;0;104.297493;
5.966448307;100;80;362.8488159;0;0;104.3974991;
5.966441154;100;80;362.710144;0;0;104.4974976;
5.966441154;100;80;362.5599976;0;0;104.5975342;
5.9664464;100;80;362.4099121;0;0;104.6975098;
5.9664464;100;80;362.2714233;0;0;104.7975082;
5.966445923;100;80;362.12146;0;0;104.8975296;
5.966445446;100;80;361.9830933;0;0;104.9975204;
5.966436863;100;80;361.8447571;0;0;105.0975189;
5.966449738;100;80;361.6949463;0;0;105.1975327;
5.966449738;100;80;361.5451965;0;0;105.2975388;
5.96644783;100;80;361.4070435;0;0;105.3975296;
5.966439724;100;80;361.2574158;0;0;105.4975281;
5.966444969;100;80;361.1193542;0;0;105.5975494;
5.966445446;100;80;360.9813538;0;0;105.6975479;
5.96644783;100;80;360.8318787;0;0;105.7975388;
5.966448307;100;80;360.6824951;0;0;105.8975449;
5.966450691;100;80;360.5446472;0;0;105.9975815;
5.966440678;100;80;360.3968201;0;0;106.0975571;
5.966449738;100;80;360.2590637;0;0;106.1975632;
5.966444969;100;80;360.1099243;0;0;106.297554;
5.966448784;100;80;359.97229;0;0;106.3975677;
5.966449738;100;80;359.8232422;0;0;106.4965668;
5.966442585;100;80;359.68573;0;0;106.5965729;
5.966441154;100;80;359.5368042;0;0;106.696579;
5.966445923;100;80;359.3994141;0;0;106.7965775;
5.966445923;100;80;359.2506104;0;0;106.8965759;
5.966445446;100;80;359.1133118;0;0;106.9965973;
5.966441631;100;80;358.9760437;0;0;107.0965881;
5.966446877;100;80;358.8274231;0;0;107.1966171;
5.966452122;100;80;358.6788635;0;0;107.2965851;
5.966444492;100;80;358.5417786;0;0;107.3966141;
5.966448784;100;80;358.3933411;0;0;107.4966049;
5.966441154;100;80;358.2563782;0;0;107.5965958;
5.966444492;100;80;358.1194763;0;0;107.6966095;
5.966453075;100;80;357.9711914;0;0;107.7966156;
5.966444969;100;80;357.822998;0;0;107.8966141;
5.966453552;100;80;357.6862488;0;0;107.9966431;
5.966446877;100;80;357.5381775;0;0;108.0966415;
5.966444016;100;80;357.4015503;0;0;108.1966324;
5.96643734;100;80;357.2649536;0;0;108.2966232;
5.966450214;100;80;357.1170654;0;0;108.396637;
5.966449738;100;80;356.9692383;0;0;108.4966354;
5.966454029;100;80;356.8328247;0;0;108.5966492;
5.966438293;100;80;356.6851196;0;0;108.69664;
5.966444969;100;80;356.5488281;0;0;108.7966385;
5.966454506;100;80;356.4125671;0;0;108.8966446;
5.966443062;100;80;356.2650452;0;0;108.9966507;
5.966453075;100;80;356.1175842;0;0;109.0966492;
5.966448784;100;80;355.9815063;0;0;109.1966553;
5.966444492;100;80;355.8341675;0;0;109.2966537;
5.966451168;100;80;355.6982117;0;0;109.3966827;
5.966446877;100;80;355.5623169;0;0;109.496666;
5.966443539;100;80;355.4151611;0;0;109.5966721;
5.966445446;100;80;355.2680664;0;0;109.6966858;
5.966439724;100;80;355.1323547;0;0;109.796669;
5.966454983;100;80;354.9853821;0;0;109.8966904;
5.966449738;100;80;354.849762;0;0;109.9966812;
5.966443062;100;80;354.7142334;0;0;110.0967255;
5.966444016;100;80;354.5674438;0;0;110.1966934;
5.966446877;100;80;354.4207153;0;0;110.2966919;
5.966452122;100;80;354.2853394;0;0;110.3967056;
5.966447353;100;80;354.1387634;0;0;110.4967041;
5.966447353;100;80;354.0035095;0;0;110.5967026;
5.966444016;100;80;353.8682861;0;0;110.6967087;
5.966444492;100;80;353.7218933;0;0;110.7967148;
5.966443062;100;80;353.5755615;0;0;110.8967056;
5.966454029;100;80;353.4405212;0;0;110.996727;
5.966442108;100;80;353.2943115;0;0;111.0967178;
5.966441154;100;80;353.1594238;0;0;111.1967392;
5.966451168;100;80;353.0245667;0;0;111.29673;
5.966441631;100;80;352.87854;0;0;111.3967438;
5.96645546;100;80;352.732605;0;0;111.496727;
5.966449261;100;80;352.5979309;0;0;111.5967484;
5.966446877;100;80;352.4521179;0;0;111.6967468;
5.96644783;100;80;352.3175659;0;0;111.7967529;
5.966447353;100;80;352.183075;0;0;111.896759;
5.966452122;100;80;352.0374451;0;0;111.9967499;
5.966451168;100;80;351.8911743;0;0;112.096756;
5.9664464;100;80;351.7568665;0;0;112.1967621;
5.966440678;100;80;351.6114197;0;0;112.2967758;
5.966444969;100;80;351.4772339;0;0;112.3967743;
5.966444969;100;80;351.3431091;0;0;112.4967728;
5.966457844;100;80;351.197876;0;0;112.5967712;
5.966443062;100;80;351.0527039;0;0;112.6967697;
5.966444016;100;80;350.9187317;0;0;112.7967987;
5.966446877;100;80;350.7737122;0;0;112.8967819;
5.966444016;100;80;350.6398926;0;0;112.9967957;
5.966451645;100;80;350.5061035;0;0;113.0967865;
5.966446877;100;80;350.3612671;0;0;113.1967926;
5.966440678;100;80;350.2164917;0;0;113.2968063;
5.966444492;100;80;350.0829163;0;0;113.3967896;
5.96644783;100;80;349.9382629;0;0;113.4968033;
5.966449738;100;80;349.8048096;0;0;113.5968094;
5.966452122;100;80;349.6714172;0;0;113.6968079;
5.966443062;100;80;349.526947;0;0;113.796814;
5.966443062;100;80;349.3825684;0;0;113.8968124;
5.966446877;100;80;349.2493591;0;0;113.9968262;
5.966448307;100;80;349.1051331;0;0;114.0968246;
5.966449261;100;80;348.9720459;0;0;114.1968231;
5.966441631;100;80;348.8390198;0;0;114.2968216;
5.966444969;100;80;348.6949768;0;0;114.3968277;
5.966448307;100;80;348.5509949;0;0;114.4968338;
5.966449738;100;80;348.4181519;0;0;114.5968552;
5.966449738;100;80;348.2743225;0;0;114.6968384;
5.966444969;100;80;348.1416016;0;0;114.7968445;
5.966440678;100;80;348.0089417;0;0;114.8968506;
5.966446877;100;80;347.8652954;0;0;114.9968643;
5.966444969;100;80;347.7217407;0;0;115.0968552;
5.966451645;100;80;347.5892944;0;0;115.1968689;
5.966446877;100;80;347.4458618;0;0;115.2968674;
5.966446877;100;80;347.3135071;0;0;115.3968887;
5.966441154;100;80;347.1812439;0;0;115.4968796;
5.966441154;100;80;347.0380249;0;0;115.5968704;
5.966457367;100;80;346.8948669;0;0;115.6968765;
5.966449738;100;80;346.7627869;0;0;115.796875;
5.966444016;100;80;346.619751;0;0;115.8968811;
5.966444016;100;80;346.487793;0;0;115.9968796;
5.966454506;100;80;346.3559265;0;0;116.0968933;
5.96645546;100;80;346.2131042;0;0;116.1968918;
5.966444016;100;80;346.070343;0;0;116.2968903;
5.966449738;100;80;345.9386597;0;0;116.3968964;
5.966443062;100;80;345.796051;0;0;116.4969101;
5.966439724;100;80;345.6644897;0;0;116.5969162;
5.966448307;100;80;345.5329895;0;0;116.696907;
5.966453552;100;80;345.3878479;0;0;116.7969131;
5.966449261;100;80;345.2564697;0;0;116.8969116;
5.966444016;100;80;345.1142273;0;0;116.9969177;
5.966445446;100;80;344.9829712;0;0;117.0969162;
5.966445446;100;80;344.8408813;0;0;117.1969452;
5.966462135;100;80;344.7097473;0;0;117.2969208;
5.966441631;100;80;344.5677795;0;0;117.3969421;
5.96644783;100;80;344.4367981;0;0;117.496933;
5.966441154;100;80;344.2949829;0;0;117.5969391;
5.966444969;100;80;344.1641235;0;0;117.6969452;
5.966455936;100;80;344.0224304;0;0;117.7969513;
5.966450691;100;80;343.8916931;0;0;117.8969421;
5.966448307;100;80;343.7501526;0;0;117.9969482;
5.966439724;100;80;343.6195679;0;0;118.096962;
5.966449738;100;80;343.4781799;0;0;118.1969681;
5.966445446;100;80;343.3477173;0;0;118.2969589;
5.966450214;100;80;343.2064514;0;0;118.3969727;
5.96644783;100;80;343.0761414;0;0;118.4969635;
5.966441154;100;80;342.9350281;0;0;118.5969696;
5.966441154;100;80;342.8048401;0;0;118.6969681;
5.966453552;100;80;342.6638489;0;0;118.7969742;
5.966454029;100;80;342.5338135;0;0;118.8969803;
5.96644783;100;80;342.3929749;0;0;118.9970093;
5.966441154;100;80;342.2630615;0;0;119.0969925;
5.966444492;100;80;342.1223755;0;0;119.196991;
5.966445923;100;80;341.9925842;0;0;119.2970123;
5.966455936;100;80;341.8520508;0;0;119.3970032;
5.966446877;100;80;341.7224121;0;0;119.4970016;
5.966445923;100;80;341.5820313;0;0;119.5970001;
5.966439247;100;80;341.4525146;0;0;119.6970215;
5.966450691;100;80;341.3122559;0;0;119.79702;
5.966458321;100;80;341.1828918;0;0;119.8970184;
5.966453075;100;80;341.0427856;0;0;119.9970169;
5.96644783;100;80;340.9135437;0;0;120.0970306;
5.966441154;100;80;340.7735901;0;0;120.1970291;
5.966442108;100;80;340.6445007;0;0;120.2970276;
5.966453552;100;80;340.5046997;0;0;120.3970337;
5.966451168;100;80;340.3757324;0;0;120.4970398;
5.966449738;100;80;340.236084;0;0;120.5970383;
5.966442585;100;80;340.1072388;0;0;120.6970444;
5.96643877;100;80;339.9677429;0;0;120.7970428;
5.96644783;100;80;339.8390503;0;0;120.8970413;
5.96645689;100;80;339.699707;0;0;120.9970474;
5.966446877;100;80;339.5711365;0;0;121.0970535;
5.966439247;100;80;339.4319458;0;0;121.1970596;
5.966442585;100;80;339.3035278;0;0;121.2970581;
5.96644783;100;80;339.1644592;0;0;121.3970718;
5.966453075;100;80;339.0361938;0;0;121.4970627;
5.96645689;100;80;338.8972778;0;0;121.5970764;
5.966445446;100;80;338.769165;0;0;121.6970901;
5.966434002;100;80;338.6304016;0;0;121.7970963;
5.966438293;100;80;338.5024109;0;0;121.8970871;
5.96645546;100;80;338.3638;0;0;121.9970856;
5.966449738;100;80;338.2359619;0;0;122.0971069;
5.966443539;100;80;338.0975037;0;0;122.1970901;
5.966437817;100;80;337.9697876;0;0;122.2970963;
5.96643877;100;80;337.8315125;0;0;122.3970947;
5.966454983;100;80;337.7039185;0;0;122.4971085;
5.966453552;100;80;337.5657959;0;0;122.5971298;
5.966449261;100;80;337.4383545;0;0;122.6971054;
5.9664464;100;80;337.3003845;0;0;122.7971039;
5.96643734;100;80;337.1730652;0;0;122.8971176;
5.96643877;100;80;337.0352478;0;0;122.9971237;
5.966464043;100;80;336.9081116;0;0;123.0971222;
5.966452599;100;80;336.7704468;0;0;123.1971283;
5.966442108;100;80;336.6434326;0;0;123.2971268;
5.96643734;100;80;336.5059204;0;0;123.3971634;
5.966443539;100;80;336.3790283;0;0;123.4971466;
5.966455936;100;80;336.2430115;0;0;123.5971375;
5.96645546;100;80;336.116272;0;0;123.6971512;
5.966444492;100;80;335.9790649;0;0;123.797142;
5.966441631;100;80;335.8525085;0;0;123.897171;
5.966439247;100;80;335.7154541;0;0;123.9961472;
5.966458321;100;80;335.5890198;0;0;124.0961838;
5.966449261;100;80;335.4521179;0;0;124.1961594;
5.966450691;100;80;335.3258362;0;0;124.2961655;
5.966440201;100;80;335.1891174;0;0;124.3961639;
5.966440678;100;80;335.0629578;0;0;124.4961777;
5.966452122;100;80;334.9263916;0;0;124.5961761;
5.966453552;100;80;334.800415;0;0;124.6961823;
5.966450214;100;80;334.6640015;0;0;124.7961731;
5.966443539;100;80;334.538147;0;0;124.8961792;
5.966442585;100;80;334.401886;0;0;124.9961853;
5.966444969;100;80;334.2761841;0;0;125.0961838;
5.966454506;100;80;334.1400757;0;0;125.1962051;
5.966453552;100;80;334.0145264;0;0;125.296196;
5.966442108;100;80;333.8786011;0;0;125.3961945;
5.966441154;100;80;333.7532043;0;0;125.4962082;
5.96643734;100;80;333.6174011;0;0;125.596199;
5.966457367;100;80;333.492157;0;0;125.6962051;
5.966454506;100;80;333.3565369;0;0;125.7962189;
5.96644783;100;80;333.2314453;0;0;125.8962097;
5.966436386;100;80;333.0953369;0;0;125.9962158;
5.966445446;100;80;332.9710083;0;0;126.0962296;
5.966453552;100;80;332.8357239;0;0;126.196228;
5.966450691;100;80;332.7109375;0;0;126.2962418;
5.9664464;100;80;332.5758057;0;0;126.3962402;
5.966445446;100;80;332.4511414;0;0;126.4962311;
5.966438293;100;80;332.3155212;0;0;126.5962372;
5.966444016;100;80;332.1910095;0;0;126.6962433;
5.966457844;100;80;332.0562134;0;0;126.7962494;
5.966450691;100;80;331.9318542;0;0;126.8962479;
5.966440678;100;80;331.7972107;0;0;126.996254;
5.966440201;100;80;331.6730042;0;0;127.0962677;
5.966443539;100;80;331.5385437;0;0;127.1962585;
5.966454983;100;80;331.4144897;0;0;127.2962646;
5.966453075;100;80;331.2801819;0;0;127.3962631;
5.966451168;100;80;331.1562805;0;0;127.4962692;
5.966440678;100;80;331.0221558;0;0;127.5962753;
5.966435432;100;80;330.898407;0;0;127.6962738;
5.96645689;100;80;330.7644348;0;0;127.7962799;
5.966454983;100;80;330.6408386;0;0;127.8962784;
5.966451645;100;80;330.507019;0;0;127.9962921;
5.966441154;100;80;330.3835754;0;0;128.096283;
5.966437817;100;80;330.249939;0;0;128.1962891;
5.966455936;100;80;330.1266479;0;0;128.2963104;
5.966457844;100;80;329.9931641;0;0;128.3963013;
5.966445923;100;80;329.8700562;0;0;128.4963074;
5.966442585;100;80;329.7367554;0;0;128.5963135;
5.966444969;100;80;329.6137695;0;0;128.6963043;
5.966444492;100;80;329.4806213;0;0;128.7963104;
5.966454029;100;80;329.3578186;0;0;128.8963165;
5.966451168;100;80;329.2248535;0;0;128.9963226;
5.966450214;100;80;329.1021729;0;0;129.0963287;
5.966442585;100;80;328.9693909;0;0;129.1963348;
5.966440201;100;80;328.8468628;0;0;129.2963257;
5.966451645;100;80;328.7142334;0;0;129.396347;
5.966453552;100;80;328.5918884;0;0;129.4963379;
5.966449738;100;80;328.4594421;0;0;129.596344;
5.966433048;100;80;328.3372498;0;0;129.6963501;
5.966445923;100;80;328.2049561;0;0;129.7963562;
5.966449738;100;80;328.0829163;0;0;129.8964081;
5.966458321;100;80;327.9508057;0;0;129.9963531;
5.966445923;100;80;327.828949;0;0;130.0963593;
5.966444016;100;80;327.696991;0;0;130.1963501;
5.966442108;100;80;327.5752869;0;0;130.2963715;
5.966447353;100;80;327.443512;0;0;130.3963928;
5.9664464;100;80;327.3219604;0;0;130.4963837;
5.966452599;100;80;327.1903687;0;0;130.596405;
5.966444016;100;80;327.0689697;0;0;130.6963959;
5.966444492;100;80;326.9375305;0;0;130.7963715;
5.966445446;100;80;326.8163147;0;0;130.8963776;
5.966449261;100;80;326.6850586;0;0;130.9963837;
5.966451168;100;80;326.5639648;0;0;131.0963898;
5.966445923;100;80;326.4328918;0;0;131.1964111;
5.96643734;100;80;326.3119812;0;0;131.2963867;
5.96644783;100;80;326.1810913;0;0;131.3963928;
5.9664464;100;80;326.0603333;0;0;131.4963989;
5.96645689;100;80;325.9295959;0;0;131.5964203;
5.966452122;100;80;325.809021;0;0;131.6964111;
5.966447353;100;80;325.6784668;0;0;131.7964172;
5.966440201;100;80;325.5580444;0;0;131.8964386;
5.966451168;100;80;325.4276733;0;0;131.9964142;
5.966446877;100;80;325.3074036;0;0;132.0964203;
5.966451645;100;80;325.1772156;0;0;132.1964264;
5.966448307;100;80;325.0571289;0;0;132.2964325;
5.966449261;100;80;324.9270935;0;0;132.3964386;
5.966446877;100;80;324.8071594;0;0;132.4964447;
5.966450214;100;80;324.6773376;0;0;132.5964661;
5.966457844;100;80;324.5575562;0;0;132.6964417;
5.966444969;100;80;324.427887;0;0;132.7964478;
5.966447353;100;80;324.3082886;0;0;132.8964691;
5.966452599;100;80;324.1788025;0;0;132.99646;
5.966441154;100;80;324.0593872;0;0;133.0964661;
5.966453552;100;80;323.9300842;0;0;133.1964722;
5.966449738;100;80;323.810791;0;0;133.296463;
5.966442585;100;80;323.6816711;0;0;133.3964691;
5.966443062;100;80;323.5625916;0;0;133.4964752;
5.966446877;100;80;323.4336548;0;0;133.5964813;
5.966454506;100;80;323.3146973;0;0;133.6964722;
5.9664464;100;80;323.1859436;0;0;133.7964935;
5.966444969;100;80;323.0671692;0;0;133.8964996;
5.966443062;100;80;322.9385986;0;0;133.9964905;
5.966452122;100;80;322.8200073;0;0;134.0964966;
5.96644783;100;80;322.6915894;0;0;134.1965027;
5.966444969;100;80;322.5731506;0;0;134.2964935;
5.966443062;100;80;322.4449463;0;0;134.3964996;
5.966445446;100;80;322.3266907;0;0;134.496521;
5.966451645;100;80;322.1986694;0;0;134.5964966;
5.966445923;100;80;322.0805664;0;0;134.6965027;
5.966453552;100;80;321.9527283;0;0;134.796524;
5.966450691;100;80;321.8348083;0;0;134.8965302;
5.966439724;100;80;321.7071228;0;0;134.996521;
5.966441154;100;80;321.589386;0;0;135.0965271;
5.966447353;100;80;321.4619141;0;0;135.1965332;
5.966455936;100;80;321.3443298;0;0;135.296524;
5.966449738;100;80;321.217041;0;0;135.3965454;
5.966443539;100;80;321.0996399;0;0;135.4965973;
5.966438293;100;80;320.9725342;0;0;135.5965424;
5.966453552;100;80;320.8552856;0;0;135.6965485;
5.966448307;100;80;320.728363;0;0;135.7965546;
5.966450214;100;80;320.6112976;0;0;135.8965454;
5.966440678;100;80;320.4845581;0;0;135.9965515;
5.966451645;100;80;320.3676758;0;0;136.0965576;
5.966452122;100;80;320.2411194;0;0;136.1965637;
5.966443062;100;80;320.1244202;0;0;136.2965851;
5.966451645;100;80;319.9980469;0;0;136.3965607;
5.966448307;100;80;319.8815002;0;0;136.4965668;
5.966441154;100;80;319.7553406;0;0;136.5965729;
5.966450214;100;80;319.6389771;0;0;136.6965942;
5.96644783;100;80;319.5130005;0;0;136.7965851;
5.966445923;100;80;319.3967896;0;0;136.8965912;
5.96644783;100;80;319.2710266;0;0;136.9965973;
5.966444016;100;80;319.1549988;0;0;137.0965881;
5.966443539;100;80;319.0293884;0;0;137.1965942;
5.966451645;100;80;318.9135437;0;0;137.2966003;
5.966445923;100;80;318.788147;0;0;137.3966064;
5.966452122;100;80;318.6724854;0;0;137.4965973;
5.966445446;100;80;318.5472717;0;0;137.5966034;
5.966444969;100;80;318.4317627;0;0;137.6966095;
5.96645546;100;80;318.3067627;0;0;137.7966156;
5.966441631;100;80;318.1914368;0;0;137.896637;
5.966454506;100;80;318.0666199;0;0;137.9966125;
5.966454506;100;80;317.9514771;0;0;138.0966339;
5.96643877;100;80;317.8268433;0;0;138.1966248;
5.966454029;100;80;317.7118835;0;0;138.2966309;
5.966454029;100;80;317.5874329;0;0;138.396637;
5.966452122;100;80;317.4726563;0;0;138.4966431;
5.966449738;100;80;317.3484192;0;0;138.5966339;
5.96643877;100;80;317.2337952;0;0;138.69664;
5.966453552;100;80;317.1097412;0;0;138.7966461;
5.966449261;100;80;316.9953308;0;0;138.8966522;
5.966445446;100;80;316.8714905;0;0;138.9966583;
5.966444492;100;80;316.7572327;0;0;139.0966644;
5.96644783;100;80;316.6335754;0;0;139.1966705;
5.966445923;100;80;316.5195007;0;0;139.2966919;
5.966451645;100;80;316.3960571;0;0;139.3966675;
5.966444016;100;80;316.2821655;0;0;139.4966736;
5.966449738;100;80;316.158905;0;0;139.5966797;
5.966447353;100;80;316.0451965;0;0;139.6966858;
5.9664464;100;80;315.9221497;0;0;139.7966766;
5.966451168;100;80;315.8086243;0;0;139.8966827;
5.966449738;100;80;315.6857605;0;0;139.9966888;
5.966446877;100;80;315.5724182;0;0;140.0966949;
5.966444016;100;80;315.4497375;0;0;140.196701;
5.966445446;100;80;315.3366089;0;0;140.2966919;
5.966453552;100;80;315.2141113;0;0;140.3967133;
5.966451168;100;80;315.1011658;0;0;140.4967041;
5.966449261;100;80;314.9788818;0;0;140.5967102;
5.966450691;100;80;314.8660889;0;0;140.6967163;
5.966443062;100;80;314.7440186;0;0;140.7967224;
5.966451168;100;80;314.6314392;0;0;140.8967285;
5.966453075;100;80;314.509552;0;0;140.9967194;
5.966442585;100;80;314.3983154;0;0;141.0967407;
5.966449261;100;80;314.2766418;0;0;141.1967316;
5.966449738;100;80;314.1638184;0;0;141.2967377;
5.966453552;100;80;314.0423584;0;0;141.3967285;
5.96644783;100;80;313.9303284;0;0;141.4957581;
5.9664464;100;80;313.8090515;0;0;141.5957642;
5.966443062;100;80;313.6972046;0;0;141.695755;
5.966444969;100;80;313.5761414;0;0;141.7957458;
5.966451645;100;80;313.4644775;0;0;141.895752;
5.966455936;100;80;313.3435974;0;0;141.9957581;
5.966446877;100;80;313.2321167;0;0;142.0957642;
5.966438293;100;80;313.1114807;0;0;142.195755;
5.966449738;100;80;313.0001831;0;0;142.2957764;
5.966444969;100;80;312.8797302;0;0;142.3957672;
5.966454983;100;80;312.7686157;0;0;142.4957733;
5.966444969;100;80;312.6483765;0;0;142.5957794;
5.966443539;100;80;312.5374756;0;0;142.6957855;
5.966449738;100;80;312.4174194;0;0;142.7957916;
5.966444969;100;80;312.3067017;0;0;142.8957825;
5.966454029;100;80;312.1868591;0;0;142.9957886;
5.966448784;100;80;312.076355;0;0;143.0957947;
5.966444969;100;80;311.9566956;0;0;143.1958008;
5.966448784;100;80;311.8463745;0;0;143.2957916;
5.966445923;100;80;311.7269592;0;0;143.395813;
5.966452122;100;80;311.6167908;0;0;143.4958038;
5.966452122;100;80;311.4975891;0;0;143.5958099;
5.966448784;100;80;311.3876343;0;0;143.6958008;
5.966446877;100;80;311.2686157;0;0;143.7958069;
5.966444016;100;80;311.1588745;0;0;143.895813;
5.966453552;100;80;311.0400696;0;0;143.9958344;
5.966460228;100;80;310.9305115;0;0;144.0958252;
5.966440678;100;80;310.8119202;0;0;144.1958313;
5.966438293;100;80;310.7025452;0;0;144.2958374;
5.966448307;100;80;310.584137;0;0;144.3958435;
5.96644783;100;80;310.4749756;0;0;144.4958344;
5.966450691;100;80;310.3568115;0;0;144.5958557;
5.966449261;100;80;310.2478333;0;0;144.6958466;
5.966445923;100;80;310.1298523;0;0;144.7958679;
5.966439247;100;80;310.0210571;0;0;144.895874;
5.966444969;100;80;309.9033203;0;0;144.9958649;
5.966458321;100;80;309.7947388;0;0;145.0958557;
5.966453075;100;80;309.6771851;0;0;145.1958618;
5.96644783;100;80;309.5687866;0;0;145.2958679;
5.966438293;100;80;309.4514771;0;0;145.395874;
5.966445446;100;80;309.3432617;0;0;145.4958801;
5.96645689;100;80;309.2261658;0;0;145.5958862;
5.966452599;100;80;309.1181641;0;0;145.6958771;
5.966445446;100;80;309.0012817;0;0;145.7958832;
5.9664464;100;80;308.8934631;0;0;145.8959045;
5.966449738;100;80;308.7767944;0;0;145.9958801;
5.966446877;100;80;308.6691895;0;0;146.0959015;
5.966454983;100;80;308.5527039;0;0;146.1958923;
5.966448307;100;80;308.4453125;0;0;146.2958984;
5.966444969;100;80;308.3290405;0;0;146.3959045;
5.966447353;100;80;308.2218323;0;0;146.4959106;
5.966452599;100;80;308.1058044;0;0;146.5959015;
5.966453552;100;80;307.9988098;0;0;146.6959076;
5.966448784;100;80;307.8829956;0;0;146.7959137;
5.966443062;100;80;307.7761841;0;0;146.8959198;
5.966442108;100;80;307.6605835;0;0;146.9959259;
5.966451168;100;80;307.5539551;0;0;147.0959625;
5.96645546;100;80;307.4385986;0;0;147.1959229;
5.966449738;100;80;307.3321838;0;0;147.295929;
5.966445446;100;80;307.2170105;0;0;147.3959351;
5.966442585;100;80;307.1108093;0;0;147.4959412;
5.966450214;100;80;306.9958801;0;0;147.5959473;
5.966448784;100;80;306.8898621;0;0;147.6959534;
5.966453075;100;80;306.7751465;0;0;147.7959442;
5.966445923;100;80;306.669342;0;0;147.8959503;
5.966445923;100;80;306.5548401;0;0;147.9959717;
5.966441154;100;80;306.4492493;0;0;148.0959625;
5.966449738;100;80;306.3349609;0;0;148.1959686;
5.966459274;100;80;306.2295837;0;0;148.2959747;
5.966444969;100;80;306.115509;0;0;148.3959808;
5.966439247;100;80;306.0103149;0;0;148.4959717;
5.966442108;100;80;305.8964844;0;0;148.5959778;
5.966454506;100;80;305.7915039;0;0;148.6959686;
5.966453552;100;80;305.677887;0;0;148.79599;
5.966449738;100;80;305.5731201;0;0;148.8960114;
5.966454506;100;80;305.4597168;0;0;148.9959869;
5.966444969;100;80;305.3551331;0;0;149.095993;
5.966449261;100;80;305.2419739;0;0;149.1959991;
5.966456413;100;80;305.1376038;0;0;149.29599;
5.966457367;100;80;305.0246582;0;0;149.3959961;
5.966452599;100;80;304.9205017;0;0;149.4960022;
5.966445446;100;80;304.8077698;0;0;149.5960083;
5.966441631;100;80;304.7038269;0;0;149.6960144;
5.966453552;100;80;304.5913391;0;0;149.7960358;
5.966455936;100;80;304.4876099;0;0;149.8960266;
5.966446877;100;80;304.3753357;0;0;149.9960175;
5.966436386;100;80;304.2717896;0;0;150.0960236;
5.966440201;100;80;304.1597595;0;0;150.1960297;
5.966449738;100;80;304.056427;0;0;150.2960358;
5.966454029;100;80;303.9446106;0;0;150.3960419;
5.966449738;100;80;303.8414917;0;0;150.4960327;
5.966447353;100;80;303.7299194;0;0;150.5960388;
5.96643877;100;80;303.6270142;0;0;150.6960754;
5.96643877;100;80;303.5156555;0;0;150.796051;
5.966463566;100;80;303.4129639;0;0;150.8960724;
5.966452599;100;80;303.3018188;0;0;150.996048;
5.966446877;100;80;303.1993408;0;0;151.0960846;
5.966438293;100;80;303.0884399;0;0;151.1960602;
5.966444492;100;80;302.9861755;0;0;151.2960663;
5.966458321;100;80;302.8754883;0;0;151.3960724;
5.966452599;100;80;302.7734375;0;0;151.4961548;
5.966454983;100;80;302.6629944;0;0;151.5960846;
5.966441154;100;80;302.5611572;0;0;151.6960754;
5.966441154;100;80;302.4509277;0;0;151.7960815;
5.966453552;100;80;302.3493042;0;0;151.8961182;
5.966456413;100;80;302.2393188;0;0;151.9960938;
5.966448784;100;80;302.1379089;0;0;152.0960846;
5.966443062;100;80;302.0281677;0;0;152.1960907;
5.966437817;100;80;301.9269714;0;0;152.2961121;
5.966445923;100;80;301.8174438;0;0;152.3961029;
5.966455936;100;80;301.7164612;0;0;152.496109;
5.966449261;100;80;301.6071777;0;0;152.5960999;
5.966448784;100;80;301.5064087;0;0;152.696106;
5.966439247;100;80;301.3973694;0;0;152.7961273;
5.966441154;100;80;301.296814;0;0;152.8961182;
5.966459751;100;80;301.1880188;0;0;152.9961243;
5.966457844;100;80;301.087677;0;0;153.0961304;
5.966440201;100;80;300.9790955;0;0;153.1961365;
5.966444969;100;80;300.8789673;0;0;153.2961273;
5.96643734;100;80;300.7706299;0;0;153.3961334;
5.966460228;100;80;300.6707153;0;0;153.4961395;
5.966457844;100;80;300.5626221;0;0;153.5961456;
5.966449738;100;80;300.4629517;0;0;153.6961517;
5.966443062;100;80;300.355072;0;0;153.7961578;
5.966434479;100;80;300.2556152;0;0;153.8961639;
5.966454029;100;80;300.1479797;0;0;153.9961548;
5.966458321;100;80;300.0487366;0;0;154.0961609;
5.966452122;100;80;299.9413452;0;0;154.196167;
5.966448307;100;80;299.8423157;0;0;154.2961578;
5.966440678;100;80;299.7351379;0;0;154.3961639;
5.966442108;100;80;299.6363525;0;0;154.49617;
5.96645546;100;80;299.5294189;0;0;154.5961761;
5.966456413;100;80;299.4308472;0;0;154.6961823;
5.966444969;100;80;299.3241577;0;0;154.7961884;
5.966441631;100;80;299.2257996;0;0;154.8961792;
5.966445923;100;80;299.1193848;0;0;154.9961853;
5.966456413;100;80;299.0212402;0;0;155.0961914;
5.966451645;100;80;298.9150391;0;0;155.1962128;
5.966453075;100;80;298.8171082;0;0;155.2962189;
5.966446877;100;80;298.7111816;0;0;155.3962097;
5.966441631;100;80;298.6134644;0;0;155.4962158;
5.966453552;100;80;298.5077515;0;0;155.5962219;
5.966460705;100;80;298.4103088;0;0;155.6962128;
5.966448307;100;80;298.3048096;0;0;155.7962189;
5.966443539;100;80;298.2070618;0;0;155.896225;
5.966441154;100;80;298.102356;0;0;155.9962311;
5.966448307;100;80;298.0053406;0;0;156.0962372;
5.966454983;100;80;297.9003601;0;0;156.1962433;
5.966448307;100;80;297.8035583;0;0;156.2962341;
5.966449738;100;80;297.698822;0;0;156.3962402;
5.966441154;100;80;297.6017456;0;0;156.4962616;
5.966442108;100;80;297.4972534;0;0;156.5962372;
5.966456413;100;80;297.4009094;0;0;156.6962585;
5.966452599;100;80;297.2966614;0;0;156.7962494;
5.966448784;100;80;297.200531;0;0;156.8962708;
5.966445446;100;80;297.0965576;0;0;156.9962616;
5.966439724;100;80;297.0006714;0;0;157.0962677;
5.966453552;100;80;296.8969116;0;0;157.1962585;
5.966459274;100;80;296.801239;0;0;157.2962646;
5.966450691;100;80;296.6977234;0;0;157.3962708;
5.966441154;100;80;296.6022949;0;0;157.4962769;
5.966443062;100;80;296.499054;0;0;157.596283;
5.966455936;100;80;296.4038391;0;0;157.6962738;
5.966457367;100;80;296.3008423;0;0;157.7962799;
5.966455936;100;80;296.2058716;0;0;157.896286;
5.966445446;100;80;296.1030884;0;0;157.9963226;
5.966445923;100;80;296.0083618;0;0;158.0962982;
5.966452599;100;80;295.9058533;0;0;158.1963043;
5.966454506;100;80;295.8113403;0;0;158.2962952;
5.966449261;100;80;295.7090759;0;0;158.3963165;
5.966447353;100;80;295.6147766;0;0;158.4963074;
5.966441154;100;80;295.5137634;0;0;158.5963135;
5.966439247;100;80;295.4197083;0;0;158.6963196;
5.966457367;100;80;295.3179321;0;0;158.7963257;
5.966459751;100;80;295.2241211;0;0;158.8963165;
5.96644783;100;80;295.1226196;0;0;158.9953308;
5.966449261;100;80;295.0290222;0;0;159.0953217;
5.966440201;100;80;294.9277649;0;0;159.195343;
5.966449261;100;80;294.8344116;0;0;159.2953339;
5.966451645;100;80;294.733429;0;0;159.39534;
5.966450214;100;80;294.6403198;0;0;159.4953766;
5.966446877;100;80;294.5395508;0;0;159.5953369;
5.966443062;100;80;294.4466858;0;0;159.6953583;
5.966451168;100;80;294.3461914;0;0;159.7953644;
5.966456413;100;80;294.25354;0;0;159.8953552;
5.966457367;100;80;294.1532898;0;0;159.9953613;
5.966444492;100;80;294.0608826;0;0;160.0953674;
5.966444492;100;80;293.9608765;0;0;160.1953583;
5.9664464;100;80;293.8687134;0;0;160.2953644;
5.96644783;100;80;293.7689819;0;0;160.3953705;
5.966458321;100;80;293.6770325;0;0;160.4953766;
5.966451168;100;80;293.5775757;0;0;160.5953827;
5.966441631;100;80;293.4858704;0;0;160.6953888;
5.966442108;100;80;293.3866577;0;0;160.7953796;
5.966451645;100;80;293.2951965;0;0;160.8954163;
5.96645546;100;80;293.196228;0;0;160.9953918;
5.966453075;100;80;293.105011;0;0;161.0953979;
5.966444969;100;80;293.0063171;0;0;161.1954041;
5.966445446;100;80;292.9153137;0;0;161.2954102;
5.966454506;100;80;292.816864;0;0;161.395401;
5.966458321;100;80;292.7261353;0;0;161.4954224;
5.966450214;100;80;292.6279602;0;0;161.5954132;
5.966444969;100;80;292.5374451;0;0;161.6954193;
5.966444969;100;80;292.4395142;0;0;161.7954254;
5.966448307;100;80;292.3492432;0;0;161.8954163;
5.966450214;100;80;292.2515869;0;0;161.9954224;
5.966454506;100;80;292.1615601;0;0;162.0954285;
5.966449738;100;80;292.0641785;0;0;162.1954498;
5.966436386;100;80;291.9743652;0;0;162.2954407;
5.966453075;100;80;291.8772583;0;0;162.3954468;
5.966444969;100;80;291.7876892;0;0;162.4954529;
5.966458321;100;80;291.6908264;0;0;162.5954437;
5.966450691;100;80;291.601532;0;0;162.6954498;
5.966441154;100;80;291.5049133;0;0;162.7954559;
5.966448784;100;80;291.415863;0;0;162.895462;
5.966452122;100;80;291.319519;0;0;162.9954529;
5.966451168;100;80;291.2306824;0;0;163.0954742;
5.966449261;100;80;291.134613;0;0;163.1954651;
5.966449738;100;80;291.046051;0;0;163.2954712;
5.966446877;100;80;290.9502258;0;0;163.395462;
5.966451645;100;80;290.861908;0;0;163.4954834;
5.966447353;100;80;290.7663269;0;0;163.5955048;
5.96645546;100;80;290.6782532;0;0;163.6954803;
5.966444969;100;80;290.5829773;0;0;163.795517;
5.9664464;100;80;290.4951477;0;0;163.8954926;
5.966453552;100;80;290.400116;0;0;163.9954987;
5.966445923;100;80;290.3125305;0;0;164.0954895;
5.966457367;100;80;290.2177734;0;0;164.1955109;
5.966448784;100;80;290.1304321;0;0;164.2955017;
5.966443539;100;80;290.0359497;0;0;164.3955078;
5.966453552;100;80;289.9488525;0;0;164.4955292;
5.966451168;100;80;289.8546448;0;0;164.5955048;
5.966445446;100;80;289.7677917;0;0;164.6955261;
5.966458321;100;80;289.6738281;0;0;164.795517;
5.966444492;100;80;289.5872498;0;0;164.8955536;
5.966440678;100;80;289.4935608;0;0;164.9955292;
5.966452122;100;80;289.407196;0;0;165.0955353;
5.966456413;100;80;289.3138123;0;0;165.1955414;
5.96644783;100;80;289.2276917;0;0;165.2955475;
5.966448307;100;80;289.134552;0;0;165.3955383;
5.966451645;100;80;289.0487061;0;0;165.4955597;
5.966446877;100;80;288.9558411;0;0;165.5955658;
5.966448307;100;80;288.8702393;0;0;165.6955566;
5.966454983;100;80;288.7776489;0;0;165.7955627;
5.96644783;100;80;288.6922913;0;0;165.8955688;
5.966446877;100;80;288.5999756;0;0;165.9955597;
5.966451645;100;80;288.5148926;0;0;166.0955658;
5.966444492;100;80;288.422821;0;0;166.1955566;
5.966454029;100;80;288.3379822;0;0;166.2955933;
5.966442108;100;80;288.2462158;0;0;166.3955688;
5.966445446;100;80;288.1616211;0;0;166.495575;
5.966459274;100;80;288.0701294;0;0;166.5955811;
5.966449738;100;80;287.9857788;0;0;166.6955872;
5.966444969;100;80;287.8945618;0;0;166.7955933;
5.966454029;100;80;287.8104553;0;0;166.8955994;
5.966450691;100;80;287.7195129;0;0;166.9955902;
5.966448784;100;80;287.6356812;0;0;167.0955963;
5.966449738;100;80;287.5450134;0;0;167.1956024;
5.9664464;100;80;287.4614258;0;0;167.2956238;
5.966450691;100;80;287.3710327;0;0;167.3956146;
5.966448784;100;80;287.2877197;0;0;167.4956207;
5.96644783;100;80;287.1975708;0;0;167.5956268;
5.966460228;100;80;287.1145325;0;0;167.6956177;
5.966448307;100;80;287.0246582;0;0;167.795639;
5.966448307;100;80;286.941864;0;0;167.8956299;
5.966445923;100;80;286.8522949;0;0;167.995636;
5.966444016;100;80;286.7697449;0;0;168.0957031;
5.966458321;100;80;286.6804504;0;0;168.1956482;
5.966453075;100;80;286.598175;0;0;168.295639;
5.966452599;100;80;286.5091553;0;0;168.3956299;
5.966450214;100;80;286.427124;0;0;168.4956512;
5.966450214;100;80;286.3383789;0;0;168.5956573;
5.966442585;100;80;286.2566223;0;0;168.6956482;
5.966450691;100;80;286.1681519;0;0;168.7956543;
5.966448784;100;80;286.0866394;0;0;168.8957062;
5.9664464;100;80;285.9984741;0;0;168.9956665;
5.966448784;100;80;285.9172058;0;0;169.0956726;
5.966450691;100;80;285.8293152;0;0;169.1956635;
5.9664464;100;80;285.7483215;0;0;169.2956696;
5.966442108;100;80;285.6607361;0;0;169.3956757;
5.966445923;100;80;285.5799866;0;0;169.4956818;
5.966441631;100;80;285.4926758;0;0;169.5956879;
5.966450691;100;80;285.4122009;0;0;169.695694;
5.966452599;100;80;285.3251343;0;0;169.7956848;
5.966449738;100;80;285.2449341;0;0;169.8956909;
5.966441631;100;80;285.1581726;0;0;169.995697;
5.966453552;100;80;285.0782166;0;0;170.0957031;
5.966449261;100;80;284.9917603;0;0;170.1957092;
5.966454983;100;80;284.9120789;0;0;170.2957306;
5.9664464;100;80;284.8258667;0;0;170.3957214;
5.966448784;100;80;284.74646;0;0;170.4957123;
5.966452599;100;80;284.660553;0;0;170.5957031;
5.966444969;100;80;284.5813904;0;0;170.6957245;
5.966457367;100;80;284.4957581;0;0;170.7957306;
5.966451168;100;80;284.4168701;0;0;170.8957214;
5.966445446;100;80;284.331543;0;0;170.9957275;
5.966440201;100;80;284.2528992;0;0;171.0957336;
5.966444969;100;80;284.1678772;0;0;171.1957397;
5.966447353;100;80;284.0895081;0;0;171.2957306;
5.966456413;100;80;284.0047607;0;0;171.3957672;
5.9664464;100;80;283.926239;0;0;171.4957581;
5.966439724;100;80;283.8417664;0;0;171.5957489;
5.966452122;100;80;283.7639465;0;0;171.695755;
5.966450214;100;80;283.6797791;0;0;171.7957458;
5.966458797;100;80;283.6022034;0;0;171.895752;
5.966444016;100;80;283.5183105;0;0;171.9957733;
5.966450691;100;80;283.4410095;0;0;172.0957642;
5.966448784;100;80;283.3574219;0;0;172.1957703;
5.9664464;100;80;283.2803955;0;0;172.2957611;
5.96645546;100;80;283.1970825;0;0;172.3957672;
5.966452599;100;80;283.1203308;0;0;172.4957886;
5.966444016;100;80;283.0372925;0;0;172.5957794;
5.966443062;100;80;282.9608154;0;0;172.6957855;
5.966444492;100;80;282.8780823;0;0;172.7957916;
5.966454983;100;80;282.8018494;0;0;172.8957977;
5.966451168;100;80;282.7194214;0;0;172.9958038;
5.966444969;100;80;282.6434937;0;0;173.0957947;
5.966441154;100;80;282.5613403;0;0;173.1958008;
5.966451168;100;80;282.4856567;0;0;173.2958069;
5.966453552;100;80;282.4038086;0;0;173.3957977;
5.96645546;100;80;282.3283997;0;0;173.4958038;
5.96644783;100;80;282.2468567;0;0;173.5958252;
5.966444016;100;80;282.1717224;0;0;173.695816;
5.966440678;100;80;282.0904541;0;0;173.7958221;
5.96644783;100;80;282.0155945;0;0;173.8958282;
5.966457844;100;80;281.9346313;0;0;173.9958344;
5.966448784;100;80;281.8600159;0;0;174.0958405;
5.966449738;100;80;281.7793579;0;0;174.1958313;
5.966444016;100;80;281.7050476;0;0;174.2958679;
5.966447353;100;80;281.6246643;0;0;174.3958435;
5.966453552;100;80;281.5506287;0;0;174.4958649;
5.966454983;100;80;281.4705505;0;0;174.5958557;
5.966453075;100;80;281.396759;0;0;174.6958618;
5.966444969;100;80;281.3169861;0;0;174.7958527;
5.966438293;100;80;281.2434998;0;0;174.8958588;
5.966458321;100;80;281.164032;0;0;174.9958649;
5.966449261;100;80;281.0907898;0;0;175.095871;
5.966451168;100;80;281.0116272;0;0;175.1958618;
5.966452122;100;80;280.9386597;0;0;175.2958832;
5.966441154;100;80;280.8597717;0;0;175.395874;
5.966449738;100;80;280.7871094;0;0;175.4958801;
5.966459274;100;80;280.7085266;0;0;175.5958862;
5.966450214;100;80;280.6361389;0;0;175.6958771;
5.966446877;100;80;280.5578613;0;0;175.7958984;
5.966442585;100;80;280.4857483;0;0;175.8958893;
5.966445923;100;80;280.4077454;0;0;175.9958954;
5.966461182;100;80;280.3366699;0;0;176.0959015;
5.966448784;100;80;280.2589722;0;0;176.1959076;
5.966441631;100;80;280.1874084;0;0;176.2959137;
5.966451645;100;80;280.1100464;0;0;176.3959045;
5.966444969;100;80;280.0387573;0;0;176.4949188;
5.966457367;100;80;279.9616699;0;0;176.5949097;
5.966457367;100;80;279.8906555;0;0;176.6949158;
5.966442585;100;80;279.8139038;0;0;176.7949219;
5.966439724;100;80;279.7431641;0;0;176.8949432;
5.966441154;100;80;279.666687;0;0;176.9949341;
5.96645546;100;80;279.5962524;0;0;177.0949402;
5.966449738;100;80;279.5200806;0;0;177.1949615;
5.96644783;100;80;279.4499207;0;0;177.2949524;
5.966441631;100;80;279.374054;0;0;177.3949432;
5.966444492;100;80;279.3041687;0;0;177.4949493;
5.966450691;100;80;279.2286072;0;0;177.5949402;
5.96645689;100;80;279.1589966;0;0;177.6949463;
5.96645546;100;80;279.0837708;0;0;177.7949829;
5.966446877;100;80;279.0144348;0;0;177.8949738;
5.966446877;100;80;278.9394836;0;0;177.9949646;
5.966452122;100;80;278.8704529;0;0;178.0949707;
5.966460705;100;80;278.7958069;0;0;178.1949921;
5.966458321;100;80;278.7270508;0;0;178.2949829;
5.966442585;100;80;278.6527405;0;0;178.394989;
5.966443539;100;80;278.584259;0;0;178.4949799;
5.96644783;100;80;278.5102234;0;0;178.594986;
5.966462135;100;80;278.4420471;0;0;178.6949768;
5.96645689;100;80;278.3683167;0;0;178.7949982;
5.966453075;100;80;278.300415;0;0;178.8950043;
5.966443062;100;80;278.2270203;0;0;178.9950104;
5.966441154;100;80;278.1593933;0;0;179.0950012;
5.966461658;100;80;278.0863037;0;0;179.1950073;
5.966455936;100;80;278.0189819;0;0;179.2949982;
5.966454029;100;80;277.9461975;0;0;179.3950348;
5.966441631;100;80;277.8791504;0;0;179.4950256;
5.966436863;100;80;277.8066711;0;0;179.595047;
5.966441631;100;80;277.7398987;0;0;179.6950226;
5.966462135;100;80;277.6677246;0;0;179.7950439;
5.966445923;100;80;277.6012573;0;0;179.89505;
5.966442108;100;80;277.5294189;0;0;179.9950562;
5.966442585;100;80;277.4632263;0;0;180.0950623;
5.966443062;100;80;277.3916626;0;0;180.1950684;
5.966459751;100;80;277.3257751;0;0;180.2950439;
5.966458321;100;80;277.2545471;0;0;180.3950653;
5.966439247;100;80;277.1889343;0;0;180.4950714;
5.966441631;100;80;277.1180115;0;0;180.595047;
5.966440201;100;80;277.0527039;0;0;180.6950531;
5.966464043;100;80;276.9820862;0;0;180.7950745;
5.966454506;100;80;276.9170532;0;0;180.8950806;
5.966453552;100;80;276.8467712;0;0;180.9950714;
5.966441631;100;80;276.7820435;0;0;181.0950928;
5.966441154;100;80;276.7120667;0;0;181.1950836;
5.966444969;100;80;276.6476135;0;0;181.2950897;
5.966460228;100;80;276.5779419;0;0;181.3950958;
5.966452599;100;80;276.5137939;0;0;181.4950867;
5.966444969;100;80;276.444458;0;0;181.5950928;
5.966445923;100;80;276.3805847;0;0;181.6950836;
5.966449738;100;80;276.311554;0;0;181.7951202;
5.966462135;100;80;276.2479858;0;0;181.8950958;
5.966454029;100;80;276.1792603;0;0;181.9951019;
5.966448307;100;80;276.1159668;0;0;182.095108;
5.966441154;100;80;276.0475769;0;0;182.1951141;
5.966440678;100;80;275.9845886;0;0;182.295105;
5.966458321;100;80;275.9165039;0;0;182.3951263;
5.966461182;100;80;275.8538208;0;0;182.4951172;
5.966445923;100;80;275.7860413;0;0;182.5951385;
5.966444492;100;80;275.7236633;0;0;182.6951294;
5.966439724;100;80;275.6562195;0;0;182.7951355;
5.966458797;100;80;275.5940857;0;0;182.8951416;
5.966458321;100;80;275.5269775;0;0;182.9951477;
5.966450691;100;80;275.4651489;0;0;183.0951385;
5.966450214;100;80;275.3983459;0;0;183.1951599;
5.966441154;100;80;275.336853;0;0;183.2951508;
5.96645546;100;80;275.2703552;0;0;183.3951721;
5.966460705;100;80;275.209137;0;0;183.4951477;
5.966446877;100;80;275.1429749;0;0;183.5951385;
5.966448784;100;80;275.0820313;0;0;183.6951599;
5.966442585;100;80;275.0162048;0;0;183.795166;
5.966444492;100;80;274.9555664;0;0;183.8951721;
5.966460705;100;80;274.8900452;0;0;183.9951782;
5.966447353;100;80;274.8297119;0;0;184.0951691;
5.966451645;100;80;274.7645264;0;0;184.1951752;
5.9664464;100;80;274.7044678;0;0;184.2951965;
5.966437817;100;80;274.6396179;0;0;184.3951874;
5.966452122;100;80;274.5798645;0;0;184.4951782;
5.966458321;100;80;274.5153198;0;0;184.5951996;
5.966454506;100;80;274.4558716;0;0;184.6951904;
5.96643877;100;80;274.3916321;0;0;184.7951813;
5.966443062;100;80;274.3325195;0;0;184.8952026;
5.966451645;100;80;274.2685852;0;0;184.9952087;
5.966457844;100;80;274.2097473;0;0;185.0952148;
5.966452122;100;80;274.1461792;0;0;185.1952057;
5.9664464;100;80;274.0876465;0;0;185.2952271;
5.966439724;100;80;274.0243835;0;0;185.3952179;
5.966447353;100;80;273.9661255;0;0;185.4952393;
5.966460228;100;80;273.9031982;0;0;185.5952148;
5.966448784;100;80;273.8452759;0;0;185.6952362;
5.966454029;100;80;273.7826538;0;0;185.7952423;
5.966442108;100;80;273.7250366;0;0;185.8952332;
5.966444969;100;80;273.6627502;0;0;185.9952545;
5.966453552;100;80;273.6054077;0;0;186.0952301;
5.966459751;100;80;273.543457;0;0;186.1952362;
5.966444969;100;80;273.4864197;0;0;186.2952423;
5.966446877;100;80;273.4248047;0;0;186.3952484;
5.966441154;100;80;273.3677673;0;0;186.4952393;
5.966454506;100;80;273.3064575;0;0;186.5952454;
5.966458321;100;80;273.2500305;0;0;186.6952667;
5.966449738;100;80;273.1890869;0;0;186.7952728;
5.966445923;100;80;273.1329346;0;0;186.8952637;
5.966444016;100;80;273.0722961;0;0;186.995285;
5.966453552;100;80;273.0164795;0;0;187.0952759;
5.966457844;100;80;272.9561768;0;0;187.1952667;
5.966451645;100;80;272.9006653;0;0;187.2953033;
5.966445923;100;80;272.8406677;0;0;187.3952789;
5.966449738;100;80;272.7854614;0;0;187.495285;
5.966444016;100;80;272.7257996;0;0;187.5952911;
5.966457367;100;80;272.6708984;0;0;187.6953125;
5.966459274;100;80;272.6115723;0;0;187.7953033;
5.96644783;100;80;272.5569763;0;0;187.8953094;
5.966444969;100;80;272.4979858;0;0;187.9953003;
5.966445923;100;80;272.4436951;0;0;188.0953064;
5.966444969;100;80;272.3850403;0;0;188.1953125;
5.966450691;100;80;272.3310547;0;0;188.2953033;
5.966453552;100;80;272.2727356;0;0;188.3953094;
5.966448784;100;80;272.2190552;0;0;188.4953308;
5.966448784;100;80;272.1610413;0;0;188.5953217;
5.966448784;100;80;272.107666;0;0;188.6953583;
5.966455936;100;80;272.0500183;0;0;188.7953339;
5.966452122;100;80;271.9969482;0;0;188.8953247;
5.966450691;100;80;271.9396057;0;0;188.9953461;
5.966439724;100;80;271.8868713;0;0;189.0953522;
5.966451645;100;80;271.8298645;0;0;189.195343;
5.966454029;100;80;271.7774048;0;0;189.2953491;
5.966451168;100;80;271.7207642;0;0;189.39534;
5.966447353;100;80;271.6686096;0;0;189.4953613;
5.966446877;100;80;271.6122742;0;0;189.5953674;
5.966444969;100;80;271.5604553;0;0;189.6953735;
5.966457367;100;80;271.5044556;0;0;189.7953644;
5.966454506;100;80;271.4529419;0;0;189.8953705;
5.966439247;100;80;271.3972778;0;0;189.9953766;
5.966448307;100;80;271.3460693;0;0;190.0953674;
5.96644783;100;80;271.2907715;0;0;190.1953735;
5.966455936;100;80;271.2398682;0;0;190.2953796;
5.96644783;100;80;271.1848755;0;0;190.3953857;
5.966452599;100;80;271.1342773;0;0;190.4953918;
5.966442108;100;80;271.0796509;0;0;190.5953827;
5.966441631;100;80;271.0293579;0;0;190.6953888;
5.96645546;100;80;270.9750671;0;0;190.7953949;
5.966442585;100;80;270.9250793;0;0;190.895401;
5.966455936;100;80;270.8204346;0;0;191.0954132;
5.966440201;100;80;270.7709045;0;0;191.1954193;
5.966452122;100;80;270.7174683;0;0;191.2954102;
5.966453552;100;80;270.6641846;0;0;191.3954163;
