sep=;
unknown1; unknown2; currentSpeed; currentLimit; nextLimit; distance; gaspedal; brakepedal; timestamp


0.3152318597;100;80;512.0552368;0;0;0.1000155509;
0.4713551104;100;80;512.0452271;0;0;0.2000357211;
0.6333733797;100;80;512.0321655;0;0;0.3000374138;
0.7749566436;100;80;512.0142822;0;0;0.4000175595;
0.9213811755;100;80;511.9938965;0;0;0.5000448823;
1.053316474;100;80;511.9675293;0;0;0.6000235081;
1.192306042;100;80;511.9395752;0;0;0.7000293136;
1.317301154;100;80;511.9053955;0;0;0.8000489473;
1.449434161;100;80;511.8703308;0;0;0.9000763297;
1.568105817;100;80;511.8286438;0;0;1.00004828;
1.693413615;100;80;511.7868958;0;0;1.100055099;
1.806276798;100;80;511.7381287;0;0;1.200070143;
1.925151706;100;80;511.6900024;0;0;1.300058484;
2.032118559;100;80;511.6345825;0;0;1.40006578;
2.145160913;100;80;511.5804138;0;0;1.500073671;
2.246715784;100;80;511.5185852;0;0;1.600066662;
2.353654385;100;80;511.4587097;0;0;1.700072885;
2.449852943;100;80;511.3908997;0;0;1.800081849;
2.551312208;100;80;511.325592;0;0;1.900102019;
2.642117023;100;80;511.2520752;0;0;2.000100613;
2.737934828;100;80;511.1816711;0;0;2.100098133;
2.824187994;100;80;511.1027527;0;0;2.200095177;
2.90799284;100;80;511.0275269;0;0;2.300103188;
2.996435165;100;80;510.9435425;0;0;2.400113106;
3.082260609;100;80;510.863739;0;0;2.500107527;
3.159395456;100;80;510.7749634;0;0;2.600116491;
3.24063158;100;80;510.6908569;0;0;2.700128794;
3.313609123;100;80;510.5975342;0;0;2.800143957;
3.390677214;100;80;510.5093994;0;0;2.900128126;
3.459644318;100;80;510.4117737;0;0;3.000130892;
3.532410145;100;80;510.3197937;0;0;3.100136042;
3.597713947;100;80;510.2181702;0;0;3.200156212;
3.666649342;100;80;510.1226196;0;0;3.300150394;
3.728340387;100;80;510.0171814;0;0;3.400144339;
3.7934165;100;80;509.9182434;0;0;3.50015378;
3.851823807;100;80;509.8092651;0;0;3.600163221;
3.913379431;100;80;509.7071228;0;0;3.70017004;
3.968651056;100;80;509.5948181;0;0;3.80017066;
4.026906967;100;80;509.4896851;0;0;3.900175333;
4.07920742;100;80;509.3742676;0;0;4.000173092;
4.134343147;100;80;509.2663269;0;0;4.100186825;
4.183830738;100;80;509.1479797;0;0;4.200183392;
4.23607254;100;80;509.0374451;0;0;4.300187111;
4.282959938;100;80;508.9163208;0;0;4.400220871;
4.332397938;100;80;508.8033447;0;0;4.5002141;
4.376693249;100;80;508.6796875;0;0;4.600200653;
4.423454285;100;80;508.5643921;0;0;4.700208187;
4.444632053;100;80;508.4966736;0;0;4.750207424;
4.485967159;100;80;508.3791809;0;0;4.850224972;
4.529595375;100;80;508.2520447;0;0;4.950239658;
4.568580627;100;80;508.1331482;0;0;5.05024004;
4.609775543;100;80;508.0032959;0;0;5.150238514;
4.646574974;100;80;507.8825684;0;0;5.25024271;
4.685203075;100;80;507.750824;0;0;5.350232124;
4.719964504;100;80;507.6283875;0;0;5.450242996;
4.756384373;100;80;507.494873;0;0;5.550236702;
4.789053917;100;80;507.3702393;0;0;5.65024519;
4.823711872;100;80;507.2351379;0;0;5.750361443;
4.854594707;100;80;507.1097412;0;0;5.850261211;
4.887139797;100;80;506.973175;0;0;5.9502635;
4.91626358;100;80;506.8464661;0;0;6.050264835;
4.946853638;100;80;506.7085876;0;0;6.150276184;
4.97427702;100;80;506.5807495;0;0;6.250286102;
5.003203869;100;80;506.4416809;0;0;6.350276947;
5.029212475;100;80;506.3128357;0;0;6.450298786;
5.056404114;100;80;506.172699;0;0;6.550302982;
5.080787182;100;80;506.0429382;0;0;6.650306702;
5.106465816;100;80;505.901886;0;0;6.750313282;
5.129338264;100;80;505.7713013;0;0;6.850313663;
5.153406143;100;80;505.6294556;0;0;6.950321674;
5.174842834;100;80;505.4981995;0;0;7.050303459;
5.197321415;100;80;505.3666687;0;0;7.150345325;
5.217407227;100;80;505.2238464;0;0;7.25032711;
5.238325596;100;80;505.08078;0;0;7.350329876;
5.257126808;100;80;504.9485168;0;0;7.450349331;
5.276817799;100;80;504.81604;0;0;7.550341606;
5.294341564;100;80;504.6723633;0;0;7.65034771;
5.312707901;100;80;504.5285339;0;0;7.750333786;
5.329277039;100;80;504.3956299;0;0;7.85035038;
5.346616268;100;80;504.2515869;0;0;7.950363159;
5.361950874;100;80;504.1185303;0;0;8.050372124;
5.378205776;100;80;503.9743347;0;0;8.150382996;
5.392632484;100;80;503.841217;0;0;8.250359535;
5.407871246;100;80;503.6970215;0;0;8.350366592;
5.421438694;100;80;503.5639038;0;0;8.450370789;
5.435669422;100;80;503.4197693;0;0;8.550378799;
5.448361874;100;80;503.2867737;0;0;8.650403023;
5.461628437;100;80;503.1427612;0;0;8.750405312;
5.473626137;100;80;503.0099487;0;0;8.850382805;
5.486047745;100;80;502.8772583;0;0;8.950387001;
5.497219086;100;80;502.7336426;0;0;9.050397873;
5.50895834;100;80;502.59021;0;0;9.150400162;
5.51949358;100;80;502.4579773;0;0;9.250400543;
5.530447483;100;80;502.3149414;0;0;9.350404739;
5.540192604;100;80;502.183136;0;0;9.450415611;
5.550545216;100;80;502.0515442;0;0;9.550433159;
5.559732437;100;80;501.9092407;0;0;9.650419235;
5.569464207;100;80;501.7672424;0;0;9.750430107;
5.578118324;100;80;501.6364136;0;0;9.850444794;
5.587240696;100;80;501.4950562;0;0;9.950431824;
5.595410347;100;80;501.3648376;0;0;10.05045128;
5.603995323;100;80;501.2349548;0;0;10.15044022;
5.611620903;100;80;501.094635;0;0;10.25044632;
5.619608879;100;80;500.9546814;0;0;10.35044765;
5.626867294;100;80;500.8258972;0;0;10.4504509;
5.634373665;100;80;500.6867676;0;0;10.550457;
5.641158581;100;80;500.5587463;0;0;10.65046215;
5.648301125;100;80;500.4311218;0;0;10.75046349;
5.654763222;100;80;500.293335;0;0;10.85046864;
5.661389351;100;80;500.1560364;0;0;10.95048523;
5.66741991;100;80;500.0297546;0;0;11.05047607;
5.673715591;100;80;499.8934631;0;0;11.15049648;
5.679456711;100;80;499.7681274;0;0;11.25049686;
5.68540144;100;80;499.64328;0;0;11.35049629;
5.690667152;100;80;499.5085449;0;0;11.45049858;
5.696225643;100;80;499.3744202;0;0;11.55049706;
5.701298714;100;80;499.2511292;0;0;11.65050507;
5.70659399;100;80;499.1181335;0;0;11.75051022;
5.711286068;100;80;498.9959412;0;0;11.85052681;
5.716165066;100;80;498.8742981;0;0;11.95052147;
5.720585823;100;80;498.7431335;0;0;12.05054855;
5.725207329;100;80;498.6126404;0;0;12.15057182;
5.729418755;100;80;498.4927979;0;0;12.25053215;
5.733818531;100;80;498.3636169;0;0;12.35054588;
5.737711906;100;80;498.2449646;0;0;12.4505434;
5.741731167;100;80;498.1269531;0;0;12.55054474;
5.745395184;100;80;497.9998169;0;0;12.65055847;
5.74928093;100;80;497.8733826;0;0;12.75055122;
5.75265789;100;80;497.7573547;0;0;12.85056591;
5.756294727;100;80;497.6324158;0;0;12.95056057;
5.75948;100;80;497.5177612;0;0;13.05056477;
5.762840271;100;80;497.4037476;0;0;13.15063095;
5.765851021;100;80;497.2810364;0;0;13.25057888;
5.76896286;100;80;497.1591187;0;0;13.35059547;
5.771764755;100;80;497.0473022;0;0;13.4505806;
5.774688721;100;80;496.9269714;0;0;13.55060005;
5.777336121;100;80;496.8166199;0;0;13.65060902;
5.780077457;100;80;496.7070007;0;0;13.75059128;
5.78253746;100;80;496.5890808;0;0;13.85060406;
5.785049438;100;80;496.4720459;0;0;13.95062637;
5.787308693;100;80;496.3647766;0;0;14.05064869;
5.789727211;100;80;496.2494507;0;0;14.15061855;
5.791819572;100;80;496.1437683;0;0;14.2506237;
5.794056416;100;80;496.0388794;0;0;14.35062027;
5.796069622;100;80;495.9261169;0;0;14.4506464;
5.798121929;100;80;495.81427;0;0;14.55063152;
5.799986839;100;80;495.7118835;0;0;14.65063667;
5.801856041;100;80;495.6018677;0;0;14.75064564;
5.803584576;100;80;495.5011902;0;0;14.85063934;
5.805430889;100;80;495.4013062;0;0;14.95065975;
5.806982517;100;80;495.2940369;0;0;15.05066776;
5.808658123;100;80;495.1877441;0;0;15.15066528;
5.810198784;100;80;495.0905151;0;0;15.25066471;
5.811744213;100;80;494.986145;0;0;15.35067844;
5.813082695;100;80;494.890686;0;0;15.45067501;
5.814572334;100;80;494.7961121;0;0;15.55068493;
5.81583643;100;80;494.6946411;0;0;15.65067959;
5.817240238;100;80;494.5941772;0;0;15.7507019;
5.818362236;100;80;494.5023804;0;0;15.85068607;
5.819638729;100;80;494.4114685;0;0;15.95070744;
5.820731163;100;80;494.3139954;0;0;16.05071449;
5.821900368;100;80;494.2249756;0;0;16.15070724;
5.822936535;100;80;494.1295471;0;0;16.2507;
5.823981762;100;80;494.0351868;0;0;16.35070992;
5.824973583;100;80;493.9490662;0;0;16.45070839;
5.825922489;100;80;493.8638611;0;0;16.55072975;
5.826878548;100;80;493.7721863;0;0;16.6507206;
5.827836037;100;80;493.6893616;0;0;16.75074387;
5.828660488;100;80;493.6070862;0;0;16.85073662;
5.829476357;100;80;493.5122681;0;0;16.950737;
5.830223083;100;80;493.4328613;0;0;17.05073738;
5.831051826;100;80;493.3531799;0;0;17.15074348;
5.831747055;100;80;493.2687988;0;0;17.25074959;
5.832531929;100;80;493.1847534;0;0;17.35076714;
5.83320713;100;80;493.108551;0;0;17.44976425;
5.833830833;100;80;493.0333557;0;0;17.54976082;
5.834430218;100;80;492.9530029;0;0;17.6497612;
5.835141182;100;80;492.8738098;0;0;17.7497673;
5.835709095;100;80;492.8017273;0;0;17.8497715;
5.836261749;100;80;492.7247925;0;0;17.94980431;
5.8367939;100;80;492.6548462;0;0;18.04978752;
5.83732605;100;80;492.5858765;0;0;18.14978981;
5.837801933;100;80;492.5123291;0;0;18.24979019;
5.838370323;100;80;492.4399719;0;0;18.34980965;
5.838811874;100;80;492.3742676;0;0;18.44983101;
5.839278221;100;80;492.3042297;0;0;18.54980278;
5.83970499;100;80;492.2406616;0;0;18.64980698;
5.840165615;100;80;492.1781311;0;0;18.74980736;
5.840509892;100;80;492.1115723;0;0;18.84981728;
5.840938091;100;80;492.0487366;0;0;18.94982719;
5.841289997;100;80;491.9845886;0;0;19.04984665;
5.841650486;100;80;491.9264526;0;0;19.14982796;
5.842007637;100;80;491.8646851;0;0;19.24983406;
5.842373371;100;80;491.8087769;0;0;19.34983635;
5.842632771;100;80;491.7539368;0;0;19.44984245;
5.842974663;100;80;491.6957397;0;0;19.54984856;
5.843294621;100;80;491.6387634;0;0;19.64984512;
5.843570709;100;80;491.5873108;0;0;19.74985313;
5.84384203;100;80;491.5328064;0;0;19.84986496;
5.844119549;100;80;491.4836121;0;0;19.94986153;
5.844379425;100;80;491.4315186;0;0;20.04986572;
5.844510078;100;80;491.4079285;0;0;20.09987068;
5.844591141;100;80;491.3845825;0;0;20.14990807;
5.845649242;100;80;491.1800232;0;0;20.59989166;
5.845860958;100;80;491.1359558;0;0;20.69990349;
5.846023083;100;80;491.0964355;0;0;20.79990005;
5.846246719;100;80;491.0548401;0;0;20.89990425;
5.84636879;100;80;491.0176392;0;0;20.99992371;
5.846565247;100;80;490.9785767;0;0;21.09991264;
5.846758842;100;80;490.9436951;0;0;21.19992065;
5.846926689;100;80;490.9071655;0;0;21.29991913;
5.847088814;100;80;490.8746033;0;0;21.39992714;
5.847157478;100;80;490.8406067;0;0;21.49992943;
5.847334385;100;80;490.8103638;0;0;21.59993172;
5.847503185;100;80;490.7789001;0;0;21.69994164;
5.847661018;100;80;490.7510376;0;0;21.79996872;
5.84776926;100;80;490.7221069;0;0;21.89998055;
5.847854614;100;80;490.6965942;0;0;21.9999752;
5.847988605;100;80;490.6702271;0;0;22.09995651;
5.848074913;100;80;490.6470642;0;0;22.19996071;
5.848138809;100;80;490.6340637;0;0;22.24996185;
5.848283291;100;80;490.6127014;0;0;22.34999084;
5.848372936;100;80;490.5924683;0;0;22.44997406;
5.848415375;100;80;490.5718384;0;0;22.54998398;
5.848587513;100;80;490.5539856;0;0;22.64998055;
5.848639488;100;80;490.5359497;0;0;22.74998474;
5.848759651;100;80;490.5192261;0;0;22.85000038;
5.848798275;100;80;490.5050049;0;0;22.94999886;
5.848872185;100;80;490.4908752;0;0;23.04999733;
5.848964691;100;80;490.4790039;0;0;23.15001297;
5.849093437;100;80;490.4674683;0;0;23.25000954;
5.849106312;100;80;490.4580078;0;0;23.3500309;
5.84918499;100;80;490.4490356;0;0;23.45001984;
5.849264145;100;80;490.4419556;0;0;23.5500164;
5.849330425;100;80;490.4360352;0;0;23.6500206;
5.849384785;100;80;490.4309082;0;0;23.75003242;
5.849501133;100;80;490.427124;0;0;23.85004616;
5.849524021;100;80;490.4248352;0;0;23.9500351;
5.849548817;100;80;490.423645;0;0;24.0500412;
5.849637508;100;80;490.4237671;0;0;24.15004349;
5.849626064;100;80;490.4250183;0;0;24.25008774;
5.849780083;100;80;490.4276428;0;0;24.3500576;
5.849768639;100;80;490.4316711;0;0;24.45005989;
5.849788189;100;80;490.436554;0;0;24.55006218;
5.849880219;100;80;490.4431458;0;0;24.65006828;
5.84992075;100;80;490.4504089;0;0;24.75007057;
5.849946976;100;80;490.4588318;0;0;24.85007858;
5.849979401;100;80;490.4692688;0;0;24.95008087;
5.850061417;100;80;490.4810486;0;0;25.05008125;
5.850110054;100;80;490.493103;0;0;25.15008736;
5.850127697;100;80;490.5074463;0;0;25.25011635;
5.850118637;100;80;490.5218811;0;0;25.35009384;
5.850141048;100;80;490.5374756;0;0;25.45010185;
5.850252151;100;80;490.5556641;0;0;25.55010414;
5.850213051;100;80;490.5751648;0;0;25.65012741;
5.850245953;100;80;490.5943604;0;0;25.75011444;
5.850265503;100;80;490.6164551;0;0;25.85013771;
5.850281715;100;80;490.638031;0;0;25.95016861;
5.850371361;100;80;490.6607361;0;0;26.05012512;
5.850368023;100;80;490.6866455;0;0;26.15013123;
5.850406647;100;80;490.7138672;0;0;26.25013542;
5.850450039;100;80;490.7401733;0;0;26.35015106;
5.850387573;100;80;490.769928;0;0;26.45015717;
5.850471497;100;80;490.798584;0;0;26.5501461;
5.850473881;100;80;490.8283691;0;0;26.65016174;
5.850550175;100;80;490.861908;0;0;26.75015831;
5.85055685;100;80;490.8967896;0;0;26.85016251;
5.850530624;100;80;490.9301453;0;0;26.9501667;
5.850551128;100;80;490.9675293;0;0;27.05016708;
5.850564957;100;80;491.0032043;0;0;27.15018272;
5.850604057;100;80;491.0400085;0;0;27.2501812;
5.850655556;100;80;491.0811157;0;0;27.3501873;
5.850615025;100;80;491.1235657;0;0;27.45018578;
5.850595474;100;80;491.1638794;0;0;27.55019951;
5.850646496;100;80;491.2088013;0;0;27.65019417;
5.850679398;100;80;491.2514343;0;0;27.75020981;
5.850670815;100;80;491.295166;0;0;27.85020447;
5.850718498;100;80;491.3437805;0;0;27.9502182;
5.850726604;100;80;491.3936768;0;0;28.05021667;
5.85067606;100;80;491.4408569;0;0;28.15021896;
5.850679398;100;80;491.4932251;0;0;28.25021935;
5.850718021;100;80;491.5427246;0;0;28.35022736;
5.850726128;100;80;491.5975342;0;0;28.45023537;
5.850794315;100;80;491.6495361;0;0;28.55023384;
5.850809097;100;80;491.706543;0;0;28.65026283;
5.850781918;100;80;491.760498;0;0;28.75027466;
5.850745201;100;80;491.8158569;0;0;28.85025215;
5.850739956;100;80;491.876709;0;0;28.95026016;
5.850811005;100;80;491.9388123;0;0;29.05025673;
5.850851536;100;80;491.9972534;0;0;29.15026283;
5.850813866;100;80;492.0617676;0;0;29.25027084;
5.850784302;100;80;492.122406;0;0;29.35027695;
5.850813866;100;80;492.1893005;0;0;29.45027733;
5.850872993;100;80;492.2521362;0;0;29.55028343;
5.850797176;100;80;492.3160095;0;0;29.65028763;
5.850854874;100;80;492.3864136;0;0;29.75029182;
5.850835323;100;80;492.4580078;0;0;29.85029793;
5.850826263;100;80;492.525177;0;0;29.95029449;
5.850836277;100;80;492.5991211;0;0;30.05032539;
5.850833893;100;80;492.6684265;0;0;30.15030479;
5.850854874;100;80;492.7387695;0;0;30.25030708;
5.850886822;100;80;492.8161316;0;0;30.3503418;
5.850838184;100;80;492.8946838;0;0;30.45031738;
5.850913525;100;80;492.9682312;0;0;30.55031967;
5.850845337;100;80;493.0490417;0;0;30.65032578;
5.850852966;100;80;493.1246948;0;0;30.75032997;
5.850859165;100;80;493.2013245;0;0;30.85033226;
5.850944519;100;80;493.2854919;0;0;30.95034981;
5.850914955;100;80;493.3707886;0;0;31.05035019;
5.850876331;100;80;493.4505615;0;0;31.15034485;
5.850876808;100;80;493.5380859;0;0;31.25038719;
5.850886822;100;80;493.6199036;0;0;31.35036087;
5.850894928;100;80;493.7026672;0;0;31.45035934;
5.850941181;100;80;493.793457;0;0;31.55036926;
5.850966454;100;80;493.8853455;0;0;31.65036964;
5.852654934;100;80;493.9711609;0;0;31.75037384;
5.857485294;100;80;494.0652161;0;0;31.85037804;
5.863368988;100;80;494.1530762;0;0;31.95040703;
5.86951828;100;80;494.2418823;0;0;32.05038834;
5.873868465;100;80;494.3390808;0;0;32.15039063;
5.876799583;100;80;494.4372253;0;0;32.25039291;
5.878214836;100;80;494.528595;0;0;32.35042191;
5.879265308;100;80;494.6283875;0;0;32.45042419;
5.880290985;100;80;494.7212524;0;0;32.55040741;
5.881467342;100;80;494.8148499;0;0;32.65041733;
5.882497311;100;80;494.9170227;0;0;32.7504158;
5.883537292;100;80;495.0200195;0;0;32.85042572;
5.884441853;100;80;495.1158142;0;0;32.95043182;
5.885416985;100;80;495.2203979;0;0;33.05042648;
5.886300087;100;80;495.3176575;0;0;33.15044785;
5.887207031;100;80;495.4156189;0;0;33.2504425;
5.888010025;100;80;495.5224915;0;0;33.35044479;
5.888803005;100;80;495.630188;0;0;33.4504776;
5.889567375;100;80;495.7303162;0;0;33.55045319;
5.89035511;100;80;495.8395386;0;0;33.65045547;
5.891046047;100;80;495.94104;0;0;33.75048447;
5.891767979;100;80;496.0432434;0;0;33.85046387;
5.892409325;100;80;496.1546936;0;0;33.95046616;
5.893048286;100;80;496.2669373;0;0;34.05047226;
5.893638134;100;80;496.3712158;0;0;34.15047836;
5.894273758;100;80;496.4849243;0;0;34.25047684;
5.894837379;100;80;496.5905762;0;0;34.35048676;
5.895393372;100;80;496.6968689;0;0;34.45049667;
5.895874977;100;80;496.8116455;0;0;34.55049515;
5.89641571;100;80;496.9282532;0;0;34.65052795;
5.896877766;100;80;497.0365601;0;0;34.75053406;
5.896497726;100;80;497.1546326;0;0;34.84951782;
5.895879745;100;80;497.2642517;0;0;34.94950867;
5.895689011;100;80;497.3744812;0;0;35.04951477;
5.896077156;100;80;497.4946289;0;0;35.14955902;
5.896524429;100;80;497.615509;0;0;35.24952316;
5.896780491;100;80;497.7277832;0;0;35.34952927;
5.898389339;100;80;497.8500977;0.2890713215;0;35.44953537;
6.018721104;100;80;497.9637451;1;0;35.54954529;
6.672102451;100;80;498.0811157;1;0;35.64953995;
7.782663345;100;80;498.2237244;1;0;35.74954987;
9.031476021;100;80;498.3926697;1;0;35.8495636;
10.234972;100;80;498.5725403;1;0;35.94955444;
11.54021072;100;80;498.7958069;1;0;36.04959106;
12.71840572;100;80;499.0287476;1;0;36.14956284;
13.99513626;100;80;499.2869263;1;0;36.24956512;
15.18067837;100;80;499.5951843;1;0;36.34957886;
16.47013283;100;80;499.9335632;1;0;36.44959641;
17.6556015;100;80;500.2729797;0.8000000119;0;36.54958344;
18.929142;100;80;500.670166;0.8000000119;0;36.64958572;
20.07672691;100;80;501.0640259;0.8790000081;0;36.74958801;
20.75064087;100;80;501.4927063;0;0;36.84960175;
20.59570503;100;80;501.9624023;0;0;36.94960022;
20.31661987;100;80;502.3943481;0;0;37.04960251;
20.08659172;100;80;502.8605347;0;0;37.14961243;
19.85205269;100;80;503.2887878;0;0;37.24961472;
19.62523651;100;80;503.7495422;0;0;37.349617;
19.50031281;100;80;504.171814;0;0;37.44963074;
19.44654274;100;80;504.6289978;0;0;37.54967499;
19.38780594;100;80;505.0516663;0;0;37.64962769;
19.3397274;100;80;505.5099487;0;0;37.74963379;
19.28456116;100;80;505.9338684;0;0;37.84963989;
19.21832275;100;80;506.3937378;0;0;37.94963837;
19.15274429;100;80;506.8184204;0;0;38.0496521;
19.08441162;100;80;507.2788086;0;0;38.1496582;
19.01791;100;80;507.7040405;0;0;38.24965668;
18.9578476;100;80;508.1649475;0;0;38.34966278;
18.89408875;100;80;508.5906677;0;0;38.44967651;
18.83656693;100;80;509.0521545;0;0;38.54967117;
18.78018761;100;80;509.478363;0;0;38.64967346;
18.72039986;100;80;509.9403381;0;0;38.74968719;
18.66195297;100;80;510.3670349;0;0;38.84968185;
18.60915947;100;80;510.8295288;0;0;38.94969177;
18.55316734;100;80;511.2567139;0;0;39.04969025;
18.50259399;100;80;511.7197266;0;0;39.14969635;
18.45305824;100;80;512.1473389;0;0;39.24970245;
18.40052795;100;80;512.6108398;0;0;39.34970856;
18.34915924;100;80;513.0389404;0;0;39.44970703;
18.30277061;100;80;513.5029297;0;0;39.54971313;
18.2535553;100;80;513.9313965;0;0;39.64972687;
18.2091198;100;80;514.395874;0;0;39.74972153;
18.16557121;100;80;514.8248291;0;0;39.84972382;
18.11941528;100;80;515.2920532;0;0;39.94973755;
18.07424736;100;80;515.7191772;0;0;40.04973602;
18.0334816;100;80;516.1868286;0;0;40.14974213;
17.99330521;100;80;516.6166382;0;0;40.24975586;
17.95093727;100;80;517.0802612;0;0;40.34975052;
17.91268539;100;80;517.5127563;0;0;40.44974899;
17.87209129;100;80;517.9790649;0;0;40.5497551;
17.83240509;100;80;518.409729;0;0;40.64977264;
17.79654884;100;80;518.8765259;0;0;40.74975967;
17.75854683;100;80;519.3075562;0;0;40.84976959;
17.72418022;100;80;519.7747803;0;0;40.94977951;
17.6905365;100;80;520.2062378;0;0;41.04980087;
17.65486336;100;80;520.6738281;0;0;41.14978027;
17.6226368;100;80;521.1057129;0;0;41.24978256;
17.58844757;100;80;521.5737305;0;0;41.34978867;
17.55757141;100;80;522.0059814;0;0;41.44979477;
17.52482796;100;80;522.4744263;0;0;41.54980087;
17.49525261;100;80;522.9070435;0;0;41.64979935;
17.46387482;100;80;523.3759155;0;0;41.74982071;
17.43553925;100;80;523.8088989;0;0;41.84983063;
17.40548325;100;80;524.2781982;0;0;41.94985199;
17.37610245;100;80;524.7114868;0;0;42.04981995;
17.34952927;100;80;525.1811523;0;0;42.14982605;
17.32353783;100;80;525.6148682;0;0;42.24982834;
17.2959671;100;80;526.0848999;0;0;42.34983444;
17.27103043;100;80;526.5189209;0;0;42.44983292;
17.24462318;100;80;526.9893188;0;0;42.54983902;
17.22071266;100;80;527.423645;0;0;42.64984894;
17.19513321;100;80;527.8944092;0;0;42.74985123;
17.17156982;100;80;528.3291016;0;0;42.84986115;
17.14609528;100;80;528.8001099;0;0;42.94987869;
17.12263107;100;80;529.2350464;0;0;43.04986191;
17.09729004;100;80;529.7063599;0;0;43.14986801;
17.07395363;100;80;530.1415405;0;0;43.24987411;
17.04873085;100;80;530.6130371;0;0;43.34988403;
17.02553558;100;80;531.0482788;0;0;43.44989395;
17.00049591;100;80;531.5198975;0;0;43.5498848;
16.97741318;100;80;531.9553223;0;0;43.64988708;
16.95253372;100;80;532.427002;0;0;43.74990082;
16.92962646;100;80;532.8624268;0;0;43.84991837;
16.90490913;100;80;533.3341675;0;0;43.94991302;
16.88214684;100;80;533.7695923;0;0;44.04990768;
16.8576107;100;80;534.241272;0;0;44.14994812;
16.83502769;100;80;534.6766357;0;0;44.24991226;
16.81067085;100;80;535.1482544;0;0;44.3499527;
16.78827477;100;80;535.5834961;0;0;44.44992065;
16.76410103;100;80;536.0549927;0;0;44.54994202;
16.74189949;100;80;536.4901123;0;0;44.64993668;
16.71792793;100;80;536.9613647;0;0;44.74994278;
16.69407654;100;80;537.3963013;0;0;44.84994888;
16.67217255;100;80;537.8673706;0;0;44.94996643;
16.65035248;100;80;538.302063;0;0;45.04994965;
16.62681389;100;80;538.7728271;0;0;45.14995575;
16.60520935;100;80;539.2072144;0;0;45.24995804;
16.58192253;100;80;539.6776733;0;0;45.34998703;
16.56053543;100;80;540.1117554;0;0;45.44997025;
16.53746414;100;80;540.5818481;0;0;45.54998398;
16.51628304;100;80;541.015564;0;0;45.64997864;
16.49348068;100;80;541.4852905;0;0;45.74997711;
16.47254753;100;80;541.9186401;0;0;45.84999847;
16.44996643;100;80;542.3878784;0;0;45.94998932;
16.42753601;100;80;542.8207397;0;0;46.04999161;
16.40695;100;80;543.2894897;0;0;46.14999771;
16.38648415;100;80;543.7219849;0;0;46.25000381;
16.3644352;100;80;544.1901855;0;0;46.35000229;
16.34421158;100;80;544.6221313;0;0;46.45001221;
16.3224144;100;80;545.0898438;0;0;46.55002213;
16.30244064;100;80;545.5212402;0;0;46.65001678;
16.28092575;100;80;545.9883423;0;0;46.7500267;
16.26119614;100;80;546.4191895;0;0;46.85002518;
16.23994064;100;80;546.8856201;0;0;46.95003128;
16.22046852;100;80;547.315918;0;0;47.05003357;
16.19947433;100;80;547.7816772;0;0;47.15003967;
16.18024254;100;80;548.2113037;0;0;47.25004196;
16.15954781;100;80;548.6764526;0;0;47.35004807;
16.14056396;100;80;549.1054077;0;0;47.45005417;
16.120121;100;80;549.5698242;0;0;47.55005646;
16.10137367;100;80;549.9981079;0;0;47.65006256;
16.08121681;100;80;550.461731;0;0;47.75006485;
16.06272507;100;80;550.8893433;0;0;47.85007095;
16.04283333;100;80;551.3521729;0;0;47.95007706;
16.02305031;100;80;551.7790527;0;0;48.05007935;
16.00492477;100;80;552.2410889;0;0;48.15008163;
15.98691654;100;80;552.6671753;0;0;48.25008774;
15.96753979;100;80;553.1283569;0;0;48.35010147;
15.94976711;100;80;553.5537109;0;0;48.45011902;
15.93064976;100;80;554.0139771;0;0;48.55010986;
15.91311932;100;80;554.4385376;0;0;48.65010452;
15.89422512;100;80;554.8979492;0;0;48.75011063;
15.87691402;100;80;555.3215942;0;0;48.85012436;
15.85829449;100;80;555.7800903;0;0;48.95011902;
15.84121227;100;80;556.2029419;0;0;49.05012131;
15.82282925;100;80;556.6604614;0;0;49.15012741;
15.80596828;100;80;557.0823975;0;0;49.25013351;
15.787817;100;80;557.5390015;0;0;49.35013199;
15.77117062;100;80;557.960022;0;0;49.45015335;
15.75324917;100;80;558.4155884;0;0;49.5501442;
15.73681259;100;80;558.8356323;0;0;49.6501503;
15.71912193;100;80;559.2902222;0;0;49.75017548;
15.7028923;100;80;559.7093506;0;0;49.85015488;
15.68542099;100;80;560.1628418;0;0;49.95016479;
15.66940022;100;80;560.5809937;0;0;50.05016327;
15.65214252;100;80;561.0334473;0;0;50.15016937;
15.63632107;100;80;561.4506226;0;0;50.25017166;
15.61927509;100;80;561.9019775;0;0;50.35017395;
15.60361958;100;80;562.3180542;0;0;50.45018387;
15.58677769;100;80;562.7683105;0;0;50.55018997;
15.57132435;100;80;563.1834106;0;0;50.65018845;
15.55469036;100;80;563.6325073;0;0;50.75020218;
15.53941822;100;80;564.0465088;0;0;50.85021973;
15.52297401;100;80;564.4944458;0;0;50.95020294;
15.50662708;100;80;564.9073486;0;0;51.05020905;
15.49162197;100;80;565.354126;0;0;51.15021515;
15.47669411;100;80;565.7659302;0;0;51.25022125;
15.46060276;100;80;566.2114258;0;0;51.35024261;
15.44583988;100;80;566.6221313;0;0;51.45022583;
15.42993355;100;80;567.0664673;0;0;51.55022812;
15.41525841;100;80;567.4780884;0;0;51.65024185;
15.39952278;100;80;567.9211426;0;0;51.75024796;
15.38515091;100;80;568.3295288;0;0;51.85026932;
15.36966705;100;80;568.769165;0;0;51.9502449;
15.35418701;100;80;569.1742554;0;0;52.05024719;
15.33996582;100;80;569.6146851;0;0;52.15026855;
15.32463837;100;80;570.0206909;0;0;52.25027084;
15.31056404;100;80;570.4598389;0;0;52.34927368;
15.29656887;100;80;570.864624;0;0;52.44927597;
15.28146362;100;80;571.3024292;0;0;52.54927444;
15.2675972;100;80;571.7059326;0;0;52.64928055;
15.25265026;100;80;572.142395;0;0;52.74929428;
15.23892117;100;80;572.5446167;0;0;52.84928894;
15.22410297;100;80;572.9797363;0;0;52.94929123;
15.21050262;100;80;573.3806763;0;0;53.04929352;
15.19584465;100;80;573.8143311;0;0;53.14930725;
15.18235683;100;80;574.2140503;0;0;53.24930954;
15.16783619;100;80;574.6463013;0;0;53.34931564;
15.15448761;100;80;575.0446167;0;0;53.44932556;
15.14009094;100;80;575.4754028;0;0;53.54932022;
15.12686729;100;80;575.8724365;0;0;53.64932251;
15.11260891;100;80;576.3018188;0;0;53.74933624;
15.09950256;100;80;576.6974487;0;0;53.8493309;
15.08538055;100;80;577.1253052;0;0;53.94933319;
15.07239628;100;80;577.5195923;0;0;54.04933929;
15.05838966;100;80;577.9459839;0;0;54.1493454;
15.04552937;100;80;578.3388672;0;0;54.2493515;
15.03165722;100;80;578.7637329;0;0;54.34934998;
15.01889896;100;80;579.1552124;0;0;54.44935608;
15.00515461;100;80;579.5785522;0;0;54.54935837;
14.99251461;100;80;579.9685669;0;0;54.64937973;
14.97888851;100;80;580.3903809;0;0;54.74940109;
14.96637249;100;80;580.7789917;0;0;54.84937286;
14.95287323;100;80;581.1991577;0;0;54.94938278;
14.9404707;100;80;581.5863647;0;0;55.04938126;
14.92710495;100;80;582.0049438;0;0;55.14938736;
14.914814;100;80;582.390686;0;0;55.24939346;
14.90155506;100;80;582.8076782;0;0;55.34951019;
14.88938618;100;80;583.1918945;0;0;55.44942093;
14.87625885;100;80;583.6072998;0;0;55.54942703;
14.86419678;100;80;583.9899902;0;0;55.64941025;
14.85119438;100;80;584.4038086;0;0;55.74943924;
14.83874607;100;80;584.7849731;0;0;55.84943008;
14.82685852;100;80;585.1812744;0;0;55.94942474;
14.81403828;100;80;585.5925903;0;0;56.04942322;
14.80225372;100;80;585.9714355;0;0;56.14942932;
14.78955936;100;80;586.3811035;0;0;56.24943924;
14.77789021;100;80;586.7584229;0;0;56.34944153;
14.76531601;100;80;587.1663818;0;0;56.44948959;
14.75375938;100;80;587.5421753;0;0;56.54944611;
14.74129677;100;80;587.9484253;0;0;56.64945221;
14.72985554;100;80;588.3226318;0;0;56.74945831;
14.71751022;100;80;588.7271118;0;0;56.8494606;
14.7061739;100;80;589.0997314;0;0;56.94946289;
14.69395447;100;80;589.5025635;0;0;57.04946899;
14.68272495;100;80;589.8735962;0;0;57.14947891;
14.6706171;100;80;590.2746582;0;0;57.2494812;
14.65949917;100;80;590.644043;0;0;57.34948349;
14.64751339;100;80;591.043335;0;0;57.44949722;
14.63649082;100;80;591.4111328;0;0;57.54949188;
14.62439442;100;80;591.8162842;0;0;57.64949799;
14.6134901;100;80;592.1824341;0;0;57.7495079;
14.6017437;100;80;592.5477905;0;0;57.84950638;
14.59093189;100;80;592.942688;0;0;57.94952011;
14.57929134;100;80;593.3063354;0;0;58.04951096;
14.56859684;100;80;593.6994629;0;0;58.1495285;
14.55700493;100;80;594.0614624;0;0;58.24952316;
14.54646969;100;80;594.4527588;0;0;58.34952927;
14.53505993;100;80;594.8430786;0;0;58.44953156;
14.5245676;100;80;595.2025146;0;0;58.54953766;
14.51325512;100;80;595.5612183;0;0;58.64953613;
14.50288391;100;80;595.9488525;0;0;58.74954987;
14.4916811;100;80;596.3057861;0;0;58.84955215;
14.48139477;100;80;596.6915894;0;0;58.94955063;
14.47031403;100;80;597.046814;0;0;59.04957199;
14.46013832;100;80;597.4307251;0;0;59.14957428;
14.44915485;100;80;597.7843018;0;0;59.24956131;
14.43907166;100;80;598.1663818;0;0;59.34957886;
14.42820072;100;80;598.5181885;0;0;59.44960785;
14.41823196;100;80;598.8983765;0;0;59.54957581;
14.40745544;100;80;599.2484131;0;0;59.64959335;
14.39756489;100;80;599.626709;0;0;59.74958801;
14.38691902;100;80;599.9750366;0;0;59.84959412;
14.3771162;100;80;600.3514404;0;0;59.94959641;
14.36656189;100;80;600.697998;0;0;60.04959869;
14.35686207;100;80;601.0725098;0;0;60.14960861;
14.3464241;100;80;601.4172974;0;0;60.24960709;
