sep=;
unknown1; unknown2; currentSpeed; currentLimit; nextLimit; distance; gaspedal; brakepedal; timestamp

0.329274267;100;80;512.0540161;0;0;0.1000058502;
0.497810483;100;80;512.0442505;0;0;0.2000081092;
0.6462532282;100;80;512.0296021;0;0;0.3000011146;
0.797809422;100;80;512.0126953;0;0;0.4000044167;
0.9325273633;100;80;511.9900513;0;0;0.5000164509;
1.075024128;100;80;511.9653015;0;0;0.6000258923;
1.202994466;100;80;511.9345093;0;0;0.7000163198;
1.3380059;100;80;511.9025269;0;0;0.8000283241;
1.45951736;100;80;511.8641052;0;0;0.9000321031;
1.587695122;100;80;511.8252563;0;0;1.000084639;
1.703025699;100;80;511.7795715;0;0;1.100027919;
1.824834466;100;80;511.7341919;0;0;1.200034261;
1.934382558;100;80;511.6816406;0;0;1.300041676;
2.05000782;100;80;511.6300964;0;0;1.40004909;
2.154057264;100;80;511.5710144;0;0;1.500047684;
2.263880968;100;80;511.5136108;0;0;1.600045919;
2.362570286;100;80;511.4483643;0;0;1.700056314;
2.466654062;100;80;511.385376;0;0;1.8000561;
2.56026125;100;80;511.3142395;0;0;1.900052667;
2.658917665;100;80;511.2460022;0;0;2.000068665;
2.747530937;100;80;511.1693115;0;0;2.100063324;
2.841039419;100;80;511.0960693;0;0;2.200081587;
2.937489748;100;80;511.0141296;0.2500076294;0;2.300080061;
3.105476141;100;80;510.9356689;0.429700613;0;2.400076866;
3.400515318;100;80;510.8457336;0.7343974113;0;2.500088692;
4.063818455;100;80;510.7540283;0.8828394413;0;2.600081921;
5.164362907;100;80;510.6351318;1;0;2.700080872;
6.678961277;100;80;510.493927;1;0;2.800091028;
8.07483387;100;80;510.2997437;1;0;2.900105;
9.633775711;100;80;510.0831604;1;0;3.000105619;
11.04386139;100;80;509.8056641;1;0;3.100107431;
12.55657673;100;80;509.510498;1;0;3.200098515;
13.964921;100;80;509.1488953;1;0;3.300109386;
15.4975338;100;80;508.776062;1;0;3.400102377;
16.91444778;100;80;508.3295593;0.8000000119;0;3.500111818;
18.43555069;100;80;507.8780823;0.8000000119;0;3.600113153;
19.72411537;100;80;507.3468323;0.8460000157;0;3.700113773;
20.84915924;100;80;506.8216553;0.9499999881;0;3.800116539;
21.77877808;100;80;506.2217712;1;0;3.900134325;
22.57969284;100;80;505.6419373;0.8828394413;0;4.000124931;
23.32717705;100;80;504.9914856;0.9453413486;0;4.100135803;
24.22227669;100;80;504.3695679;1;0;4.20013237;
25.07286644;100;80;503.6704712;1;0;4.300133228;
25.99489212;100;80;503.00177;1;0;4.400165558;
26.85176086;100;80;502.25177;1;0;4.500139236;
27.79506302;100;80;501.5354919;1;0;4.600145817;
28.67976952;100;80;500.7333069;1;0;4.700149059;
29.65325737;100;80;499.9682617;1;0;4.800163269;
30.60878944;100;80;499.1123047;0.8000000119;0;4.900168419;
31.45479202;100;80;498.295929;0.8000000119;0;5.000160694;
32.12373734;100;80;497.3887939;0.8715000153;0;5.100165367;
32.83337784;100;80;496.5326843;0.9754999876;0;5.200182438;
33.42596436;100;80;495.5850525;1;0;5.300169468;
34.02951813;100;80;494.6940613;1;0;5.400174141;
34.30921936;100;80;494.1674805;1;0;5.450181007;
34.87105942;100;80;493.2526855;1;0;5.550174713;
35.48170853;100;80;492.2445984;1;0;5.650184631;
36.04611969;100;80;491.2984619;1;0;5.750204563;
36.65932846;100;80;490.2564392;1;0;5.850191116;
37.22715759;100;80;489.2787781;1;0;5.95018816;
37.84405518;100;80;488.2025757;1;0;6.050197601;
38.41505432;100;80;487.1933289;1;0;6.150235653;
39.03517532;100;80;486.0827637;1;0;6.250202179;
39.60934067;100;80;485.0417175;1;0;6.350210667;
40.23304749;100;80;483.896637;1;0;6.450205803;
40.81016159;100;80;482.8236389;1;0;6.550211906;
41.43777084;100;80;481.6438599;1;0;6.650216579;
42.02081299;100;80;480.5329285;1;0;6.75022459;
42.65690613;100;80;479.3239136;1;0;6.850249767;
43.24847031;100;80;478.1862488;1;0;6.9502244;
43.89356613;100;80;476.9299316;1;0;7.050255775;
44.49326706;100;80;475.7653198;1;0;7.150233746;
45.14757538;100;80;474.4728394;1;0;7.250240326;
45.75576782;100;80;473.2749634;1;0;7.350259304;
46.432621;100;80;471.9458313;0.8000000119;0;7.450239182;
46.95213318;100;80;470.7076721;0.8000000119;0;7.550242424;
47.44705963;100;80;469.3510742;0.8519999981;0;7.650260925;
47.90662766;100;80;468.0860596;0.9480000138;0;7.750259399;
48.39632034;100;80;466.7014771;1;0;7.850257397;
48.81391907;100;80;465.4110107;1;0;7.950259686;
49.26741791;100;80;464.0005188;1;0;8.050266266;
49.6877327;100;80;462.6867065;1;0;8.150267601;
50.14347839;100;80;461.2507324;1;0;8.250266075;
50.56432343;100;80;459.9135742;1;0;8.350279808;
51.02084732;100;80;458.4522705;1;0;8.450293541;
51.44287872;100;80;457.0916443;1;0;8.550287247;
51.90066147;100;80;455.60495;1;0;8.650279999;
52.32378006;100;80;454.2208557;1;0;8.750287056;
52.78263092;100;80;452.7086792;1;0;8.850293159;
53.20675278;100;80;451.3010864;1;0;8.950298309;
53.66681671;100;80;449.7633972;1;0;9.050303459;
54.09197235;100;80;448.3322144;1;0;9.150303841;
54.55314636;100;80;446.7689514;1;0;9.250333786;
54.97929764;100;80;445.3141174;1;0;9.350306511;
55.44184875;100;80;443.7252197;1;0;9.450321198;
55.87037277;100;80;442.2466736;1;0;9.550312996;
56.33636856;100;80;440.632019;1;0;9.650312424;
56.76799774;100;80;439.1296387;1;0;9.750320435;
57.23734665;100;80;437.4890442;1;0;9.85032177;
57.67218781;100;80;435.962616;1;0;9.950325012;
58.14500427;100;80;434.2958984;1;0;10.05033779;
58.58296204;100;80;432.7452698;1;0;10.15038204;
59.05925751;100;80;431.0522156;1;0;10.25033379;
59.50042343;100;80;429.4772034;1;0;10.35033703;
59.98013306;100;80;427.7576904;1;0;10.45034218;
60.42457962;100;80;426.1581116;1;0;10.55034828;
60.90774155;100;80;424.4118652;1;0;10.65034962;
61.35538864;100;80;422.7875366;1;0;10.75035954;
61.84213638;100;80;421.0144043;1;0;10.85035229;
62.28225708;100;80;419.3650818;0.8000000119;0;10.95035934;
62.66453934;100;80;417.5654602;0.8000000119;0;11.05036259;
62.98744965;100;80;415.8947144;0.8909999728;0;11.15036201;
63.34635162;100;80;414.0747681;0.9950000048;0;11.25039577;
63.65071869;100;80;412.3855591;1;0;11.35037136;
63.96838379;100;80;410.5466003;1;0;11.45037651;
64.26285553;100;80;408.8408508;1;0;11.55042076;
64.58237457;100;80;406.9839783;1;0;11.65039539;
64.87705994;100;80;405.2617798;1;0;11.75039196;
65.19622803;100;80;403.387207;1;0;11.8503952;
65.49108887;100;80;401.6485901;1;0;11.95039177;
65.81057739;100;80;399.7562256;1;0;12.05040169;
66.10564423;100;80;398.0012512;1;0;12.15040874;
66.42523193;100;80;396.0911255;1;0;12.25040054;
66.72045135;100;80;394.3197327;1;0;12.35042763;
67.04029083;100;80;392.3918457;1;0;12.45049286;
67.33564758;100;80;390.6040649;1;0;12.55042553;
67.65561676;100;80;388.6584167;1;0;12.65075779;
67.95113373;100;80;386.854187;1;0;12.75043297;
68.27135468;100;80;384.8907471;1;0;12.85048771;
68.5669632;100;80;383.0701294;1;0;12.9504652;
68.88733673;100;80;381.0888977;1;0;13.05042648;
69.18313599;100;80;379.2518616;1;0;13.15043354;
69.50369263;100;80;377.2528076;1;0;13.25043106;
69.7996521;100;80;375.3993225;1;0;13.35050297;
70.12029266;100;80;373.3824768;1;0;13.45044708;
70.41635132;100;80;371.5125427;1;0;13.55044651;
70.73722076;100;80;369.4778748;1;0;13.65044689;
71.03344727;100;80;367.5915222;1;0;13.75045204;
71.35444641;100;80;365.5390015;1;0;13.85045433;
71.65078735;100;80;363.6361694;1;0;13.95046043;
71.97189331;100;80;361.5658569;1;0;14.05047703;
72.26847076;100;80;359.6465454;1;0;14.15047359;
72.58968353;100;80;357.5583801;1;0;14.25047016;
72.88632965;100;80;355.6225891;1;0;14.35047722;
73.20774078;100;80;353.516571;1;0;14.45048428;
73.50448608;100;80;351.5643005;1;0;14.55049133;
73.82600403;100;80;349.4404297;1;0;14.65048504;
74.1229248;100;80;347.4716797;1;0;14.75048637;
74.44455719;100;80;345.3299561;1;0;14.85049915;
74.74160767;100;80;343.344696;1;0;14.95049763;
75.0606842;100;80;341.1850891;1;0;15.05052185;
75.3833847;100;80;339.2042236;1;0;15.15049744;
75.68173981;100;80;337.0267639;1;0;15.25050259;
76.00543976;100;80;335.0085449;1;0;15.35050392;
76.3046875;100;80;332.8131104;1;0;15.44950867;
76.60437012;100;80;330.7782898;1;0;15.54952621;
76.92965698;100;80;328.5648499;1;0;15.64951324;
77.23022461;100;80;326.5133362;1;0;15.74951935;
77.55640411;100;80;324.2817993;1;0;15.84953499;
77.85800934;100;80;322.213562;1;0;15.94952583;
78.18518829;100;80;319.9639282;1;0;16.04953957;
78.48767853;100;80;317.8789063;1;0;16.14954376;
78.81587982;100;80;315.611084;1;0;16.24953461;
79.11930847;100;80;313.5092468;1;0;16.34954262;
79.44844055;100;80;311.2231445;1;0;16.449543;
79.75279236;100;80;309.1044617;1;0;16.5495491;
80.08297729;100;80;306.8000793;1;0;16.64955139;
80.38825226;100;80;304.6644592;1;0;16.74955368;
80.71945953;100;80;302.3417053;1;0;16.8495636;
81.0255661;100;80;300.1891479;1;0;16.94957352;
81.35775757;100;80;297.8479614;1;0;17.04956245;
81.66487122;100;80;295.6783752;1;0;17.14956474;
81.99802399;100;80;293.3187256;1;0;17.24957275;
82.30604553;100;80;291.1320496;1;0;17.34957123;
82.64021301;100;80;288.7538757;1;0;17.44958496;
82.9491272;100;80;286.5500793;1;0;17.54957771;
83.28424835;100;80;284.1533508;1;0;17.64958382;
83.59408569;100;80;281.932373;1;0;17.7495842;
83.9341507;100;80;279.5169983;0.8000000119;0;17.84959412;
84.19746399;100;80;277.2787781;0.8000000119;0;17.94960022;
84.43574524;100;80;274.8463745;0.8454999924;0;18.04959488;
84.657341;100;80;272.5949097;0.9415000081;0;18.14961052;
84.90253448;100;80;270.1489868;1;0;18.2496109;
85.10958862;100;80;267.8849792;1;0;18.34960365;
85.33222961;100;80;265.4261169;1;0;18.44961929;
85.53862;100;80;263.1506042;1;0;18.54964447;
85.76213074;100;80;260.6792297;1;0;18.64962196;
85.96814728;100;80;258.3922424;1;0;18.74962425;
86.19114685;100;80;255.9084473;1;0;18.84962845;
86.39706421;100;80;253.6100006;1;0;18.94963264;
86.62007141;100;80;251.1138153;1;0;19.04962921;
86.82580566;100;80;248.8039246;1;0;19.14963531;
87.04862213;100;80;246.2953491;1;0;19.24965286;
87.25426483;100;80;243.9740295;1;0;19.34964371;
87.47690582;100;80;241.4530792;1;0;19.44964027;
87.68238068;100;80;239.1203308;1;0;19.54965401;
87.90492249;100;80;236.5870056;1;0;19.64965248;
88.11025238;100;80;234.2428436;1;0;19.74966049;
88.33259583;100;80;231.6971588;1;0;19.84968185;
88.52827454;100;80;229.3415985;0.7265846729;0;19.94966507;
88.64308167;100;80;226.7841187;0.4531388283;0;20.04965973;
88.6735611;100;80;224.4206543;0.1796929836;0;20.14966583;
88.62588501;100;80;221.8594208;0;0;20.24967957;
88.51028442;100;80;219.4964447;0;0;20.34968758;
88.36056519;100;80;216.940094;0;0;20.44968033;
88.22029877;100;80;214.5840759;0;0;20.5496788;
88.06900024;100;80;212.0358124;0;0;20.64970589;
87.92910767;100;80;209.6874237;0;0;20.7496891;
87.7774353;100;80;207.1475372;0;0;20.8496933;
87.6378479;100;80;204.8068848;0;0;20.94969559;
87.48698425;100;80;202.2753601;0;0;21.04969597;
87.34794617;100;80;199.9424133;0;0;21.14970016;
87.19756317;100;80;197.4192505;0;0;21.2497139;
87.05899048;100;80;195.0940094;0;0;21.34970474;
86.90916443;100;80;192.5791779;0;0;21.4497242;
86.77111816;100;80;190.2616272;0;0;21.54972267;
86.6218338;100;80;187.7551117;0;0;21.64971924;
86.48425293;100;80;185.433197;0;0;21.74972534;
86.33479309;100;80;182.9469757;0;0;21.84972954;
86.19771576;100;80;180.6447296;0;0;21.94972992;
86.04949188;100;80;178.1547394;0;0;22.0497303;
85.91290283;100;80;175.8600922;0;0;22.14973068;
85.76591492;100;80;173.3783264;0;0;22.24974823;
85.62909698;100;80;171.0912628;0;0;22.34973907;
85.48194885;100;80;168.6058197;0;0;22.44975281;
85.34630585;100;80;166.3263397;0;0;22.54975319;
85.19965363;100;80;163.8609619;0;0;22.64975166;
85.06452179;100;80;161.5890045;0;0;22.74975586;
84.91837311;100;80;159.1317749;0;0;22.84976768;
84.78372192;100;80;156.8673096;0;0;22.94978333;
84.63809967;100;80;154.4181824;0;0;23.04977036;
84.50392151;100;80;152.1611938;0;0;23.14976501;
84.3588028;100;80;149.7201691;0;0;23.24977493;
84.22509766;100;80;147.4706268;0;0;23.34977341;
84.08050537;100;80;145.0376434;0;0;23.4497776;
83.94725037;100;80;142.795517;0;0;23.54978752;
83.80316162;100;80;140.370575;0;0;23.649786;
83.67040253;100;80;138.135849;0;0;23.74981117;
83.52679443;100;80;135.7189026;0;0;23.84981155;
83.39447784;100;80;133.4915466;0;0;23.94980431;
83.25140381;100;80;131.0825653;0;0;24.04979706;
83.11956024;100;80;128.8625488;0;0;24.14980507;
82.97697449;100;80;126.4615173;0;0;24.24981117;
82.84559631;100;80;124.2488251;0;0;24.34980774;
82.70348358;100;80;121.8557053;0;0;24.44981003;
82.57256317;100;80;119.6503067;0;0;24.54981613;
82.43097687;100;80;117.2650757;0;0;24.64981842;
82.30049896;100;80;115.0669479;0;0;24.74982071;
82.15938568;100;80;112.6895752;0;0;24.84983635;
82.02936554;100;80;110.4986877;0;0;24.9498291;
81.88876343;100;80;108.1291504;0;0;25.04988098;
81.75919342;100;80;105.945488;0;0;25.14986038;
81.6190567;100;80;103.5837555;0;0;25.24984741;
81.4899292;100;80;101.40728;0;0;25.34985733;
81.35029602;100;80;99.05332947;0;0;25.44984627;
81.22159576;100;80;96.8840332;0;0;25.54984856;
81.08208466;100;80;94.53782654;0;0;25.64984703;
80.95348358;100;80;92.37567902;0;0;25.74985695;
80.81420898;100;80;90.03721619;0;0;25.84987068;
80.68582153;100;80;87.88220215;0;0;25.94986916;
80.54695129;100;80;85.55144501;0;0;26.04986191;
80.41893768;100;80;83.40354156;0;0;26.14987373;
80.28044128;100;80;81.08049011;0;0;26.24987602;
80.15317535;100;80;78.93969727;0;0;26.3498764;
80.01593018;100;80;76.6243515;0;0;26.44988251;
79.88946533;100;80;74.49064636;0;0;26.5499115;
79.75260925;100;80;72.18297577;0;0;26.64987946;
79.62650299;100;80;70.05633545;0;0;26.74989128;
79.4900589;100;80;67.75627899;0;0;26.84989548;
79.36427307;100;80;65.63665009;0;0;26.94989586;
79.22822571;100;80;63.34416199;0;0;27.04989815;
79.10282135;100;80;61.2314949;0;0;27.14990425;
78.96720123;100;80;58.9465332;0;0;27.24990654;
78.84222412;100;80;56.84080505;0;0;27.34996796;
78.7071991;100;80;54.56334305;0;0;27.44992256;
78.58280182;100;80;52.46452332;0;0;27.54993248;
78.44824219;100;80;50.19453812;0;0;27.64992523;
78.32424927;100;80;48.10261154;0;0;27.74995613;
78.19020081;100;80;45.84008789;0;0;27.84992218;
78.06664276;100;80;43.7550354;0;0;27.94993591;
77.9330368;100;80;41.49994659;0;0;28.04993248;
77.80992889;100;80;39.42174911;0;0;28.14996719;
77.67677307;100;80;37.17407227;0;0;28.24994087;
77.55406189;100;80;35.10270691;0;0;28.34994698;
77.42134857;100;80;32.86241913;0;0;28.44994736;
77.29906464;100;80;30.7978611;0;0;28.54995728;
77.16680908;100;80;28.56493759;0;0;28.64995575;
77.04491425;100;80;26.50716972;0;0;28.74995232;
76.9131012;100;80;24.28158951;0;0;28.84997368;
76.79163361;100;80;22.23059082;0;0;28.94996071;
76.66025543;100;80;20.01233292;0;0;29.04996681;
76.53918457;100;80;17.96808624;0;0;29.14999199;
76.4082489;100;80;15.75713444;0;0;29.24997139;
76.31797791;100;80;13.67721367;0;0;29.34997749;
76.21056366;100;80;11.64130116;0;0;29.44997787;
76.04450989;100;80;9.39957428;0;0;29.54999924;
75.89096832;100;80;7.370629787;0.05468916893;0;29.64998817;
75.81517029;100;80;5.17794323;0.1796929836;0;29.75001335;
75.78314209;100;80;3.157176018;0.2343821526;0;29.84999847;
75.75807953;80;60;0.9719830155;0.2500076294;0;29.95000267;
75.73306274;80;60;638.1377563;0.07031464577;0;30.04999542;
75.64993286;80;60;635.9501343;0;0;30.15000725;
75.53650665;80;60;633.9330444;0;0;30.25003815;
75.40720367;80;60;631.7512817;0;0;30.35006332;
75.28817749;80;60;629.7405396;0;0;30.45001411;
75.15952301;80;60;627.5658569;0;0;30.55002975;
75.04051971;80;60;625.5617676;0;0;30.6500206;
74.91175842;80;60;623.394165;0;0;30.7500248;
74.79317474;80;60;621.3966064;0;0;30.85003662;
74.66497803;80;60;619.236145;0;0;30.95005417;
74.54714966;80;60;617.2451172;0;0;31.05003738;
74.41983795;80;60;615.0916748;0;0;31.1500721;
74.3024292;80;60;613.1071777;0;0;31.25003815;
74.17554474;80;60;610.9608154;0;0;31.35004616;
74.0586319;80;60;608.9828491;0;0;31.45005798;
73.93218994;80;60;606.8435059;0;0;31.55004692;
73.81570435;80;60;604.8720093;0;0;31.65005684;
73.68974304;80;60;602.7396851;0;0;31.75006485;
73.57365417;80;60;600.7746582;0;0;31.85006142;
73.44813538;80;60;598.649353;0;0;31.95008659;
73.33247375;80;60;596.6907349;0;0;32.05006409;
73.21669769;80;60;594.5724487;0.1093783379;0;32.15006638;
73.15067291;80;60;592.6199341;0.1250038147;0;32.25007248;
73.09654236;80;60;590.5065918;0.1250038147;0;32.3500824;
73.04954529;80;60;588.557251;0.1250038147;0;32.45008087;
72.99977112;80;60;586.4469604;0.14844203;0;32.55008316;
72.9567337;80;60;584.5205688;0.2031311989;0;32.65009308;
72.93070984;80;60;582.4128418;0.2343821526;0;32.75009155;
72.91223145;80;60;580.4679565;0.2343821526;0;32.8501091;
72.89849091;80;60;578.3615112;0.2656331062;0;32.94909286;
72.89098358;80;60;576.4174805;0.2734458447;0;33.0491066;
72.88891602;80;60;574.3117065;0.3203222752;0;33.14910507;
72.89645386;80;60;572.367981;0.3203222752;0;33.24913406;
72.90735626;80;60;570.262085;0.3046967983;0;33.34910965;
72.91475677;80;60;568.3178711;0.3046967983;0;33.44911575;
72.92114258;80;60;566.2115479;0.3046967983;0;33.54913712;
72.92713928;80;60;564.2670288;0.3203222752;0;33.64913177;
72.93771362;80;60;562.1603394;0.3281350136;0;33.74913406;
72.94893646;80;60;560.2154541;0.3281350136;0;33.84912491;
72.96040344;80;60;558.1080933;0.3281350136;0;33.94914246;
72.97475433;80;60;556.1625977;0.4140751362;0;34.04912949;
73.01716614;80;60;554.0543823;0.5078279972;0;34.14913559;
73.07943726;80;60;552.1071167;0.523453474;0;34.24913788;
73.15326691;80;60;549.9957275;0.4922025204;0;34.34914398;
73.21609497;80;60;548.0449219;0.4922025204;0;34.44914627;
73.29101563;80;60;545.9297485;0.4922025204;0;34.54914856;
73.38671875;80;60;543.93396;0.5468916893;0;34.64918518;
73.44696045;80;60;541.9781494;0.5468916893;0;34.74915695;
73.48908997;80;60;539.8161011;0.5625171661;0;34.84915543;
73.56945801;80;60;537.855835;0.5625171661;0;34.94916534;
73.6714859;80;60;535.7313232;0.578142643;0;35.04916763;
73.75925446;80;60;533.7675171;0.578142643;0;35.14920044;
73.84802246;80;60;531.6373291;0.578142643;0;35.24917221;
73.93053436;80;60;529.6689453;0.5625171661;0;35.34918976;
74.01912689;80;60;527.5341187;0.578142643;0;35.44918823;
74.10357666;80;60;525.5612793;0.578142643;0;35.54918671;
74.19551849;80;60;523.4215698;0.5937681198;0;35.64918518;
74.2824173;80;60;521.4442139;0.578142643;0;35.74919128;
74.37549591;80;60;519.2996216;0.5937681198;0;35.84919357;
74.46417999;80;60;517.317688;0.5937681198;0;35.94921112;
74.56050873;80;60;515.1680298;0.5937681198;0;36.04920197;
74.64930725;80;60;513.1813965;0.5937681198;0;36.14921188;
74.74543762;80;60;511.0267029;0.5937681198;0;36.24921036;
74.83468628;80;60;509.0354309;0.6015808582;0;36.34920883;
74.93747711;80;60;506.8756409;0.6328318119;0;36.44921494;
75.03521729;80;60;504.8794556;0.6172063351;0;36.54921722;
75.13569641;80;60;502.7141113;0.6172063351;0;36.64922714;
75.2260437;80;60;500.7127686;0.6172063351;0;36.7492485;
75.32782745;80;60;498.541626;0.6484572887;0;36.84922791;
75.42545319;80;60;496.5344849;0.6484572887;0;36.94923401;
75.52850342;80;60;494.3566895;0.6328318119;0;37.04923248;
75.61930847;80;60;492.3433533;0.6484572887;0;37.14923859;
75.71892548;80;60;490.1486206;0.6484572887;0;37.24924088;
75.81430817;80;60;488.1400146;0.6484572887;0;37.34924316;
75.92217255;80;60;485.949646;0.6484572887;0;37.44924545;
76.02433014;80;60;483.9143982;0.6484572887;0;37.54925156;
76.13591003;80;60;481.7179871;0.6484572887;0;37.64925385;
76.23943329;80;60;479.6877747;0.6328318119;0;37.74926376;
76.34954834;80;60;477.4853821;0.6328318119;0;37.84925461;
76.45014954;80;60;475.449646;0.6484572887;0;37.94926453;
76.55970764;80;60;473.2411499;0.6484572887;0;38.04927444;
76.66023254;80;60;471.199646;0.6484572887;0;38.1492691;
76.76652527;80;60;468.9848938;0.6328318119;0;38.24928665;
76.86342621;80;60;466.9377441;0.6328318119;0;38.3492775;
76.97040558;80;60;464.7171021;0.6328318119;0;38.44927979;
77.06947327;80;60;462.6645813;0.6328318119;0;38.54930115;
77.17565155;80;60;460.4380493;0.6328318119;0;38.64928818;
77.27246857;80;60;458.380127;0.6328318119;0;38.74931335;
77.37534332;80;60;456.1477356;0.6328318119;0;38.84931183;
77.46889496;80;60;454.0843811;0.6328318119;0;38.94929886;
77.56996155;80;60;451.8462219;0.6484572887;0;39.04930115;
77.66722107;80;60;449.7776184;0.6484572887;0;39.14931488;
77.77100372;80;60;447.7064514;0.6484572887;0;39.24933243;
77.87998962;80;60;445.3734436;0.6484572887;0;39.34931183;
77.98168945;80;60;443.2969666;0.6484572887;0;39.4493103;
78.09315491;80;60;441.0446472;0.6640827656;0;39.54931641;
78.19966888;80;60;438.9628906;0.6640827656;0;39.6493187;
78.31478882;80;60;436.7046509;0.6640827656;0;39.7493248;
78.42263794;80;60;434.6172485;0.6640827656;0;39.84932709;
78.53947449;80;60;432.3527222;0.6640827656;0;39.94933319;
78.64490509;80;60;430.2594604;0.6484572887;0;40.04933929;
78.75577545;80;60;427.9886169;0.6484572887;0;40.14933395;
78.85961914;80;60;425.8896179;0.6484572887;0;40.24934387;
78.96994781;80;60;423.6125488;0.6640827656;0;40.34934616;
79.0716095;80;60;421.5076904;0.6484572887;0;40.44934845;
79.18069458;80;60;419.2242432;0.6484572887;0;40.54934692;
79.28110504;80;60;417.1135254;0.6484572887;0;40.64938354;
79.39245605;80;60;414.8237;0.6640827656;0;40.74940491;
79.49729919;80;60;412.7070007;0.6640827656;0;40.84936905;
79.61122131;80;60;410.410614;0.6640827656;0;40.94937515;
79.71727753;80;60;408.2878723;0.6640827656;0;41.049366;
79.83232117;80;60;405.9849548;0.671895504;0;41.1493721;
79.94012451;80;60;403.8561707;0.671895504;0;41.24938202;
80.05788422;80;60;401.5466919;0.671895504;0;41.34937668;
80.16648865;80;60;399.4118652;0.671895504;0;41.44939423;
80.28399658;80;60;397.0958557;0.671895504;0;41.54938507;
80.39246368;80;60;394.9549561;0.671895504;0;41.64938736;
80.50989532;80;60;392.6323853;0.671895504;0;41.74942398;
80.61823273;80;60;390.4854736;0.671895504;0;41.84939575;
80.73548126;80;60;388.1563721;0.671895504;0;41.94939423;
80.84361267;80;60;386.0034485;0.671895504;0;42.04940414;
80.96073151;80;60;383.6678162;0.671895504;0;42.14941406;
81.06872559;80;60;381.5088501;0.671895504;0;42.24941635;
81.18566895;80;60;379.166748;0.671895504;0;42.34941101;
81.292099;80;60;377.00177;0.6640827656;0;42.44942474;
81.40657806;80;60;374.6531982;0.671895504;0;42.54941559;
81.51399994;80;60;372.4823608;0.671895504;0;42.64942169;
81.6293335;80;60;370.1273499;0.671895504;0;42.74942398;
81.73594666;80;60;367.9505615;0.6484572887;0;42.84945297;
81.83655548;80;60;365.5891724;0.3046967983;0;42.94944;
81.84364319;80;60;363.4070129;0.01562547684;0;43.04946518;
81.757164;80;60;361.0431213;0.03906369209;0;43.14944839;
81.65861511;80;60;358.8633118;0.0859401226;0;43.24944305;
81.56934357;80;60;356.5045471;0.0859401226;0;43.34944916;
81.48622131;80;60;354.3294067;0.01562547684;0;43.44945526;
81.36251831;80;60;351.975647;0;0;43.54944992;
81.23430634;80;60;349.8061829;0;0;43.64945221;
81.09487915;80;60;347.4596863;0;0;43.74946976;
80.96705627;80;60;345.2972107;0;0;43.84946823;
80.83296204;80;60;342.958374;0.01562547684;0;43.94947433;
80.71391296;80;60;340.8028564;0;0;44.04951477;
80.57885742;80;60;338.4713135;0;0;44.1495018;
80.45159149;80;60;336.3225708;0;0;44.24947739;
80.3136673;80;60;333.9986267;0;0;44.34947968;
80.18673706;80;60;331.8569336;0;0;44.44947815;
80.04942322;80;60;329.5406189;0;0;44.54948807;
79.92410278;80;60;327.4059753;0.01562547684;0;44.64948654;
79.7988205;80;60;325.0971985;0.01562547684;0;44.74948883;
79.6832962;80;60;322.9692078;0.01562547684;0;44.84952164;
79.55752563;80;60;320.6674194;0.01562547684;0;44.94949722;
79.44145203;80;60;318.5458984;0.01562547684;0;45.04950333;
79.31609344;80;60;316.2510681;0.03125095367;0;45.1495018;
79.20470428;80;60;314.1359863;0.01562547684;0;45.24952316;
79.08153534;80;60;311.8480225;0.03125095367;0;45.34952927;
78.97341919;80;60;309.7391968;0.03125095367;0;45.4495163;
78.85631561;80;60;307.4578857;0.03125095367;0;45.54956818;
78.75060272;80;60;305.3551025;0.03125095367;0;45.64952469;
78.6368866;80;60;303.0802612;0.03125095367;0;45.74952698;
78.53168488;80;60;300.9833069;0.01562547684;0;45.84954071;
78.41070557;80;60;298.7148438;0.01562547684;0;45.94953156;
78.29629517;80;60;296.6239624;0.01562547684;0;46.0495491;
78.1732254;80;60;294.3622437;0.03125095367;0;46.14953613;
78.06283569;80;60;292.2776489;0;0;46.24954224;
77.93154907;80;60;290.022644;0;0;46.34957886;
77.80817413;80;60;287.944519;0;0;46.44954681;
77.67513275;80;60;285.6968994;0.01562547684;0;46.54955292;
77.56109619;80;60;283.6255798;0.03125095367;0;46.64959717;
77.44780731;80;60;281.3850403;0.03125095367;0;46.74956512;
77.34485626;80;60;279.3197632;0.03125095367;0;46.84955978;
77.23342896;80;60;277.0855103;0.03125095367;0;46.94956589;
77.13067627;80;60;275.0259705;0.03125095367;0;47.04957962;
77.01963043;80;60;272.7978821;0.03125095367;0;47.14957047;
76.91732025;80;60;270.7440491;0.03125095367;0;47.24961853;
76.80656433;80;60;268.5221252;0.03125095367;0;47.34957886;
76.70449066;80;60;266.4739685;0.03125095367;0;47.44958115;
76.59410095;80;60;264.2581787;0.03125095367;0;47.54958725;
76.49237823;80;60;262.2156982;0.03125095367;0;47.64960098;
76.38232422;80;60;260.0061035;0.03125095367;0;47.74960709;
76.28091431;80;60;257.9692993;0.03125095367;0;47.84959412;
76.1712265;80;60;255.7658081;0.03125095367;0;47.94960022;
76.07012177;80;60;253.7346802;0.03125095367;0;48.04960632;
75.96076965;80;60;251.5373535;0.03125095367;0;48.14961243;
75.86001587;80;60;249.5118866;0.03125095367;0;48.24961472;
75.75102234;80;60;247.3207092;0.03125095367;0;48.349617;
75.65058136;80;60;245.3009033;0.03125095367;0;48.44961548;
75.54194641;80;60;243.11586;0.03125095367;0;48.54962158;
75.44262695;80;60;241.1017303;0.03906369209;0;48.64964676;
75.33598328;80;60;238.9228058;0.03125095367;0;48.7496376;
75.23654938;80;60;236.9142761;0.03906369209;0;48.84962845;
75.13076782;80;60;234.7414093;0;0;48.94963455;
75.0164032;80;60;232.7385101;0;0;49.04963684;
74.88819885;80;60;230.5722504;0;0;49.14963913;
74.76997375;80;60;228.5759583;0;0;49.24965286;
74.64161682;80;60;226.4169159;0;0;49.34965134;
74.522789;80;60;224.4272766;0;0;49.449646;
74.39395142;80;60;222.2753601;0;0;49.5496521;
74.27495575;80;60;220.2922058;0;0;49.64966965;
74.14615631;80;60;218.1472168;0;0;49.74966431;
74.02729797;80;60;216.1704102;0;0;49.84966278;
73.89902496;80;60;214.0323181;0;0;49.94968796;
73.77375031;80;60;212.0823822;0;0;50.04966736;
73.65766144;80;60;209.9511414;0;0;50.14968109;
73.53196716;80;60;207.9870148;0;0;50.24967575;
73.41603851;80;60;205.8626862;0;0;50.34868622;
73.30036163;80;60;203.9049835;0;0;50.44868469;
73.17481995;80;60;201.7876282;0;0;50.54869843;
73.05892944;80;60;199.83638;0;0;50.64868927;
72.93360901;80;60;197.7260284;0;0;50.74871826;
72.8187027;80;60;195.7812653;0;0;50.84872437;
72.69464874;80;60;193.6779327;0;0;50.94870377;
72.58013153;80;60;191.7396393;0;0;51.04872513;
72.44263458;80;60;189.64328;0;12.69722557;51.14873123;
72.19727325;80;60;187.7120056;0;21.82531166;51.24871826;
71.79214478;80;60;185.6276855;0;28.96816826;51.34872055;
71.33547211;80;60;183.7140961;0;36.11102676;51.44876099;
70.81965637;80;60;181.6447601;0;26.58619881;51.54873276;
70.40333557;80;60;179.7663269;0;29.76165009;51.64875031;
69.94476318;80;60;177.7330627;0;23.41227531;51.74873352;
69.57966614;80;60;175.8679962;0;21.03030396;51.84873199;
69.19445038;80;60;173.8486176;0;27.37968063;51.94873047;
68.75979614;80;60;172.0132751;0;34.52253723;52.04876328;
68.21807098;80;60;170.0280304;0;36.90450668;52.14874649;
67.6953125;80;60;168.1998138;0;36.90450668;52.24877167;
67.16869354;80;60;166.2449646;0;26.58619881;52.34875107;
66.82368469;80;60;164.4535828;0;7.936338425;52.44875717;
66.6426239;80;60;162.5226135;0;0;52.54876709;
66.5338974;80;60;160.7447662;0;0;52.64875793;
66.41939545;80;60;158.8224487;0;0;52.74875641;
66.31395721;80;60;157.0511475;0;0;52.84876633;
66.20172882;80;60;155.1353912;0;0;52.94877625;
66.09866333;80;60;153.3699188;0;0;53.04878235;
65.98654938;80;60;151.460495;0;0;53.14877701;
65.88313293;80;60;149.7008209;0;0;53.24878311;
65.77135468;80;60;147.7976379;0;0;53.34878159;
65.66828918;80;60;146.0437317;0;0;53.44883728;
65.5567627;80;60;144.1467743;0;0;53.54878616;
65.45394135;80;60;142.3985901;0;0;53.64879227;
65.34278107;80;60;140.5078278;0;0;53.74881363;
65.24033356;80;60;138.7653503;0;0;53.84881592;
65.14983368;80;60;136.8807373;0.1093783379;0;53.94880295;
65.10107422;80;60;135.1433258;0.1406292915;0;54.04880524;
65.06684875;80;60;133.2625275;0.2343821526;0;54.14880753;
65.05700684;80;60;131.5273285;0.3281350136;0;54.24880981;
65.08043671;80;60;129.6477966;0.4375133514;0;54.34881973;
65.13063049;80;60;127.9121857;0.4922025204;0;54.44882202;
65.2207489;80;60;126.0304413;0.7031464577;0;54.54882813;
65.34152985;80;60;124.2911072;0.7031464577;0;54.64883804;
65.47679138;80;60;122.4032593;0.7031464577;0;54.74882889;
65.60509491;80;60;120.6573257;0.7265846729;0;54.84883499;
65.74357605;80;60;118.7621231;0.6328318119;0;54.94884491;
65.82704926;80;60;117.0093079;0.2187566757;0;55.04886246;
65.80223846;80;60;115.1083527;0;0;55.14886856;
65.70938873;80;60;113.3545837;0;0;55.24884796;
65.59741211;80;60;111.4574814;0;0;55.34884644;
65.49547577;80;60;109.7090988;0;0;55.44884872;
65.38433075;80;60;107.8181992;0;0;55.54885483;
65.28096771;80;60;106.0757141;0;0;55.64886093;
65.16818237;80;60;104.191124;0;0;55.74885941;
65.06247711;80;60;102.4543076;0;0;55.84886932;
64.94029236;80;60;100.5758057;0;4.760887623;55.9488678;
64.76499939;80;60;98.84487152;0;12.69722557;56.04887009;
64.4804306;80;60;96.97504425;0;20.23682404;56.14888763;
64.11671448;80;60;95.25632477;0;28.17316246;56.24887848;
63.65246582;80;60;93.40520477;0;30.55513191;56.34888458;
63.16778946;80;60;91.70819855;0;40.47517395;56.44888306;
62.5557251;80;60;89.88460541;0;41.26865387;56.54889679;
61.98667526;80;60;88.2171402;0;41.26865387;56.64889526;
61.37361908;80;60;86.42798615;0;41.26865387;56.74890137;
60.80859756;80;60;84.79270935;0;41.26865387;56.84889984;
60.21120453;80;60;83.03900909;0;37.69799042;56.94890976;
59.68806839;80;60;81.43634033;0;37.69799042;57.04890442;
59.12787628;80;60;79.71709442;0;37.69799042;57.14890671;
58.63132095;80;60;78.14585114;0;30.55513191;57.24891663;
58.27841187;80;60;76.45979309;0;1.586962461;57.3489418;
58.15682983;80;60;74.91324615;0;0;57.4489212;
58.05742264;80;60;73.24315643;0;0;57.54893112;
57.96480942;80;60;71.70592499;0;0;57.64892578;
57.86552429;80;60;70.04480743;0;0;57.74893188;
57.77574158;80;60;68.51499176;0;0;57.8489418;
57.67848969;80;60;66.86138916;0;0;57.94893646;
57.58814621;80;60;65.33827209;0;0;58.04894257;
57.49014282;80;60;63.69169235;0;0;58.14893723;
57.39961624;80;60;62.17495728;0;0;58.24894714;
57.30122375;80;60;60.53524017;0;0;58.34896469;
57.20969009;80;60;59.02468491;0;0;58.44895172;
57.10960388;80;60;57.39140701;0;0;58.54895401;
57.01677322;80;60;55.88656235;0;0;58.6489563;
56.91410828;80;60;54.25917816;0;0;58.74896622;
56.81622696;80;60;52.75949097;0;0;58.84897232;
56.7093544;80;60;51.13745499;0;0;58.94897461;
56.61099243;80;60;49.64237595;0;0;59.04898071;
56.50391769;80;60;48.02481461;0;0;59.14897537;
56.40511322;80;60;46.53351974;0;0;59.24897766;
56.3011055;80;60;44.91989517;0;0;59.34900284;
56.20975876;80;60;43.43215179;0;0;59.44900513;
56.11312485;80;60;41.82231522;0;0;59.54901123;
56.02352905;80;60;40.33827209;0;0;59.6490097;
55.9251709;80;60;38.73313522;0;0;59.74900055;
55.83515167;80;60;37.25418091;0;0;59.84899521;
55.73815155;80;60;35.65498734;0;0;59.94903183;
55.64590454;80;60;34.1201973;0;0;60.04900742;
55.5577774;80;60;32.6495018;0;0;60.14903641;
55.462677;80;60;31.05932236;0;0;60.24900818;
55.37477875;80;60;29.59452438;0;0;60.34901428;
55.27991104;80;60;28.01127625;0;0;60.44902039;
55.19593811;80;60;26.55334091;0.03906369209;0;60.54902649;
55.12709045;80;60;24.97777939;0.07031464577;0;60.64902878;
55.07621765;80;60;23.5267067;0.07031464577;0;60.7490387;
55.02698898;80;60;21.95835876;0.1093783379;0;60.84903336;
55.00394821;80;60;20.51429939;0.2656331062;0;60.94903564;
55.01498413;80;60;18.95385551;0.3593859673;0;61.04903793;
55.05450058;80;60;17.51715279;0.4531388283;0;61.14906693;
55.12529373;80;60;15.96526337;0.578142643;0;61.24904251;
55.24491119;80;60;14.50824928;0.671895504;0;61.3490448;
55.35284805;80;60;13.08637047;0.7031464577;0;61.44908142;
55.47275543;80;60;11.52332878;0.7968993187;0;61.54906845;
55.63606644;80;60;10.13711166;0.9227442741;0;61.64905548;
55.9148941;80;60;8.65424633;1;0;61.7490654;
56.21127319;80;60;7.328582764;1;0;61.84907913;
56.52758789;80;60;5.97520113;1;0;61.94906998;
56.81735229;80;60;4.871241093;1;0;62.04909134;
57.13311768;80;60;3.984651089;1;0;62.14907455;
57.42560196;80;60;3.664788961;1;0;62.24908066;
57.74210739;80;60;4.008243084;1;0;62.34907913;
58.03400803;80;60;4.843019009;1;0;62.44908905;
58.35074234;80;60;6.075717926;1;0;62.54909134;
58.64335632;80;60;7.379042149;1;0;62.64909744;
58.95816422;80;60;8.89204216;1;0;62.74909592;
59.24557877;80;60;10.34638023;1;0;62.84910583;
59.55548477;80;60;11.96289063;1;0;62.94911575;
59.84140396;80;60;13.48181629;1;0;63.04911041;
60.15034485;80;60;15.14903641;1;0;63.14910889;
60.43482208;80;60;16.70422745;1;0;63.24912262;
60.74345016;80;60;18.40397263;1;0;63.34914017;
61.03284454;80;60;19.98524666;1;0;63.44911957;
61.35076141;80;60;21.71069908;1;0;63.54912186;
61.64167786;80;60;23.3144474;1;0;63.64913559;
61.95465088;80;60;25.0640049;1;0;63.74912643;
62.24278259;80;60;26.69073296;1;0;63.84914017;
62.55404282;80;60;28.4659996;1;0;63.94913483;
62.84020996;80;60;30.11649323;1;0;64.04914093;
63.15171432;80;60;31.91680336;1;0;64.14916992;
63.44259262;80;60;33.58948517;1;0;64.24914551;
63.75978851;80;60;35.4128418;1;0;64.34914398;
64.05361938;80;60;37.10586166;1;0;64.44915009;
64.37248993;80;60;38.95016479;1;0;64.54915619;
64.66707611;80;60;40.66163635;1;0;64.64916229;
64.98635864;80;60;42.52522278;1;0;64.74919128;
65.28121948;80;60;44.25408936;1;0;64.84915924;
65.60063171;80;60;46.1362915;1;0;64.94919586;
65.89559937;80;60;47.88220215;1;0;65.04920959;
66.21521759;80;60;49.78277206;1;0;65.14917755;
66.51034546;80;60;51.54558182;1;0;65.24917603;
66.83015442;80;60;53.46440887;1;0;65.34918213;
67.12543488;80;60;55.24402618;1;0;65.4491806;
67.44534302;80;60;57.18103027;1;0;65.54918671;
67.74082947;80;60;58.97739792;1;0;65.64924622;
68.06092072;80;60;60.93251419;1;0;65.74919891;
68.35617828;80;60;62.74557495;1;0;65.84920502;
68.6754303;80;60;64.72823334;1;0;65.94920349;
68.96990967;80;60;66.54832458;1;0;66.04921722;
69.28892517;80;60;68.53920746;1;0;66.14920807;
69.58343506;80;60;70.38502502;1;0;66.24921417;
69.90219116;80;60;72.39336395;1;0;66.34921265;
70.19671631;80;60;74.25521851;1;0;66.44926453;
70.51680756;80;60;76.28090668;1;0;66.54923248;
70.81453705;80;60;78.15880585;1;0;66.64922333;
71.13380432;80;60;80.2019577;1;0;66.74922943;
71.42991638;80;60;82.10601807;1;0;66.84923553;
71.75090027;80;60;84.16708374;1;0;66.9492569;
72.04724121;80;60;86.06801605;1;0;67.04925537;
72.36971283;80;60;88.15726471;1;0;67.14925385;
72.66443634;80;60;90.0749588;1;0;67.24924469;
72.98714447;80;60;92.18254089;1;0;67.34925079;
73.28357697;80;60;94.12713623;1;0;67.44924927;
73.60160828;80;60;96.22249603;1;0;67.54925537;
73.92286682;80;60;98.18380737;1;0;67.64925385;
74.21945953;80;60;100.3176422;1;0;67.74928284;
74.51610565;80;60;102.2957153;1;0;67.8482666;
74.83753204;80;60;104.4476929;1;0;67.94827271;
75.13475037;80;60;106.4424896;1;0;68.04827118;
75.45729065;80;60;108.612587;1;0;68.14827728;
75.75541687;80;60;110.6241226;1;0;68.24830627;
76.07884216;80;60;112.812355;1;0;68.34828186;
76.37789917;80;60;114.8406448;1;0;68.44828033;
76.70233154;80;60;117.0470352;1;0;68.54830933;
77.00251007;80;60;119.0920944;1;0;68.64831543;
77.32834625;80;60;121.3166733;1;0;68.74830627;
77.6295166;80;60;123.37854;1;0;68.84831238;
77.95623016;80;60;125.6213226;1;0;68.94830322;
78.25833893;80;60;127.6999664;1;0;69.04831696;
78.58605194;80;60;129.9609222;1;0;69.1483078;
78.88900757;80;60;132.0563354;1;0;69.24832153;
79.21767426;80;60;134.3354492;1;0;69.34832001;
79.52152252;80;60;136.4476776;1;0;69.44832611;
79.85107422;80;60;138.7450104;1;0;69.54832458;
80.15589142;80;60;140.8740692;1;0;69.64833069;
80.48653412;80;60;143.189682;1;0;69.74834442;
80.79233551;80;60;145.3356323;1;0;69.8483429;
81.12403107;80;60;147.6695862;1;0;69.94834137;
81.43024445;80;60;149.832489;1;0;70.04833984;
81.76152039;80;60;152.1848755;1;0;70.14835358;
82.06630707;80;60;154.3648529;1;0;70.24835968;
82.39580536;80;60;156.7357941;1;0;70.34835052;
82.69963074;80;60;158.9329071;1;0;70.44836426;
83.02928925;80;60;161.3223877;1;0;70.5483551;
83.33594513;80;60;163.5365906;1;0;70.64836884;
83.67053223;80;60;165.9445648;1;0;70.74835968;
83.98167419;80;60;168.1758575;0.8000000119;0;70.84836578;
84.25439453;80;60;170.6022186;0.8000000119;0;70.94837189;
84.4733963;80;60;172.8487091;0.8579999804;0;71.04837799;
84.71573639;80;60;175.289032;0.9620000124;0;71.14837646;
84.93952942;80;60;177.5480042;1;0;71.24837494;
85.16262817;80;60;180.0018311;1;0;71.34838867;
85.36750793;80;60;182.2726135;1;0;71.44844818;
85.59022522;80;60;184.7388916;1;0;71.54839325;
85.79542542;80;60;187.021225;1;0;71.64839172;
86.0175705;80;60;189.4999695;1;0;71.74839783;
86.22250366;80;60;191.7937775;1;0;71.84840393;
86.44395447;80;60;194.2849274;1;0;71.94841003;
86.64805603;80;60;196.5901489;1;0;72.04841614;
86.86936951;80;60;199.0935974;1;0;72.14841461;
87.0749588;80;60;201.4101563;1;0;72.24843597;
87.29780579;80;60;203.9258881;1;0;72.34842682;
87.50314331;80;60;206.2537842;1;0;72.44842529;
87.72556305;80;60;208.7818298;1;0;72.54845428;
87.93067169;80;60;211.1211243;1;0;72.64842224;
88.15255737;80;60;213.6615601;1;0;72.74843597;
88.35728455;80;60;216.0122833;1;0;72.84844208;
88.57902527;80;60;218.565094;1;0;72.94844055;
88.7835083;80;60;220.9272156;1;0;73.04843903;
89.00492859;80;60;223.4923553;1;0;73.14845276;
89.20926666;80;60;225.86586;1;0;73.2484436;
89.43061066;80;60;228.4432983;1;0;73.34845734;
89.63475037;80;60;230.8281403;1;0;73.44845581;
89.85578156;80;60;233.4178467;1;0;73.54845428;
90.0598526;80;60;235.8139801;1;0;73.64846802;
90.28083038;80;60;238.4159241;1;0;73.74847412;
90.4846344;80;60;240.8233337;1;0;73.8484726;
90.70536804;80;60;243.4374542;1;0;73.9484787;
90.90912628;80;60;245.8561096;1;0;74.04846954;
91.13031769;80;60;248.4823914;1;0;74.14849091;
91.33426666;80;60;250.9122772;1;0;74.24848175;
91.55321503;80;60;253.550766;1;0;74.34848785;
91.75372314;80;60;255.9919128;1;0;74.44849396;
91.96949768;80;60;258.6426392;1;0;74.54850006;
92.16738892;80;60;261.0950928;1;0;74.64852905;
92.38126373;80;60;263.7580261;1;0;74.74849701;
92.57753754;80;60;266.2216797;1;0;74.84850311;
92.79045868;80;60;268.8965149;1;0;74.94851685;
92.9901123;80;60;271.3709717;1;0;75.04850769;
93.21019745;80;60;274.0574646;1;0;75.14852142;
93.41366577;80;60;276.5427246;1;0;75.2485199;
93.63394928;80;60;279.2410278;1;0;75.34851837;
93.83719635;80;60;281.7373352;1;0;75.44853973;
94.05682373;80;60;284.4478149;1;0;75.54852295;
94.25911713;80;60;286.9554443;1;0;75.64852905;
94.47733307;80;60;289.6782532;1;0;75.74852753;
94.67840576;80;60;292.1973267;1;0;75.84854889;
94.89589691;80;60;294.9324646;1;0;75.9485321;
95.09772491;80;60;297.4628601;1;0;76.0485611;
95.31697845;80;60;300.2102966;1;0;76.14854431;
95.51213837;80;60;302.7520752;0.9219031334;0;76.24854279;
95.68493652;80;60;305.5114746;0.6484572887;0;76.34854889;
95.74250031;80;60;308.0628052;0.05468916893;0;76.44857788;
95.66174316;80;60;310.8280945;0;0;76.54855347;
95.52385712;80;60;313.3785095;0;0;76.64859009;
95.35960388;80;60;316.1374512;0;0;76.74856567;
95.20783234;80;60;318.6801453;0;0;76.84856415;
95.04309845;80;60;321.4302368;0;0;76.94857788;
94.89048004;80;60;323.9645996;0;0;77.04857635;
94.72541046;80;60;326.7055969;0;0;77.14860535;
94.57360077;80;60;329.2315369;0;0;77.24858856;
94.40943909;80;60;331.9634094;0;0;77.34858704;
94.25811005;80;60;334.4809265;0;0;77.44858551;
94.09446716;80;60;337.2037048;0;0;77.54859161;
93.9432373;80;60;339.7128601;0;0;77.64859772;
93.77958679;80;60;342.4265442;0;0;77.74859619;
93.62832642;80;60;344.9273071;0;0;77.84860992;
93.46442413;80;60;347.6319275;0;0;77.9486084;
93.31332397;80;60;350.1243286;0;0;78.04862213;
93.14981079;80;60;352.8198547;0;0;78.14861298;
93.00009918;80;60;355.303833;0;0;78.24861908;
92.83917236;80;60;357.9902649;0;0;78.34861755;
92.6909256;80;60;360.4658813;0;0;78.44862366;
92.53042603;80;60;363.1432495;0;0;78.54862976;
92.38256073;80;60;365.6105347;0;0;78.64864349;
92.22266388;80;60;368.2789917;0;0;78.74863434;
92.07524872;80;60;370.7380676;0;0;78.84863281;
91.91555786;80;60;373.3976135;0;0;78.94867706;
91.76773071;80;60;375.8485413;0;0;79.04864502;
91.60774231;80;60;378.4992676;0;0;79.14864349;
91.46001434;80;60;380.9420471;0;0;79.24865723;
91.29995728;80;60;383.5839539;0;0;79.3486557;
91.15232086;80;60;386.0186157;0;0;79.44865417;
90.9927597;80;60;388.6517334;0;0;79.54866028;
90.87615204;80;60;391.0782166;0.6484572887;0;79.64866638;
90.94515991;80;60;393.7037964;1;0;79.74867249;
91.14906311;80;60;396.1297913;1;0;79.84866333;
91.37129211;80;60;398.7638855;1;0;79.94866943;
91.5719223;80;60;401.20047;1;0;80.04867554;
91.79205322;80;60;403.8460388;1;0;80.14868164;
91.99714661;80;60;406.2937317;1;0;80.24868011;
92.21833038;80;60;408.9514771;1;0;80.34868622;
92.42179871;80;60;411.4104004;1;0;80.44868469;
92.64241791;80;60;414.0803528;1;0;80.5486908;
92.84619141;80;60;416.5505981;1;0;80.64868927;
93.06674957;80;60;419.2327881;1;0;80.748703;
93.2702179;80;60;421.714325;1;0;80.84870148;
93.49040985;80;60;424.408783;1;0;80.94870758;
93.70552063;80;60;426.8496704;1;0;81.04871368;
93.90748596;80;60;429.5562439;1;0;81.14875031;
94.12570953;80;60;432.0603027;1;0;81.24871826;
94.32685852;80;60;434.7922363;1;0;81.34873199;
94.54460144;80;60;437.2945251;1;0;81.44873047;
94.74523926;80;60;440.0256042;1;0;81.54873657;
94.96240997;80;60;442.5522156;1;0;81.64872742;
95.16333008;80;60;445.2954102;1;0;81.74873352;
95.38275909;80;60;447.8331604;1;0;81.84873962;
95.58637238;80;60;450.6016846;1;0;81.9487381;
95.80400848;80;60;453.1506348;1;0;82.0487442;
96.00598907;80;60;455.9180298;1;0;82.14875031;
96.22199249;80;60;458.4781494;1;0;82.24875641;
96.41893005;80;60;461.2576904;1;0;82.34874725;
96.63111877;80;60;463.8289185;1;0;82.44876099;
96.82756042;80;60;466.6203918;1;0;82.54875946;
97.04377747;80;60;469.2025452;1;0;82.64878845;
97.24603271;80;60;472.0057373;1;0;82.74877167;
97.46602631;80;60;474.5987244;1;0;82.84877014;
97.66907501;80;60;477.4137573;1;0;82.94876862;
97.80531311;80;60;480.0177917;0;0;83.04877472;
97.73505402;80;60;482.8421326;0;0;83.14878845;
97.58274841;80;60;485.4471436;0;0;83.2488327;
97.42738342;80;60;488.2653198;0;0;83.34879303;
97.2596283;80;60;490.8627319;0;0;83.4487915;
97.10401154;80;60;493.6720276;0;0;83.54880524;
96.93411255;80;60;496.2609558;0;0;83.64881134;
96.77776337;80;60;499.0610352;0;0;83.74880219;
96.60910797;80;60;501.641449;0;0;83.84880066;
96.45326996;80;60;504.432251;0;0;83.94880676;
96.28348541;80;60;507.0041199;0;0;84.04880524;
96.12605286;80;60;509.7856445;0;0;84.14884186;
95.95365906;80;60;512.348938;0;0;84.24881744;
95.79641724;80;60;515.1210938;0;0;84.34882355;
95.62695313;80;60;517.6756592;0;0;84.44882202;
95.50908661;80;60;520.4384766;0;0;84.54882813;
95.35927582;80;60;523.038147;0;0;84.6488266;
95.15649414;80;60;524.7332153;0;0;84.7488327;
94.9522934;80;60;528.3292236;0;0;84.84883881;
94.7929306;80;60;531.0723267;0;0;84.94884491;
94.64375305;80;50;533.5731201;0;0;85.04884338;
94.49156189;80;50;2045.367065;0;0;85.14884949;
94.32111359;80;50;2043.218994;0;0;85.24884796;
94.16912842;80;50;2040.891846;0;0;85.34786224;
94.01990509;80;50;2038.745117;0;0;85.44786072;
93.85438538;80;50;2036.421997;0;0;85.54785919;
93.69750214;80;50;2034.281494;0;0;85.64788055;
93.52539825;80;50;2031.969116;0;0;85.74789429;
93.36441803;80;50;2029.843262;0;0;85.8478775;
93.19004059;80;50;2027.552124;0;0;85.94787598;
93.03182983;80;50;2025.450073;0;0;86.04789734;
92.8616333;80;50;2023.187622;0;0;86.14788055;
92.70511627;80;50;2021.113037;0;0;86.24790192;
92.53642273;80;50;2018.880249;0;0;86.34790039;
92.38182068;80;50;2016.832275;0;0;86.44789886;
92.21440125;80;50;2014.627319;0;0;86.54792023;
92.06008148;80;50;2012.604492;0;0;86.64789581;
91.89360046;80;50;2010.426392;0;0;86.74790192;
91.74017334;80;50;2008.427979;0;0;86.84790802;
91.57510376;80;50;2006.276245;0;0;86.94795227;
91.42276001;80;50;2004.302246;0;0;87.04792023;
91.26229858;80;50;2002.176758;0;0;87.14793396;
91.11713409;80;50;2000.22644;0;0;87.2479248;
90.95728302;80;50;1998.124878;0;0;87.34792328;
90.80353546;80;50;1996.192871;0;0;87.44796753;
90.62640381;80;50;1994.103882;0;0;87.54792786;
90.44999695;80;50;1992.174927;0;0;87.64792633;
90.24485016;80;50;1990.080078;0;0;87.74793243;
90.04883575;80;50;1988.138184;0;0;87.84793854;
89.83959198;80;50;1986.022095;0;0;87.94793701;
89.66455841;80;50;1984.055054;0;0;88.04795837;
89.49094391;80;50;1981.907959;0;0;88.14796448;
89.34299469;80;50;1979.911987;0;0;88.24794769;
89.1915741;80;50;1977.737793;0;0;88.34796143;
89.05192566;80;50;1975.723877;0;0;88.44798279;
88.89440155;80;50;1973.539551;0;0;88.547966;
88.74523163;80;50;1971.525391;0;0;88.64796448;
88.58444214;80;50;1969.35022;0;0;88.74800873;
88.44057465;80;50;1967.351685;0;0;88.84799957;
88.28726959;80;50;1965.198608;0;0;88.94797516;
88.1476059;80;50;1963.222656;0;0;89.04797363;
87.9961853;80;50;1961.093018;0;0;89.14797974;
87.85612488;80;50;1959.13562;0;0;89.2480011;
87.70442963;80;50;1957.021973;0;0;89.34799957;
87.56350708;80;50;1955.076416;0;0;89.44801331;
87.41040039;80;50;1952.974121;0;0;89.54799652;
87.26859283;80;50;1951.039185;0;0;89.64800262;
87.11468506;80;50;1948.950684;0;0;89.7480011;
86.97428894;80;50;1947.031006;0;0;89.8480072;
86.82365417;80;50;1944.960938;0;0;89.94802094;
86.68537903;80;50;1943.059204;0;0;90.04801178;
86.53609467;80;50;1941.00769;0;0;90.14802551;
86.39801788;80;50;1939.121094;0;0;90.24803162;
86.24528503;80;50;1937.08374;0;0;90.34803009;
86.10266876;80;50;1935.207764;0;0;90.44804382;
85.94871521;80;50;1933.17749;0;0;90.54803467;
85.80912018;80;50;1931.302734;0;0;90.64803314;
85.6605072;80;50;1929.269043;0;0;90.74803162;
85.52502441;80;50;1927.389526;0;0;90.84803772;
85.37761688;80;50;1925.352295;0;0;90.94805908;
85.24172211;80;50;1923.473145;0;0;91.04807281;
85.09516144;80;50;1921.441528;0;0;91.1480484;
84.96012878;80;50;1919.572021;0;0;91.2480545;
84.81450653;80;50;1917.553589;0;0;91.34805298;
84.68022156;80;50;1915.695679;0;0;91.44805908;
84.5344162;80;50;1913.687256;0;0;91.54810333;
84.39990234;80;50;1911.836548;0;0;91.64808655;
84.25434875;80;50;1909.834717;0;0;91.74806976;
84.12041473;80;50;1907.989136;0;0;91.84807587;
83.97583771;80;50;1905.992188;0;0;91.94807434;
83.84077454;80;50;1904.151123;0;0;92.0480957;
83.69285583;80;50;1902.160156;0;0;92.14807892;
83.55532074;80;50;1900.327393;0;0;92.24808502;
83.40487671;80;50;1898.350098;0;0;92.34809113;
83.26526642;80;50;1896.534424;0;0;92.44811249;
83.1137085;80;50;1894.579102;0;0;92.54811859;
82.97344208;80;50;1892.785889;0;0;92.64809418;
82.8241806;80;50;1890.856323;0;0;92.74815369;
82.69117737;80;50;1889.087524;0;0;92.84810638;
82.5490036;80;50;1887.184326;0;0;92.94815063;
82.41863251;80;50;1885.438477;0;0;93.04814148;
82.27745819;80;50;1883.556152;0;0;93.14814758;
82.14696503;80;50;1881.824585;0;0;93.24812317;
82.00524902;80;50;1879.952515;0;0;93.34812164;
81.87434387;80;50;1878.226929;0;0;93.44815063;
81.73262787;80;50;1876.359009;0;0;93.54814148;
81.60202026;80;50;1874.63562;0;0;93.64813232;
81.46059418;80;50;1872.769165;0;0;93.74813843;
81.33023071;80;50;1871.046753;0;0;93.84814453;
81.18920135;80;50;1869.180908;0;0;93.94815826;
81.05926514;80;50;1867.458862;0;0;94.04815674;
80.91874695;80;50;1865.593506;0;0;94.14814758;
80.78934479;80;50;1863.871826;0;0;94.24817657;
80.64904022;80;50;1862.006714;0;0;94.34815216;
80.52004242;80;50;1860.285278;0;0;94.44819641;
80.3806076;80;50;1858.420654;0;0;94.54816437;
80.25200653;80;50;1856.699585;0;0;94.64818573;
80.11290741;80;50;1854.835327;0;0;94.74817657;
79.98477173;80;50;1853.114624;0;0;94.84818268;
79.84621429;80;50;1851.250854;0;0;94.94820404;
79.71852875;80;50;1849.53064;0;0;95.04818726;
79.58043671;80;50;1847.667236;0;0;95.14819336;
79.45320129;80;50;1845.94751;0;0;95.2481842;
79.31559753;80;50;1844.084839;0;0;95.34822845;
79.18991089;80;50;1842.365601;0.1171910763;0;95.44819641;
79.11883545;80;50;1840.503296;0.5703299046;0;95.54819489;
79.17315674;80;50;1838.783081;0.8828394413;0;95.64820099;
79.370224;80;50;1836.915039;1;0;95.74822235;
79.57806396;80;50;1835.18457;1;0;95.84824371;
79.79947662;80;50;1833.304199;1;0;95.94821167;
80.00234985;80;50;1831.564941;1;0;96.04821014;
80.21958923;80;50;1829.679443;1;0;96.14821625;
80.41555786;80;50;1827.940063;1;0;96.24821472;
80.62586212;80;50;1826.059204;1;0;96.34823608;
80.81697083;80;50;1824.328369;1;0;96.44824982;
81.02336884;80;50;1822.460815;1;0;96.5482254;
81.21841431;80;50;1820.745117;1;0;96.64823151;
81.43304443;80;50;1818.89563;1;0;96.74826813;
81.63379669;80;50;1817.187866;1;0;96.84823608;
81.85734558;80;50;1815.354736;1;0;96.94824982;
82.06341553;80;50;1813.676392;1;0;97.04826355;
82.28831482;80;50;1811.842896;1;0;97.14825439;
82.49436951;80;50;1810.158325;1;0;97.24825287;
82.71741486;80;50;1808.32959;1;0;97.34827423;
82.92272186;80;50;1806.635864;1;0;97.44828033;
83.14440155;80;50;1804.793457;1;0;97.54828644;
83.34838104;80;50;1803.085327;1;0;97.64826965;
83.56983185;80;50;1801.226074;1;0;97.74826813;
83.77362061;80;50;1799.501587;1;0;97.84827423;
83.99425507;80;50;1797.62439;1;0;97.94827271;
84.19866943;80;50;1795.883179;1;0;98.0483017;
84.42082977;80;50;1793.987915;1;0;98.1483078;
84.62669373;80;50;1792.230469;1;0;98.24829102;
84.85015869;80;50;1790.318604;1;0;98.34828949;
85.05640411;80;50;1788.547485;1;0;98.44830322;
85.27955627;80;50;1786.623535;1;0;98.5483017;
85.48538971;80;50;1784.844116;1;0;98.64833832;
85.70767975;80;50;1782.914307;1;0;98.74830627;
85.91291809;80;50;1781.131592;1;0;98.84830475;
86.13513184;80;50;1779.199707;1;0;98.94831085;
86.3400116;80;50;1777.416016;1;0;99.04831696;
86.56181335;80;50;1775.483765;1;0;99.14832306;
86.7665329;80;50;1773.700073;1;0;99.24833679;
86.98819733;80;50;1771.767822;1;0;99.34832764;
87.19270325;80;50;1769.984497;1;0;99.44832611;
87.41419983;80;50;1768.052734;1;0;99.54833221;
87.61897278;80;50;1766.269897;1;0;99.64837646;
87.84079742;80;50;1764.338745;1;0;99.74833679;
88.04597473;80;50;1762.556152;1;0;99.84835815;
88.26785278;80;50;1760.624878;1;0;99.948349;
88.47262573;80;50;1758.841431;1;0;100.0483704;
88.69483948;80;50;1756.908447;1;0;100.1483536;
88.89995575;80;50;1755.123291;1;0;100.2483597;
89.12197113;80;50;1753.187744;1;0;100.3484039;
89.32693481;80;50;1751.399048;1;0;100.4483566;
89.54891968;80;50;1749.45874;1;0;100.5483627;
89.75372314;80;50;1747.665039;1;0;100.6483688;
89.97531128;80;50;1745.718628;1;0;100.7483749;
90.1791687;80;50;1743.918823;1;0;100.8483734;
90.39945984;80;50;1741.965088;1;0;100.9483719;
90.60205078;80;50;1740.15686;1;0;101.0484238;
90.81884766;80;50;1738.191528;1;0;101.1483841;
91.01708984;80;50;1736.370483;1;0;101.2484055;
91.23133087;80;50;1734.388794;1;0;101.3483963;
91.42916107;80;50;1732.549683;1;0;101.4484329;
91.64582062;80;50;1730.545898;1;0;101.5484009;
91.84746552;80;50;1728.685425;1;0;101.6483994;
92.06690979;80;50;1726.658936;1;0;101.7484283;
92.27113342;80;50;1724.779419;1;0;101.8484116;
92.49141693;80;50;1722.735596;1;0;101.94841;
92.69487;80;50;1720.84314;1;0;102.0484238;
92.91551208;80;50;1718.78833;1;0;102.1484375;
93.11891174;80;50;1716.888306;1;0;102.2484283;
93.33895874;80;50;1714.827759;1;0;102.3484421;
93.55671692;80;50;1712.924316;1;0;102.4484253;
93.75952911;80;50;1710.881226;1;0;102.5484543;
93.97924805;80;50;1708.976318;1;0;102.6484299;
94.18152618;80;50;1706.912476;1;0;102.748436;
94.38411713;80;50;1705.00708;1;0;102.847435;
94.60343933;80;50;1702.942749;1;0;102.9474487;
94.80620575;80;50;1701.036987;1;0;103.0474548;
95.02593994;80;50;1698.972168;1;0;103.1474609;
95.22828674;80;50;1697.065308;1;0;103.2474976;
95.44710541;80;50;1694.99707;1;0;103.3474655;
95.64878845;80;50;1693.084351;1;0;103.447464;
95.86699677;80;50;1691.00708;1;0;103.5474625;
96.06786346;80;50;1689.084229;1;0;103.6474915;
96.28613281;80;50;1686.994873;1;0;103.7474823;
96.48725891;80;50;1685.060059;1;0;103.8474808;
96.70495605;80;50;1682.957397;1;0;103.9474716;
96.9061203;80;50;1681.010132;1;0;104.0474777;
97.123703;80;50;1678.893677;1;0;104.1474838;
97.32282257;80;50;1676.933594;1;0;104.2474823;
97.53691864;80;50;1674.802734;1;0;104.347496;
97.73279572;80;50;1672.828125;1;0;104.4475021;
97.94284821;80;50;1670.679321;1;0;104.5475082;
98.1342926;80;50;1668.685425;1;0;104.6475143;
98.3394165;80;50;1666.512939;1;0;104.7475128;
98.52655029;80;50;1664.494873;1;0;104.8475113;
98.72821808;80;50;1662.293945;1;0;104.9475174;
98.9150238;80;50;1660.247925;1;0;105.0475235;
99.12108612;80;50;1658.015015;1;0;105.1475143;
99.31268311;80;50;1655.938843;1;0;105.2475204;
99.52120972;80;50;1653.673828;1;0;105.3475342;
99.71482849;80;50;1651.569458;1;0;105.4475327;
99.92812347;80;50;1649.275879;1;0;105.5475388;
100.1275406;80;50;1647.146362;1;0;105.6475372;
100.3443146;80;50;1644.827148;1;0;105.747551;
100.5457001;80;50;1642.67627;1;0;105.8475418;
100.7644196;80;50;1640.336548;1;0;105.9475555;
100.966217;80;50;1638.168945;1;0;106.0475693;
101.1851654;80;50;1635.812378;1;0;106.1475525;
101.3875732;80;50;1633.629883;1;0;106.247551;
101.6069565;80;50;1631.257935;1;0;106.3475571;
101.8094864;80;50;1629.061401;1;0;106.4475708;
102.0289612;80;50;1626.674316;1;0;106.5475616;
102.2308121;80;50;1624.463867;1;0;106.6475677;
102.4475861;80;50;1622.061646;1;0;106.7475662;
102.6453705;80;50;1619.83667;1;0;106.8475952;
102.8563919;80;50;1617.417358;1;0;106.9475861;
103.049263;80;50;1615.174561;1;0;107.0475998;
103.2568283;80;50;1612.732788;1;0;107.147583;
103.4472961;80;50;1610.466797;1;0;107.2475967;
103.6529922;80;50;1607.997925;1;0;107.3476028;
103.8424072;80;50;1605.705444;1;0;107.44767;
104.0472031;80;50;1603.207153;1;0;107.5475998;
104.2362976;80;50;1600.887207;1;0;107.6475983;
104.4449997;80;50;1598.359009;1;0;107.7476044;
104.6419525;80;50;1596.011719;1;0;107.847641;
104.8589478;80;50;1593.454468;1;0;107.9476395;
105.0617523;80;50;1591.081909;1;0;108.0476227;
105.2823563;80;50;1588.50061;1;0;108.1476212;
105.4864502;80;50;1586.109009;1;0;108.2476349;
105.7079849;80;50;1583.51001;1;0;108.347641;
105.9127731;80;50;1581.104248;1;0;108.4476318;
106.1348953;80;50;1578.491211;1;0;108.5476303;
106.3399048;80;50;1576.073486;1;0;108.6476364;
106.5606995;80;50;1573.447876;1;0;108.7476425;
106.7627182;80;50;1571.018311;1;0;108.8476563;
106.9789581;80;50;1568.379272;1;0;108.9476547;
107.1758041;80;50;1565.935547;1;0;109.0476456;
107.3868332;80;50;1563.265503;1;0;109.1476517;
107.5804977;80;50;1560.815063;1;0;109.2476883;
107.7891464;80;50;1558.134155;1;0;109.3476563;
107.9810181;80;50;1555.647461;1;0;109.4476624;
108.188446;80;50;1552.939941;1;0;109.5476761;
108.3795776;80;50;1550.428101;1;0;109.6476746;
108.5874634;80;50;1547.692993;1;0;109.7476807;
108.7841339;80;50;1545.155518;1;0;109.8477173;
108.9997253;80;50;1542.392822;1;0;109.9476929;
109.1994019;80;50;1539.830811;1;0;110.0476761;
109.4174957;80;50;1537.043457;1;0;110.1476974;
109.6190033;80;50;1534.460449;1;0;110.2476883;
109.8372955;80;50;1531.651978;1;0;110.3476944;
110.0393753;80;50;1529.050415;1;0;110.4477005;
110.2585297;80;50;1526.222412;1;0;110.5477066;
110.4583206;80;50;1523.603149;1;0;110.6477051;
110.6725616;80;50;1520.756104;1;0;110.7477188;
110.8694077;80;50;1518.118774;1;0;110.8477097;
111.0808945;80;50;1515.250977;1;0;110.9477081;
111.2766876;80;50;1512.593018;1;0;111.0477142;
111.4865036;80;50;1509.70166;1;0;111.1477203;
111.6781082;80;50;1507.021362;1;0;111.2477188;
111.8793411;80;50;1504.10498;1;0;111.3477478;
112.0632248;80;50;1501.401245;1;0;111.4477539;
112.2578812;80;50;1498.458374;1;0;111.5477753;
112.4410553;80;50;1495.728638;1;0;111.6477356;
112.6488037;80;50;1492.756348;1;0;111.7477646;
112.8423309;80;50;1489.998779;1;0;111.8477402;
113.0540848;80;50;1486.982788;1;0;111.9477539;
113.2510681;80;50;1484.200195;1;0;112.0477371;
113.4661484;80;50;1481.173462;1;0;112.1477509;
113.6706543;80;50;1478.368896;1;0;112.2477646;
113.8951492;80;50;1475.319946;1;0;112.3477631;
114.1024933;80;50;1472.496704;1;0;112.4477615;
114.3279572;80;50;1469.430298;1;0;112.5477676;
114.5354996;80;50;1466.593628;1;0;112.6477737;
114.7603378;80;50;1463.514893;1;0;112.7477798;
114.9682312;80;50;1460.667847;1;0;112.8477783;
115.1931763;80;50;1457.578003;1;0;112.9477768;
115.4007187;80;50;1454.720337;1;0;113.0478058;
115.6255798;80;50;1451.61853;1;0;113.1477966;
115.8329391;80;50;1448.749634;1;0;113.2478027;
116.054657;80;50;1445.635254;1;0;113.3478165;
116.2521057;80;50;1442.75415;1;0;113.4477997;
116.4595108;80;50;1439.62561;1;0;113.5478134;
116.6451569;80;50;1436.729004;1;0;113.6478119;
116.8358612;80;50;1433.579468;1;0;113.7478027;
117.0030594;80;50;1430.660278;1;0;113.8478317;
117.1749878;80;50;1427.483887;1;0;113.9478073;
117.3275604;80;50;1424.537842;1;0;114.0478287;
117.4936142;80;50;1421.330444;1;0;114.1478195;
117.6570816;80;50;1418.354736;1;0;114.2478409;
117.8450165;80;50;1415.114624;1;0;114.3478317;
118.0295258;80;50;1412.109253;1;0;114.4478378;
118.2378693;80;50;1408.838623;1;0;114.5478592;
118.435791;80;50;1405.807373;1;0;114.6478348;
118.6568909;80;50;1402.511597;1;0;114.7478409;
118.8631973;80;50;1399.459351;1;0;114.8478546;
119.0874176;80;50;1396.143433;1;0;114.9478455;
119.2962494;80;50;1393.074951;1;0;115.0478516;
119.5215836;80;50;1389.74353;1;0;115.1478806;
119.7264786;80;50;1386.662109;1;0;115.2478714;
119.9451065;80;50;1383.317139;1;0;115.3478699;
120.1390686;80;50;1380.222534;1;0;115.4478607;
120.3396378;80;50;1376.861694;1;0;115.5478668;
120.5163422;80;50;1373.75061;1;0;115.6478653;
120.6988373;80;50;1370.369507;1;0;115.7478714;
120.8624496;80;50;1367.238037;1;0;115.8478699;
121.0389557;80;50;1363.833618;1;0;115.9479294;
121.2103195;80;50;1360.679688;1;0;116.0478973;
121.4092789;80;50;1357.25061;1;0;116.1478806;
121.6048508;80;50;1354.074219;1;0;116.2478943;
121.82444;80;50;1350.62207;1;0;116.3479309;
122.0298157;80;50;1347.42627;1;0;116.4479065;
122.252388;80;50;1343.955078;1;0;116.547905;
122.4575272;80;50;1340.743652;1;0;116.6479111;
122.6808548;80;50;1337.257202;1;0;116.7479019;
122.8851013;80;50;1334.032715;1;0;116.8479233;
123.1038284;80;50;1330.532837;1;0;116.9479141;
123.3009338;80;50;1327.296021;1;0;117.0479202;
123.5040588;80;50;1323.781982;1;0;117.1479111;
123.6839066;80;50;1320.530884;1;0;117.2479324;
123.8724289;80;50;1317.000366;1;0;117.3479309;
124.0398178;80;50;1313.733032;1;0;117.447937;
124.2120056;80;50;1310.184082;1;0;117.5479355;
124.364769;80;50;1306.899658;1;0;117.647934;
124.5268021;80;50;1303.332275;1;0;117.7479477;
124.6722031;80;50;1300.031128;1;0;117.8479462;
124.8284302;80;50;1296.446045;1;0;117.9479523;
124.9783783;80;50;1293.129028;1;0;118.0479507;
125.1594925;80;50;1289.52771;1;0;118.1479645;
125.3480453;80;50;1286.196289;1;0;118.247963;
125.5705338;80;50;1282.57959;1;0;118.3479614;
125.7824402;80;50;1279.234497;1;0;118.4479675;
126.0032654;80;50;1275.60376;1;0;118.5479736;
126.2019958;80;50;1272.24646;1;0;118.6479721;
126.4205704;80;50;1268.603516;1;0;118.7479782;
126.6267548;80;50;1265.235596;1;0;118.8479843;
126.8515625;80;50;1261.581055;1;0;118.9479828;
127.0549622;80;50;1258.202393;1;0;119.0479889;
127.2684555;80;50;1254.536011;1;0;119.147995;
127.4580612;80;50;1251.146118;1;0;119.2480011;
127.6556778;80;50;1247.467407;1;0;119.3479996;
127.833107;80;50;1244.065674;1;0;119.4479904;
128.0240784;80;50;1240.374146;1;0;119.5480118;
128.20578;80;50;1236.960693;1;0;119.6480103;
128.4017334;80;50;1233.256836;1;0;119.7480011;
128.5768585;80;50;1229.832397;1;0;119.8480072;
128.7602539;80;50;1226.117065;1;0;119.9480057;
128.9264832;80;50;1222.718506;0.8984649181;0;120.0480423;
129.0291443;80;50;1218.993286;0.4453260899;0;120.1480331;
128.9641266;80;50;1215.552734;0;0;120.248024;
128.7500916;80;50;1211.828613;0;0;120.347023;
128.4966888;80;50;1208.397339;0;0;120.4470291;
128.2052765;80;50;1204.688843;0;0;120.5470657;
127.9418869;80;50;1201.274902;0;0;120.6470337;
127.6725464;80;50;1197.586792;0;0;120.7470474;
127.4407501;80;50;1194.192261;0;0;120.8470535;
127.2092133;80;50;1190.525757;0;0;120.9470444;
127.0060425;80;50;1187.150879;0;0;121.0470734;
126.7884064;80;50;1183.504761;0;0;121.1470642;
126.5836639;80;50;1180.147095;0;0;121.2470551;
126.3510818;80;50;1176.517578;0;0;121.3470535;
126.1293335;80;50;1173.173706;0;0;121.4470901;
125.8919067;80;50;1169.557129;0;0;121.5470657;
125.6804504;80;50;1166.223145;0;0;121.6470642;
125.4604721;80;50;1162.615479;0;0;121.7470703;
125.2601013;80;50;1159.289185;0;0;121.8470764;
125.0404434;80;50;1155.690308;0;0;121.9470901;
124.8299255;80;50;1152.373291;0;0;122.0470886;
124.5881577;80;50;1148.786377;0;0;122.1470871;
124.3556519;80;50;1145.4823;0;0;122.2470932;
124.0955048;80;50;1141.911377;0;0;122.3470917;
123.8493729;80;50;1138.624146;0;0;122.4471054;
123.5786667;80;50;1135.073853;0;0;122.5471039;
123.325531;80;50;1131.807617;0;0;122.64711;
123.0516129;80;50;1128.552612;0;0;122.7471161;
122.8047256;80;50;1125.039917;0;0;122.8471222;
122.5346756;80;50;1121.541992;0;0;122.947113;
122.2792358;80;50;1118.326904;0;0;123.0471268;
122.0042877;80;50;1114.859375;0;0;123.1471176;
121.7580795;80;50;1111.673218;0;0;123.2471313;
121.5056152;80;50;1108.237915;0;0;123.3471222;
121.2850266;80;50;1105.082275;0;0;123.4471436;
121.0545349;80;50;1101.679932;0;0;123.5471344;
120.8489914;80;50;1098.553589;0;0;123.6471558;
120.6315002;80;50;1095.181396;0;0;123.7471466;
120.4346695;80;50;1092.080933;0;0;123.8471756;
120.2249146;80;50;1088.734131;0;0;123.9471512;
120.0309067;80;50;1085.654541;0;0;124.047142;
119.8193665;80;50;1082.327271;0;0;124.1471481;
119.623703;80;50;1079.262451;0;0;124.2471619;
119.4133682;80;50;1075.947632;0;0;124.347168;
119.2203522;80;50;1072.892456;0;0;124.4471741;
119.0098495;80;50;1069.587891;0;0;124.5471725;
118.8142929;80;50;1066.542847;0;0;124.6471786;
118.5973434;80;50;1063.251099;0;0;124.7471924;
118.389595;80;50;1060.220337;0;0;124.8471756;
118.1597443;80;50;1056.946777;0;0;124.9471893;
117.9439468;80;50;1053.935547;0;0;125.0471878;
117.7053604;80;50;1050.686401;0;0;125.1471786;
117.4828339;80;50;1047.700806;0;0;125.2471924;
117.2371674;80;50;1044.482422;0;0;125.3471909;
117.0026398;80;50;1041.527466;0;0;125.447197;
116.7494965;80;50;1038.344482;0;0;125.5471954;
116.5138016;80;50;1035.424438;0;0;125.6472092;
116.270401;80;50;1032.281616;0;0;125.7472076;
116.0626068;80;50;1029.400146;0;0;125.8472137;
115.8451462;80;50;1026.299683;0;0;125.9472198;
115.6465836;80;50;1023.45636;0;0;126.0472183;
115.4375763;80;50;1020.394592;0;0;126.1472244;
115.2466125;80;50;1017.58374;0;0;126.2472305;
115.0459747;80;50;1014.553894;0;0;126.3472366;
114.860199;80;50;1011.769714;0;0;126.447258;
114.6603622;80;50;1008.765137;0;0;126.5472336;
114.4747009;80;50;1006.000122;0;0;126.6472549;
114.2728348;80;50;1003.011841;0;0;126.7472458;
114.0878983;80;50;1000.244507;0;0;126.8472443;
113.8946915;80;50;997.2678833;0.2500076294;0;126.947258;
113.7985382;80;50;994.5253296;0.6640827656;0;127.0472641;
113.8591385;80;50;991.5574341;1;0;127.1472549;
114.0572357;80;50;988.8174438;1;0;127.2472687;
114.2769394;80;50;985.8466797;1;0;127.3472595;
114.4646988;80;50;983.1045532;1;0;127.4472656;
114.6609573;80;50;980.1364746;1;0;127.5472717;
114.8381958;80;50;977.4016724;1;0;127.6472778;
115.0237961;80;50;974.4473267;1;0;127.7472763;
115.190239;80;50;971.7305908;1;0;127.8472824;
115.3685989;80;50;968.8005981;1;0;127.9472809;
115.5367966;80;50;966.1096191;1;0;128.047287;
115.7298279;80;50;963.210083;1;0;128.1472931;
115.9225998;80;50;960.5481567;1;0;128.2472992;
116.1412125;80;50;957.6790161;1;0;128.3473053;
116.3454514;80;50;955.0418701;1;0;128.4472961;
116.5659027;80;50;952.1938477;1;0;128.5473022;
116.7669525;80;50;949.5708008;1;0;128.6473083;
116.985527;80;50;946.7340088;1;0;128.7473145;
117.1860504;80;50;944.119812;1;0;128.8473206;
117.3962631;80;50;941.2935181;1;0;128.9473267;
117.5854034;80;50;938.690979;1;0;129.0473328;
117.7868423;80;50;935.8804932;1;0;129.1473236;
117.9693069;80;50;933.296875;1;0;129.2473145;
118.1656876;80;50;930.5115967;1;0;129.3473358;
118.3461838;80;50;927.9546509;1;0;129.4473419;
118.540451;80;50;925.2011719;1;0;129.5473633;
118.7246628;80;50;922.6755371;1;0;129.6473389;
118.9357529;80;50;919.9572144;1;0;129.747345;
119.1409607;80;50;917.4638062;1;0;129.8473511;
119.3691025;80;50;914.7775879;1;0;129.9473572;
119.5789871;80;50;912.3082275;1;0;130.0473633;
119.8044968;80;50;909.6395264;1;0;130.1473541;
120.0117264;80;50;907.1782837;1;0;130.2473602;
120.2374802;80;50;904.5115967;1;0;130.3473663;
120.4465866;80;50;902.0483398;1;0;130.4473724;
120.6714249;80;50;899.3777466;1;0;130.5473633;
120.8754578;80;50;896.9123535;1;0;130.6473846;
121.0925598;80;50;894.244873;1;0;130.7473755;
121.2889633;80;50;891.7889404;1;0;130.8474274;
121.4928894;80;50;889.1385498;1;0;130.9473877;
121.6767807;80;50;886.7037354;1;0;131.0473938;
121.8717651;80;50;884.0818481;1;0;131.1473846;
122.0471039;80;50;881.6792603;1;0;131.2473907;
122.2425003;80;50;879.0978394;1;0;131.3473969;
122.4338913;80;50;876.7358398;1;0;131.447403;
122.6520157;80;50;874.199707;1;0;131.5473938;
122.8622742;80;50;871.8776855;1;0;131.6474304;
123.0873337;80;50;869.3782959;1;0;131.747406;
123.2926941;80;50;867.0810547;1;0;131.8474121;
123.5084915;80;50;864.597168;1;0;131.9474182;
123.6963425;80;50;862.3039551;1;0;132.0474243;
123.8853531;80;50;859.8141479;1;0;132.1474304;
124.0495987;80;50;857.5059814;1;0;132.2474213;
124.2193222;80;50;854.989502;1;0;132.3474274;
124.3698044;80;50;852.6480713;1;0;132.4474335;
124.5286942;80;50;850.088562;1;0;132.5474396;
124.6776581;80;50;847.7033081;1;0;132.6474457;
124.8475876;80;50;845.0939941;1;0;132.7474518;
125.0077972;80;50;842.6618042;1;0;132.8474731;
125.1852112;80;50;840.0025024;1;0;132.9474487;
125.3516846;80;50;837.5267334;1;0;133.0474548;
125.5334625;80;50;834.8230591;1;0;133.1474609;
125.7090149;80;50;832.3084106;1;0;133.2474518;
125.9095001;80;50;829.5646973;1;0;133.3474884;
126.1021042;80;50;827.0153198;1;0;133.447464;
126.3135223;80;50;824.2377319;1;0;133.5474701;
126.5102081;80;50;821.6617432;1;0;133.6474609;
126.7242737;80;50;818.8605347;1;0;133.747467;
126.9221115;80;50;816.2666626;1;0;133.8474884;
127.1373444;80;50;813.4489136;1;0;133.9474792;
127.3377914;80;50;810.8416138;1;0;134.0474854;
127.5558853;80;50;808.0108032;1;0;134.1474915;
127.7573471;80;50;805.3927002;1;0;134.2474976;
127.9765244;80;50;802.552063;1;0;134.3475037;
128.1797791;80;50;799.9269409;1;0;134.4475098;
128.3991089;80;50;797.0812378;1;0;134.5475159;
128.5979767;80;50;794.4545288;1;0;134.647522;
128.8099976;80;50;791.6122437;1;0;134.7475433;
129.005188;80;50;788.9953003;1;0;134.8475037;
129.2195435;80;50;786.1707153;1;0;134.947525;
129.4190674;80;50;783.574646;1;0;135.0475159;
129.6382751;80;50;780.7741699;1;0;135.1475372;
129.8413849;80;50;778.1986084;1;0;135.2475433;
130.0558167;80;50;775.4163818;1;0;135.3475342;
130.2367706;80;50;772.8518066;1;0;135.4475403;
130.4029846;80;50;770.0719604;1;0;135.5475464;
130.5235596;80;50;767.4980469;1;0;135.6475677;
130.6285248;80;50;764.6930542;1;0;135.7475586;
130.71315;80;50;762.0822144;1;0;135.8475494;
130.8087921;80;50;759.2250977;1;0;135.9475555;
130.9142761;80;50;756.5584717;1;0;136.0475464;
131.0478821;80;50;753.6365967;1;0;136.1475677;
131.1860046;80;50;750.9100342;1;0;136.2475739;
131.3514557;80;50;747.927063;1;0;136.34758;
131.5093994;80;50;745.1494141;1;0;136.4475708;
131.6928101;80;50;742.1174316;1;0;136.5475769;
131.8822784;80;50;739.300293;1;0;136.647583;
132.0933533;80;50;736.2310791;1;0;136.7475739;
132.2865753;80;50;733.385437;1;0;136.8476105;
132.4946594;80;50;730.293457;1;0;136.9475861;
132.6889801;80;50;727.4335938;1;0;137.0475922;
132.8999329;80;50;724.3295288;1;0;137.1475983;
133.0950165;80;50;721.458313;1;0;137.2476044;
133.3070679;80;50;718.3414917;1;0;137.3475952;
133.5012512;80;50;715.4594727;1;0;137.4476013;
133.7128754;80;50;712.3627319;1;0;137.5476074;
133.9052734;80;50;709.472168;1;0;137.6475983;
134.1135712;80;50;706.3358765;1;0;137.7476044;
134.3054962;80;50;703.4359741;1;0;137.8466644;
134.5123749;80;50;700.2884521;1;0;137.9466248;
134.7030945;80;50;697.3771362;1;0;138.0466309;
134.9095001;80;50;694.2164917;1;0;138.146637;
135.0997314;80;50;691.2926636;1;0;138.2466431;
135.3054962;80;50;688.1181641;1;0;138.3466339;
135.4904785;80;50;685.1812134;1;0;138.4466248;
135.6810455;80;50;681.9920044;1;0;138.5466461;
135.8533173;80;50;679.0405884;1;0;138.646637;
136.0339661;80;50;675.8327637;1;0;138.7466583;
136.1954346;80;50;672.8601685;1;0;138.8466492;
136.3596191;80;50;669.6257324;1;0;138.94664;
136.4975433;80;50;666.6258545;1;0;139.0466614;
136.6387634;80;50;663.3590698;1;0;139.1466675;
136.7690277;80;50;660.3262329;1;0;139.2466583;
136.922287;80;50;657.0201416;1;0;139.3466644;
137.0788269;80;50;653.9487305;1;0;139.4466705;
137.2561798;80;50;650.6005249;1;0;139.5466766;
137.4243774;80;50;647.4923096;1;0;139.6466827;
137.6114502;80;50;644.1082764;1;0;139.7466888;
137.7905273;80;50;640.9705811;1;0;139.8466797;
137.9922333;80;50;637.5577393;1;0;139.9466858;
138.1832275;80;50;634.3964844;1;0;140.0466766;
138.3916321;80;50;630.9620361;1;0;140.1466827;
138.5817719;80;50;627.784668;1;0;140.2466888;
138.784729;80;50;624.3362427;1;0;140.3466949;
138.9718628;80;50;621.1478271;1;0;140.446701;
139.1724396;80;50;617.687439;1;0;140.5467072;
139.3559723;80;50;614.4866333;1;0;140.646698;
139.5517731;80;50;611.0112915;1;0;140.7467194;
139.7282715;80;50;607.7954712;1;0;140.8467102;
139.9144745;80;50;604.3026123;1;0;140.9467316;
140.0814362;80;50;601.0691528;1;0;141.0467224;
140.2589722;80;50;597.5549927;1;0;141.1467285;
140.3945007;80;50;594.2997437;0.187505722;0;141.2467346;
140.2957611;80;50;590.7612305;0;0;141.3467407;
140.0623932;80;50;587.4883423;0;0;141.4467621;
139.7584076;80;50;583.9210205;0;0;141.5467377;
139.4650269;80;50;580.638916;0;0;141.6467438;
139.1621399;80;50;577.0771484;0;0;141.7467499;
138.8927765;80;50;573.7828979;0;0;141.846756;
138.6096954;80;50;570.2070923;0;0;141.9467468;
138.3627777;80;50;566.9007568;0;0;142.0467529;
138.1094055;80;50;563.31427;0;0;142.146759;
137.8818359;80;50;560.0010376;0;0;142.2467651;
137.638031;80;50;556.4113159;0;0;142.3467712;
137.4129333;80;50;553.0999146;0;0;142.4467773;
137.1671143;80;50;549.5179443;0;0;142.5467682;
136.9385529;80;50;546.2189331;0;0;142.6467743;
136.6918945;80;50;542.6555176;0;0;142.7467804;
136.4658356;80;50;539.3773804;0;0;142.8467865;
136.2216797;80;50;535.8392944;0;0;142.9467926;
135.9962463;80;50;532.5853882;0;0;143.046814;
135.7492981;80;50;529.0719604;0;0;143.1467896;
135.5150299;80;50;525.8382568;0;0;143.2467957;
135.2498779;80;50;522.3440552;0;0;143.3468018;
134.9972992;80;50;519.1253662;0;0;143.4468079;
134.7153778;80;50;515.6430664;0;0;143.5468292;
134.4468994;80;50;512.4302368;0;0;143.6468201;
134.1513367;80;50;508.9490051;0;0;143.7468109;
133.8764343;80;50;505.7333679;0;0;143.846817;
133.5727386;80;50;502.2460632;0;0;143.9468231;
133.2858276;80;50;499.0228271;0;0;144.046814;
132.9736023;80;50;495.5259094;0;0;144.1468201;
132.6908875;80;50;492.2927246;0;0;144.2468262;
132.3910828;80;50;488.783844;0;0;144.3468323;
132.1158905;80;50;485.5390015;0;0;144.4468231;
131.8598175;80;50;482.0178528;0.4609515667;0;144.5468292;
131.7521362;80;50;478.7614441;0.7187719345;0;144.6468506;
131.7832947;80;50;475.2237244;0.8437757492;0;144.7468567;
131.9019165;80;50;471.9460449;0.9922177792;0;144.8468475;
132.0988312;80;50;468.381073;1;0;144.9468536;
132.2980042;80;50;465.0776978;1;0;145.0468597;
132.5142212;80;50;461.4877014;1;0;145.1468658;
132.7125702;80;50;458.1659851;1;0;145.2468567;
132.927536;80;50;454.5615845;1;0;145.3468628;
133.1270447;80;50;451.2310486;1;0;145.4468689;
133.3434753;80;50;447.6211243;1;0;145.546875;
133.5430145;80;50;444.2884216;1;0;145.6468811;
133.7593994;80;50;440.6783447;1;0;145.7468872;
133.9584351;80;50;437.3465576;1;0;145.8468933;
134.1662903;80;50;433.7368469;1;0;145.9468842;
134.34729;80;50;430.4029541;1;0;146.0468903;
134.5314178;80;50;426.7863159;1;0;146.1468964;
134.6908722;80;50;423.4406128;1;0;146.2469025;
134.8594666;80;50;419.8060303;1;0;146.3468933;
135.0122528;80;50;416.4402161;1;0;146.4469452;
135.1734924;80;50;412.7811279;1;0;146.5469055;
135.3218384;80;50;409.3912659;1;0;146.6469116;
135.4937592;80;50;405.7054443;1;0;146.7469025;
135.6627197;80;50;402.2906799;1;0;146.8469086;
135.85495;80;50;398.5783081;1;0;146.9469299;
136.038147;80;50;395.1405029;1;0;147.0469513;
136.2377319;80;50;391.4055176;1;0;147.1469269;
136.4224548;80;50;387.9490662;1;0;147.2469788;
136.6238403;80;50;384.1959534;1;0;147.3469543;
136.8086853;80;50;380.7241211;1;0;147.4469452;
137.0039825;80;50;376.9552612;1;0;147.5469513;
137.1801453;80;50;373.4692993;1;0;147.6469574;
137.3638306;80;50;369.6847534;1;0;147.7469482;
137.5298157;80;50;366.1832886;1;0;147.8469543;
137.7081604;80;50;362.3806152;1;0;147.9469452;
137.8769684;80;50;358.8611755;1;0;148.0469666;
138.0676575;80;50;355.0381165;1;0;148.1469574;
138.2492828;80;50;351.4996338;1;0;148.2469635;
138.4486847;80;50;347.6564331;1;0;148.3469696;
138.6342621;80;50;344.1005859;1;0;148.4469604;
138.8354187;80;50;340.2401428;1;0;148.5469818;
139.0205231;80;50;336.6695862;1;0;148.6469879;
139.2202148;80;50;332.7940979;1;0;148.7469788;
139.4047546;80;50;329.2101746;1;0;148.8469696;
139.6039581;80;50;325.3204346;1;0;148.946991;
139.7853241;80;50;321.7232361;1;0;149.0470276;
139.9707794;80;50;317.8188782;1;0;149.1470032;
140.1338959;80;50;314.2079468;1;0;149.2470093;
140.3049164;80;50;310.2880554;1;0;149.3470001;
140.4563293;80;50;306.661377;1;0;149.4470062;
140.6200867;80;50;302.7228394;1;0;149.5469971;
140.773407;80;50;299.0779419;1;0;149.6470184;
140.9432678;80;50;295.118927;1;0;149.7470093;
141.1126251;80;50;291.4549866;1;0;149.8470154;
141.3139191;80;50;287.4755859;1;0;149.9470367;
141.509201;80;50;283.793457;1;0;150.0470276;
141.7211914;80;50;279.796051;1;0;150.1470337;
141.9164124;80;50;276.0997314;1;0;150.2470398;
142.1269531;80;50;272.0896912;1;0;150.3470459;
142.3216248;80;50;268.3837585;1;0;150.4470367;
142.5325775;80;50;264.3649292;1;0;150.5470428;
142.7226868;80;50;260.6517334;1;0;150.647049;
142.920578;80;50;256.6253357;1;0;150.7470398;
143.0930786;80;50;252.9043121;1;0;150.8470459;
143.266571;80;50;248.8672333;1;0;150.947052;
143.4081726;80;50;245.1341095;1;0;151.0470581;
143.5381775;80;50;241.081955;1;0;151.1470795;
143.6430054;80;50;237.3334961;1;0;151.2470703;
143.742157;80;50;233.2630768;1;0;151.3470612;
143.8269348;80;50;229.4963379;1;0;151.4470673;
143.9304352;80;50;225.4052582;1;0;151.5471039;
144.042038;80;50;221.6190491;1;0;151.6470795;
144.1787109;80;50;217.5069122;1;0;151.7470856;
144.3249817;80;50;213.7019196;1;0;151.8470917;
144.4966583;80;50;209.5704193;1;0;151.9470825;
144.6563568;80;50;205.7485962;1;0;152.0471039;
144.833725;80;50;201.600235;1;0;152.14711;
145.0069427;80;50;197.7639008;1;0;152.2470856;
145.203186;80;50;193.6004639;1;0;152.3470917;
145.3894653;80;50;189.7506866;1;0;152.4470978;
145.591095;80;50;185.5733185;1;0;152.5471191;
145.7751312;80;50;181.7114258;1;0;152.6471252;
145.9751892;80;50;177.5216217;1;0;152.7471313;
146.1583099;80;50;173.6485748;1;0;152.8471222;
146.3537445;80;50;169.4467773;1;0;152.947113;
146.5322113;80;50;165.5626526;1;0;153.0471344;
146.7226715;80;50;161.3488007;1;0;153.1471405;
146.8940277;80;50;157.4534302;1;0;153.2471619;
147.077713;80;50;153.2272797;1;0;153.3471375;
147.2424774;80;50;149.3204193;1;0;153.4471436;
147.4143066;80;50;145.0816803;1;0;153.5471344;
147.5701294;80;50;141.163208;1;0;153.6471558;
147.7350922;80;50;136.91185;1;0;153.7471466;
147.8854523;80;50;132.9816742;1;0;153.8471985;
148.0511475;80;50;128.7176971;1;0;153.9471588;
148.2041016;80;50;124.7759628;1;0;154.0471649;
148.3722382;80;50;120.499649;1;0;154.147171;
148.5348969;80;50;116.5467453;1;0;154.2471619;
148.7190399;80;50;112.2584534;1;0;154.347168;
148.8958282;80;50;108.2945862;1;0;154.4471893;
149.0917358;80;50;103.9945602;1;0;154.5472107;
149.2732239;80;50;100.0199966;1;0;154.647171;
149.469696;80;50;95.7085495;1;0;154.7471924;
149.6495056;80;50;91.72357178;1;0;154.8471985;
149.8382416;80;50;87.44255066;1;0;154.9471893;
150.0127106;80;50;83.44742584;1;0;155.0471954;
150.2023926;80;50;79.11392212;1;0;155.1472015;
150.3755951;80;50;75.10871124;1;0;155.2462006;
150.5522003;80;50;70.764328;1;0;155.3462067;
150.7064667;80;50;66.74932861;1;0;155.4462128;
150.868576;80;50;62.37385178;1;0;155.5462189;
151.0234222;80;50;58.37087631;1;0;155.646225;
151.2054443;80;50;54.00707245;1;0;155.7462158;
151.384552;80;50;49.97488022;1;0;155.8462219;
151.5844421;80;50;45.60240936;1;0;155.946228;
151.7720795;80;50;41.54135895;1;0;156.0462189;
151.9547729;80;50;37.18169403;1;0;156.1462555;
152.1313934;80;50;33.11349487;1;0;156.2462463;
152.2816315;80;50;28.7468338;1;0;156.3462372;
152.4554443;80;50;24.67308235;1;0;156.4462433;
152.7081604;80;50;20.28059196;1;0;156.5462646;
152.8834076;80;50;16.22475433;0.9375286102;0;156.6462555;
153.1013031;80;50;12.08706379;0.5937681198;0;156.7462616;
153.0077362;80;50;7.635242939;0;0;156.8462524;
152.7823334;80;50;3.716012955;0;0;156.9462891;
152.5586548;50;70;507.6338501;0;0;157.0462646;
152.3404846;50;70;503.5660706;0;0;157.1462555;
152.0673523;50;70;499.165741;0;0;157.2462616;
151.801712;50;70;495.1110229;0;0;157.3462677;
151.5223694;50;70;490.7261353;0;0;157.4462738;
151.2720642;50;70;486.6855164;0;0;157.5462799;
151.0005188;50;70;482.3157043;0;0;157.6462708;
150.7492065;50;70;478.289093;0;0;157.7462921;
150.4771271;50;70;473.9345093;0;0;157.846283;
150.2228851;50;70;469.921875;0;0;157.9463043;
149.9407806;50;70;465.5825195;0;0;158.0462952;
149.6760712;50;70;461.5841064;0;0;158.1463013;
149.3841858;50;70;457.2602844;0;0;158.2463074;
149.1096649;50;70;453.2763977;0;0;158.3463135;
148.8094482;50;70;448.968689;0;0;158.4463501;
148.5308533;50;70;445.0001221;0;0;158.5463104;
148.2274628;50;70;440.7095032;0;0;158.6463165;
147.9462891;50;70;436.7572327;0;0;158.7463226;
147.6477356;50;70;432.4849854;0;0;158.8463287;
147.3780518;50;70;428.5501709;0;0;158.9463348;
147.1049652;50;70;424.2972412;0;0;159.0463409;
146.8695679;50;70;420.380188;0;0;159.1463318;
146.6101837;50;70;416.1459656;0;0;159.2463379;
146.3371735;50;70;412.245697;0;0;159.346344;
145.9774017;50;70;408.0289917;0;0;159.4463501;
145.566391;50;70;404.1445618;0;0;159.5463409;
144.6000214;50;70;399.9454956;0;0;159.646347;
143.4551086;50;70;396.0944214;0;0;159.7463531;
144.3847351;50;70;391.9438782;0;0;159.8463593;
144.1259155;50;70;388.0890503;0;0;159.9463806;
143.3418121;50;70;383.9245911;0;0;160.0463715;
142.9312439;50;70;380.0996094;0;0;160.1463623;
142.797821;50;70;375.9713135;0;0;160.2463837;
142.670578;50;70;372.1696777;0;0;160.3463898;
142.4676208;50;70;368.0612793;0;0;160.4463654;
142.2364502;50;70;364.2776184;0;0;160.5464325;
141.9429932;50;70;360.1872559;0;0;160.6463928;
141.6120605;50;70;356.4188843;0;0;160.7463837;
141.1996613;50;70;352.3442688;0;0;160.8463745;
140.7889862;50;70;348.5898132;0;0;160.9463959;
140.3296356;50;70;344.5296631;0;0;161.046402;
139.9214783;50;70;340.7885742;0;0;161.1464081;
139.5084381;50;70;336.7432861;0;0;161.2463989;
139.1752472;50;70;333.0170898;0;0;161.3463898;
138.8842773;50;70;328.9898071;0;0;161.4464111;
138.6688385;50;70;325.2813416;0;0;161.5464172;
138.4659271;50;70;321.2735901;0;0;161.6464081;
138.266571;50;70;317.5826111;0;0;161.7464142;
138.013916;50;70;313.5928955;0;0;161.8464508;
137.7435913;50;70;309.9177551;0;0;161.9464264;
137.4196472;50;70;305.9440918;0;0;162.0464325;
137.1149292;50;70;302.282959;0;0;162.1464233;
136.792923;50;70;298.3238525;0;0;162.2464294;
136.5105591;50;70;294.6756897;0;0;162.3464355;
136.227951;50;70;290.7304688;0;0;162.4464417;
135.9816895;50;70;287.0955811;0;0;162.5464478;
135.7216339;50;70;283.1657715;0;0;162.6464386;
135.4835968;50;70;279.5458374;0;11.9037447;162.74646;
135.0398254;50;70;275.6329041;0;51.95318604;162.8464508;
134.2261353;50;70;272.0346985;0;69.53184509;162.9464569;
133.0626221;50;70;268.1631165;0;85.54795837;163.046463;
131.8850403;50;70;264.6195374;0;86.32923126;163.1464539;
130.6039276;50;70;260.8161316;0;89.45433044;163.24646;
129.3716888;50;70;257.3388367;0;98.04833984;163.3464813;
127.9453201;50;70;253.6102448;0;100;163.4464722;
126.6177216;50;70;250.2058563;0;100;163.5464935;
125.1681442;50;70;246.5579834;0;100;163.6464844;
123.8007584;50;70;243.2276306;0;100;163.7464752;
122.2805252;50;70;239.6596527;0;100;163.8464813;
120.8389969;50;70;236.4030304;0;100;163.9465027;
119.2375336;50;70;232.9154205;0;100;164.0464935;
117.7413559;50;70;229.7339172;0;100;164.1464996;
116.1332092;50;70;226.3287201;0;100;164.2465057;
114.677742;50;70;223.2241821;0;100;164.3465424;
113.1559525;50;70;219.9039154;0;100;164.4465179;
111.8068695;50;70;216.8795013;0;100;164.5465088;
110.4014053;50;70;213.6475983;0;100;164.6465149;
109.1502686;50;70;210.7054291;0;100;164.746521;
107.8093872;50;70;207.561676;0;100;164.8465271;
106.5468292;50;70;204.6991425;0;100;164.9465179;
105.1236725;50;70;201.6399384;0;100;165.0465546;
103.7465897;50;70;198.8535614;0;100;165.1465302;
102.1888809;50;70;195.8742523;0;100;165.2465668;
100.7030869;50;70;193.159729;0;100;165.3465424;
99.0417099;50;70;190.2577667;0;100;165.4465332;
97.47121429;50;70;187.6158295;0;100;165.5465393;
95.77988434;50;70;184.7947845;0;100;165.6465607;
94.24919891;50;70;182.22966;0;100;165.7465668;
