sep=;
unknown1; unknown2; currentSpeed; currentLimit; nextLimit; distance; gaspedal; brakepedal; timestamp

0.3425887823;100;80;512.0533447;0;0;0.09999964386;-1.920672366e-005;1.874980807;
0.510446012;100;80;512.0432739;0;0;0.1999992877;-1.570417953e-005;1.874984264;
0.6582329273;100;80;512.0283203;0;0;0.2999984026;-1.038337996e-005;1.874989629;
0.8091742396;100;80;512.0111084;0;0;0.4000319242;-1.15603043e-005;1.874988437;
0.9436153769;100;80;511.9881287;0;0;0.5000295043;-1.466338654e-005;1.874985337;
1.085821629;100;80;511.9630737;0;0;0.6000327468;-1.579290438e-005;1.874984264;
1.213504553;100;80;511.9319763;0;0;0.7000262141;-1.632481326e-005;1.874983668;
1.348244667;100;80;511.8997192;0;0;0.8000222445;-1.706813055e-005;1.874982953;
1.469507456;100;80;511.8609924;0;0;0.900054276;-1.796845208e-005;1.874981999;
1.597411275;100;80;511.8218689;0;0;1.00004828;-1.892292312e-005;1.874981046;
1.71251452;100;80;511.7759094;0;0;1.100037575;-2.009765194e-005;1.874979854;
1.834069014;100;80;511.7302856;0;0;1.200044394;-2.088827932e-005;1.874979138;
1.943386436;100;80;511.6774597;0;0;1.300060034;-2.141991718e-005;1.874978542;
2.058773041;100;80;511.6256714;0;0;1.400053978;-2.224039963e-005;1.874977708;
2.162623167;100;80;511.5663452;0;0;1.500096202;-2.297396168e-005;1.874976993;
2.272201538;100;80;511.5086975;0;0;1.600077868;-2.337280057e-005;1.874976635;
2.370681286;100;80;511.4432068;0;0;1.700061083;-2.38569246e-005;1.874976158;
2.474553347;100;80;511.3800049;0;0;1.800095201;-2.42628812e-005;1.874975681;
2.567952156;100;80;511.3086548;0;0;1.900072217;-2.466597107e-005;1.874975324;
2.666389227;100;80;511.2402039;0;0;2.000092983;-2.473820132e-005;1.874975204;
2.754812956;100;80;511.1632996;0;0;2.100087404;-2.488039172e-005;1.874975085;
2.848118782;100;80;511.0898743;0;0;2.200086594;-2.522368777e-005;1.874974728;
2.931883574;100;80;511.0077209;0;0;2.300099611;-2.520806629e-005;1.874974847;
3.020264387;100;80;510.9295349;0;0;2.400089979;-2.522831346e-005;1.874974728;
3.099694252;100;80;510.8424072;0;0;2.500107527;-2.526168282e-005;1.874974728;
3.183419466;100;80;510.7597656;0;0;2.600145102;-2.520915405e-005;1.874974847;
3.258707047;100;80;510.6679077;0;0;2.700105667;-2.506689998e-005;1.874974966;
3.338067532;100;80;510.5810242;0;0;2.800115585;-2.50650719e-005;1.874974966;
3.409430027;100;80;510.4847107;0;0;2.900134325;-2.487320853e-005;1.874975085;
3.484637022;100;80;510.3937988;0;0;3.00014019;-2.490372935e-005;1.874975085;
3.552261353;100;80;510.2932129;0;0;3.10011816;-2.444518941e-005;1.874975562;
3.623491049;100;80;510.1985168;0;0;3.200152636;-2.414443225e-005;1.874975801;
3.687489033;100;80;510.0939331;0;0;3.300134897;-2.380085789e-005;1.874976158;
3.75494194;100;80;509.9956055;0;0;3.400133133;-2.364497777e-005;1.874976397;
3.815549135;100;80;509.887207;0;0;3.500169039;-2.31914546e-005;1.874976754;
3.879430294;100;80;509.7854919;0;0;3.6001513;-2.28717654e-005;1.874977112;
3.936847687;100;80;509.6734924;0;0;3.700176001;-2.233337364e-005;1.874977708;
3.997371197;100;80;509.568512;0;0;3.800157785;-2.188303006e-005;1.874978065;
4.051787376;100;80;509.453125;0;0;3.900166035;-2.131178007e-005;1.874978662;
4.109158993;100;80;509.3450928;0;0;4.000171185;-2.075459997e-005;1.874979258;
4.160756111;100;80;509.2264404;0;0;4.100171566;-2.031240547e-005;1.874979734;
4.215154171;100;80;509.115509;0;0;4.200186729;-1.971863821e-005;1.87498033;
4.264079094;100;80;508.9938049;0;0;4.30017519;-1.902097938e-005;1.874980927;
4.315709591;100;80;508.8800964;0;0;4.400196075;-1.825382788e-005;1.874981761;
4.362092972;100;80;508.7554932;0;0;4.500187874;-1.775418423e-005;1.874982238;
4.408493996;100;80;508.6391907;0;0;4.600203037;-1.694136154e-005;1.874983072;
4.455905914;100;80;508.5093689;0;0;4.700200081;-1.617209091e-005;1.874983788;
4.498714447;100;80;508.3905334;0;0;4.800216198;-1.543309554e-005;1.874984622;
4.543833733;100;80;508.2705688;0;0;4.900217056;-1.462174896e-005;1.874985337;
4.584531784;100;80;508.1393738;0;0;5.000201702;-1.375629836e-005;1.874986291;
4.62700367;100;80;508.006897;0;0;5.100236416;-1.28416068e-005;1.874987125;
4.66525507;100;80;507.8835144;0;0;5.200235367;-1.204370437e-005;1.87498796;
4.705714226;100;80;507.7591248;0;0;5.300235748;-1.101244834e-005;1.874989033;
4.74164772;100;80;507.6225891;0;0;5.400238991;-1.00739544e-005;1.874989867;
4.779783726;100;80;507.4855652;0;0;5.500229359;-9.170826161e-006;1.874990821;
4.813846111;100;80;507.3580933;0;0;5.600251675;-8.124595297e-006;1.874991894;
4.849779606;100;80;507.2196655;0;0;5.700235844;-7.052364708e-006;1.874992967;
4.881862164;100;80;507.0903625;0;0;5.800242424;-5.98104225e-006;1.87499404;
4.916022301;100;80;506.9486084;0;0;5.900248051;-4.882465419e-006;1.874995112;
4.946541786;100;80;506.8175354;0;0;6.000267982;-3.807390613e-006;1.874996185;
4.97864151;100;80;506.6745911;0;0;6.10027647;-2.587057907e-006;1.874997377;
5.007501602;100;80;506.5418396;0;0;6.20028019;-1.508839773e-006;1.87499845;
5.037944794;100;80;506.3971558;0;0;6.30027914;-2.890027417e-007;1.874999762;
5.065243244;100;80;506.2628174;0;0;6.400264263;9.578661775e-007;1.875000954;
5.094001293;100;80;506.1164551;0;0;6.50028944;2.206816589e-006;1.875002265;
5.119800568;100;80;505.9806213;0;0;6.600273132;3.424244369e-006;1.875003457;
5.146903992;100;80;505.8326721;0;0;6.700304508;4.565484232e-006;1.87500453;
5.171178818;100;80;505.6954346;0;0;6.800305367;5.124467407e-006;1.875005126;
5.196681499;100;80;505.5460205;0;0;6.900316715;2.225024218e-006;1.875002265;
5.219481468;100;80;505.4074402;0;0;7.000311852;-7.320947589e-006;1.874992728;
5.243430138;100;80;505.2566528;0;0;7.100324154;-3.87855107e-005;1.874961257;
5.26483345;100;80;505.1168213;0;0;7.200321198;-8.690921095e-005;1.874913096;
5.287299156;100;80;504.9646912;0;0;7.30030632;-0.0001561648533;1.874843836;
5.307359219;100;80;504.8237;0;0;7.400334358;-0.0002357996564;1.874764204;
5.328448296;100;80;504.6703796;0;0;7.500317574;-0.0003406554461;1.8746593;
5.347372532;100;80;504.5282898;0;0;7.600337505;-0.0004549244768;1.874545097;
5.367218971;100;80;504.3737793;0;0;7.700323105;-0.0005973445368;1.874402642;
5.395137787;100;80;504.158905;0;0;7.85033083;-0.0008406175184;1.874159336;
5.412101269;100;80;504.0030823;0;0;7.950327873;-0.001016143127;1.87398386;
5.429919243;100;80;503.8587646;0;0;8.050336838;-0.001225550426;1.873774409;
5.445872307;100;80;503.7019348;0;0;8.150343895;-0.001436801511;1.87356317;
5.46265173;100;80;503.5567017;0;0;8.250353813;-0.001685395022;1.873314619;
5.477493286;100;80;503.3989258;0;0;8.350353241;-0.001930388389;1.873069644;
5.493255138;100;80;503.254364;0;0;8.450356483;-0.00221829256;1.872781754;
5.507377625;100;80;503.0957031;0;0;8.55038929;-0.00250244909;1.872497559;
5.525444984;100;80;502.948822;0.1250038147;0;8.650374413;-0.002830638783;1.872169375;
5.566502571;100;80;502.7891846;0.2343821526;0;8.749361992;-0.003153270343;1.871846676;
5.665693283;100;80;502.6405945;0.429700613;0;8.849376678;-0.003527277382;1.871472716;
5.874748707;100;80;502.4766541;0.5937681198;0;8.949373245;-0.003901931457;1.871098042;
6.336562634;100;80;502.3191528;0.6875209808;0;9.049380302;-0.004355698824;1.870644331;
7.035974979;100;80;502.1351318;0.7265846729;0;9.149384499;-0.004842763767;1.870157242;
8.085001945;100;80;501.9454956;0.7812738419;0;9.24939537;-0.005477194674;1.86952281;
9.303813934;100;80;501.7106934;0.8125247955;0;9.349392891;-0.00619741343;1.868802547;
10.80763054;100;80;501.4601746;0.8672139645;0;9.449403763;-0.007162021473;1.867838025;
12.21424198;100;80;501.1476746;0.8828394413;0;9.549403191;-0.008247650228;1.866752386;
13.7438736;100;80;500.8209229;0.8828394413;0;9.649407387;-0.009689448401;1.86531055;
15.14739132;100;80;500.4248047;0.8828394413;0;9.74941349;-0.01131430827;1.863685727;
16.67308426;100;80;500.0202637;0.8000000119;0;9.849416733;-0.01343572047;1.861564279;
18.07808685;100;80;499.5396729;0.8000000119;0;9.949419022;-0.01577054709;1.859229445;
19.40778732;100;80;499.057251;0.8304435015;0;10.0494585;-0.01877672784;1.856223226;
20.35182953;100;80;498.499054;0.8702064157;0;10.14943123;-0.02194605209;1.853053927;
21.19472694;100;80;497.9577637;0.8906521797;0;10.24943161;-0.02579953335;1.849200487;
21.90954971;100;80;497.3474426;0.8906521797;0;10.34944344;-0.02974377573;1.845256209;
22.69176292;100;80;496.7636719;0.8906521797;0;10.44944191;-0.03446718305;1.84053278;
23.42176628;100;80;496.1091614;0.8906521797;0;10.54944515;-0.03927153721;1.835728407;
24.210186;100;80;495.4846802;0.8828394413;0;10.64947128;-0.0449883379;1.830011606;
24.93863297;100;80;494.7862244;0.8828394413;0;10.74945164;-0.05076752603;1.824232459;
25.73677635;100;80;494.1212158;0.8906521797;0;10.84946251;-0.05760770664;1.817392349;
26.48205185;100;80;493.3785095;0.8906521797;0;10.94947147;-0.06448595971;1.810514092;
27.29433823;100;80;492.6722412;0.8906521797;0;11.04946613;-0.07258404791;1.802415967;
28.05755424;100;80;491.884552;0.9062776566;0;11.14947128;-0.08069388568;1.794306159;
28.91161728;100;80;491.1361694;0.9062776566;0;11.24948311;-0.09019716084;1.784802794;
29.79595566;100;80;490.3014526;0.8000000119;0;11.34947586;-0.09962772578;1.775372267;
30.61746788;100;80;489.5065613;0.8000000119;0;11.44948196;-0.1104505584;1.764549494;
31.26589775;100;80;488.6234131;0.8333428502;0;11.5494976;-0.1205830351;1.754416943;
31.91265297;100;80;487.7902527;0.8764193654;0;11.64950657;-0.1313962489;1.743603706;
32.40752411;100;80;486.8694458;0.8672139645;0;11.74949265;-0.1411716044;1.733828425;
32.9118576;100;80;486.0058289;0.8672139645;0;11.84950352;-0.1515123099;1.723487735;
33.37528229;100;80;485.0559998;0.8515884876;0;11.9495163;-0.1608043015;1.714195728;
33.82594299;100;80;484.1661377;0.8281502724;0;12.04951096;-0.1698265672;1.705173373;
34.30784607;100;80;483.1885986;0.8281502724;0;12.14954853;-0.179281801;1.695718169;
34.79098511;100;80;482.2738647;0.8281502724;0;12.24951935;-0.1883834302;1.68661654;
35.23794556;100;80;481.2693787;0.8281502724;0;12.34952641;-0.1964538395;1.67854619;
35.72276688;100;80;480.3297424;0.8281502724;0;12.44952774;-0.2048222274;1.670177817;
36.17094803;100;80;479.2982788;0.8281502724;0;12.54953098;-0.2121833712;1.662816644;
36.65734482;100;80;478.3337097;0.8281502724;0;12.64953423;-0.2197447419;1.655255318;
37.10716248;100;80;477.275238;0.8281502724;0;12.74954605;-0.226330474;1.648669481;
37.59282684;100;80;476.285675;0.8125247955;0;12.84954166;-0.2330132425;1.641986728;
38.0426712;100;80;475.2001343;0.8359630108;0;12.94954395;-0.238751471;1.636248469;
38.53826904;100;80;474.1855774;0.8359630108;0;13.04957962;-0.2444817871;1.630518198;
38.9965744;100;80;473.0727234;0.8359630108;0;13.1495657;-0.2493068427;1.625693202;
39.4933548;100;80;472.0327454;0.8359630108;0;13.24956226;-0.2540112734;1.620988727;
39.95296097;100;80;470.8922729;0.8359630108;0;13.34957504;-0.2578805685;1.617119431;
40.45175934;100;80;469.8267822;0.8359630108;0;13.44956875;-0.2615969479;1.613403082;
40.91286469;100;80;468.6586304;0.8359630108;0;13.54960346;-0.2647508383;1.610249162;
41.41324615;100;80;467.5675354;0.8359630108;0;13.64958763;-0.268247813;1.606752157;
41.87742233;100;80;466.3716125;0.8359630108;0;13.74958515;-0.271677196;1.603322864;
42.39155579;100;80;465.2547913;0.8515884876;0;13.84959602;-0.2756253183;1.599374652;
42.87268448;100;80;464.0305786;0.8515884876;0;13.94959164;-0.2795068622;1.595493197;
43.39404297;100;80;462.8871765;0.8359630108;0;14.04959202;-0.2839767933;1.591023207;
43.8913269;100;80;461.6340637;0.8010556102;0;14.14959812;-0.2883549035;1.586645126;
44.44584656;100;80;460.4634094;0.8000000119;0;14.24960899;-0.293383956;1.581616044;
44.89228821;100;80;459.1799316;0.7812738419;0;14.34960747;-0.2982645631;1.576735497;
45.31827545;100;80;457.9830933;0.7734611034;0;14.44961071;-0.3037805855;1.571219444;
45.6557312;100;80;456.6746216;0.7422101498;0;14.54962254;-0.3089693189;1.566030622;
45.95494843;100;80;455.457428;0.7187719345;0;14.64962196;-0.3144691586;1.560530901;
46.22600555;100;80;454.1305237;0.7187719345;0;14.74962807;-0.3193568289;1.555643201;
46.52244568;100;80;452.8979187;0.7187719345;0;14.84963417;-0.3244249225;1.550575018;
46.79302216;100;80;451.5543213;0.7031464577;0;14.94963837;-0.3288769424;1.546123028;
47.08223724;100;80;450.3065796;0.7031464577;0;15.04965115;-0.3334460855;1.541553855;
47.34469986;100;80;448.9468079;0.6875209808;0;15.14966679;-0.3374257684;1.537574291;
47.61970901;100;80;447.6843262;0.671895504;0;15.24964619;-0.3414742053;1.533525825;
47.86490631;100;80;446.3089905;0.6484572887;0;15.34966373;-0.3449628949;1.530037045;
48.12055206;100;80;445.0326233;0.6484572887;0;15.44965649;-0.3484970927;1.526502967;
48.35597229;100;80;443.6427917;0.6484572887;0;15.54966259;-0.3515387475;1.523461223;
48.60571289;100;80;442.353302;0.6328318119;0;15.64967537;-0.3547445536;1.520255446;
48.83002472;100;80;440.9494324;0.6328318119;0;15.74967098;-0.3576874733;1.517312527;
49.07178116;100;80;439.6473083;0.6172063351;0;15.84967804;-0.3608686328;1.514131427;
49.28479004;100;80;438.22995;0.5937681198;0;15.94968033;-0.3638081253;1.511191845;
49.50380325;100;80;436.9157104;0.5625171661;0;16.04968643;-0.3669992387;1.508000731;
49.69229889;100;80;435.4859009;0.5468916893;0;16.14968681;-0.3699487746;1.505051255;
49.91515732;100;80;434.1608276;0.484389782;0;16.24969864;-0.3731528223;1.501847148;
50.10124207;100;80;432.7190552;0.4140751362;0;16.34970284;-0.3761174381;1.498882532;
50.24039459;100;80;431.3831177;0.3984496593;0;16.44970131;-0.3790850043;1.495914936;
50.3691864;100;80;429.9318542;0.3984496593;0;16.54970169;-0.3823014498;1.49269855;
50.47088242;100;80;428.5887756;0.3984496593;0;16.64979362;-0.385520041;1.489480019;
50.54427719;100;80;427.131012;0.3984496593;0;16.74972153;-0.3884907663;1.486509204;
50.62251663;100;80;425.7832947;0.3984496593;0;16.84971809;-0.3917096257;1.483290434;
50.69517899;100;80;424.3210144;0.3984496593;0;16.9497261;-0.394682318;1.480317712;
50.77117538;100;80;422.9621582;0.3984496593;0;17.04973412;-0.3979049623;1.477095008;
50.84302521;100;80;421.5026245;0.3984496593;0;17.14973831;-0.4008802474;1.474119782;
50.92333984;100;80;420.13974;0.3984496593;0;17.24973869;-0.4041210413;1.470878959;
50.99607849;100;80;418.6687317;0.3984496593;0;17.34974861;-0.4071008861;1.467899084;
51.07428741;100;80;417.3088684;0.429700613;0;17.44974518;-0.4103146493;1.464685321;
51.16030121;100;80;415.8334351;0.4922025204;0;17.54974556;-0.4133133888;1.461686611;
51.2796936;100;80;414.4690857;0.5390789509;0;17.64974976;-0.4165486097;1.45845139;
51.4072113;100;80;412.9876709;0.578142643;0;17.74975967;-0.4195400476;1.455459952;
51.55569458;100;80;411.6167297;0.6015808582;0;17.84976196;-0.4227854311;1.452214599;
51.70419693;100;80;410.1274109;0.6328318119;0;17.94976807;-0.4257858098;1.44921422;
51.87962341;100;80;408.7485352;0.671895504;0;18.04976845;-0.4290432036;1.445956826;
52.05480576;100;80;407.2498779;0.7187719345;0;18.14977646;-0.4320549369;1.442945123;
52.25738525;100;80;405.8616333;0.7187719345;0;18.24977493;-0.4353252947;1.439674735;
52.44374466;100;80;404.3520813;0.7187719345;0;18.34979057;-0.438348949;1.436651111;
52.65168762;100;80;402.9535217;0.7422101498;0;18.44978714;-0.4416305721;1.433369398;
52.85201263;100;80;401.4326477;0.7578356266;0;18.54978561;-0.4446664155;1.430333614;
53.07473373;100;80;400.0231628;0.7812738419;0;18.64979744;-0.4479613304;1.42703867;
53.28462982;100;80;398.4900818;0.7812738419;0;18.74980164;-0.4510091245;1.423990846;
53.51642609;100;80;397.0690918;0.7968993187;0;18.84980774;-0.454317987;1.420682073;
53.72841263;100;80;395.5232544;0.7968993187;0;18.94981575;-0.4573776722;1.417622328;
53.96194077;100;80;394.0904541;0.7968993187;0;19.04981232;-0.4606991112;1.414300919;
54.17792511;100;80;392.5317688;0.7968993187;0;19.14981461;-0.4637703598;1.41122961;
54.39390564;100;80;391.0869751;0.7968993187;0;19.24987984;-0.4668471217;1.408152819;
54.62790298;100;80;389.5152893;0.7968993187;0;19.34983253;-0.4701861739;1.404813886;
54.86194229;100;80;388.0585327;0.7812738419;0;19.44983673;-0.4735313952;1.401468635;
55.07390594;100;80;386.473877;0.7968993187;0;19.54988289;-0.4766250253;1.398374915;
55.29423523;100;80;385.005188;0.7968993187;0;19.64985085;-0.4797870815;1.395212889;
55.52853012;100;80;383.3768616;0.7968993187;0;19.7498455;-0.4831501544;1.391849875;
55.74782562;100;80;381.8960571;0.8125247955;0;19.8498497;-0.4862582982;1.388741732;
55.98940659;100;80;380.2852478;0.8281502724;0;19.94985008;-0.4896325469;1.385367393;
56.21831894;100;80;378.7921448;0.8515884876;0;20.04987144;-0.4927525818;1.382247448;
56.47481155;100;80;377.1676941;0.8672139645;0;20.14988708;-0.4961375594;1.3788625;
56.71862411;100;80;375.6616516;0.8828394413;0;20.24986839;-0.4992695451;1.375730515;
56.98768616;100;80;374.0227356;0.8828394413;0;20.34986877;-0.5026688576;1.372331142;
57.23625183;100;80;372.5029907;0.8906521797;0;20.44988632;-0.5058121085;1.369187832;
57.51054764;100;80;370.8491516;0.9062776566;0;20.54993248;-0.5092229247;1.365777016;
57.76477432;100;80;369.3154602;0.9219031334;0;20.64987946;-0.5123779774;1.362622023;
58.0520401;100;80;367.6463318;0.9219031334;0;20.74988556;-0.5158011913;1.359198809;
58.31668091;100;80;366.0982056;0.9219031334;0;20.84989166;-0.5189680457;1.356031895;
58.60606003;100;80;364.4131165;0.9219031334;0;20.94993019;-0.5224037766;1.352596283;
58.87229156;100;80;362.8502502;0.9375286102;0;21.04990005;-0.5255810618;1.349418879;
59.16409683;100;80;361.1491089;0.9375286102;0;21.14990425;-0.5290288925;1.345971107;
59.43344116;100;80;359.5713501;0.9375286102;0;21.24990845;-0.5322170854;1.342782855;
59.72520828;100;80;357.8540344;0.9375286102;0;21.34991264;-0.535675168;1.339324832;
59.99465561;100;80;356.261322;0.9375286102;0;21.44991493;-0.5388727784;1.336127281;
60.28663254;100;80;354.527771;0.9375286102;0;21.54994965;-0.5423428416;1.332657099;
60.55615234;100;80;352.9200745;0.9375286102;0;21.64992332;-0.5455493927;1.329450607;
60.71345139;100;80;352.1135559;0.9375286102;0;21.69994164;-0.5474213958;1.327578664;
60.98310852;100;80;350.3598938;0.9375286102;0;21.79996109;-0.5506352782;1.324364781;
61.27522278;100;80;348.7336426;0.9375286102;0;21.89994431;-0.554120481;1.320879459;
61.54499817;100;80;346.9637451;0.9375286102;0;21.99993706;-0.5573416352;1.317658305;
61.83724213;100;80;345.3225098;0.9375286102;0;22.09995079;-0.5608369708;1.314163089;
62.10240936;100;80;343.5364075;0.9219031334;0;22.19998741;-0.5640660524;1.310933948;
62.38814926;100;80;341.8803101;0.9219031334;0;22.29995918;-0.5675675869;1.307432413;
62.64956284;100;80;340.0782776;0.9062776566;0;22.39995766;-0.5708028078;1.304197192;
62.93361664;100;80;338.4075928;0.9375286102;0;22.4999752;-0.5743126869;1.300687313;
63.20384598;100;80;336.5897827;0.9375286102;0;22.59996605;-0.5775554776;1.297444582;
63.49653244;100;80;334.9042969;0.9375286102;0;22.69996834;-0.5810706615;1.293929338;
63.76656342;100;80;333.0702209;0.9375286102;0;22.79998207;-0.5843197703;1.290680289;
64.05925751;100;80;331.369751;0.9375286102;0;22.89998245;-0.5878429413;1.287157059;
64.32867432;100;80;329.5194397;0.9219031334;0;22.99998093;-0.5910966992;1.283903241;
64.61885071;100;80;327.8039856;0.9375286102;0;23.09998512;-0.5946247578;1.280375242;
64.88920593;100;80;325.9375;0.9375286102;0;23.19999504;-0.597885251;1.277114749;
65.18218994;100;80;324.2070923;0.9375286102;0;23.29999352;-0.6014186144;1.273581386;
65.44940186;100;80;322.3243408;0.9219031334;0;23.40000153;-0.6046824455;1.270317554;
65.73578644;100;80;320.57901;0.9375286102;0;23.50000572;-0.6082208753;1.266779065;
66.00575256;100;80;318.6802368;0.9219031334;0;23.60000992;-0.6114879847;1.263512015;
66.29787445;100;80;316.9200439;0.9375286102;0;23.70002365;-0.6150283813;1.259971619;
66.56833649;100;80;315.0050659;0.9219031334;0;23.80002022;-0.6183003187;1.256699681;
66.85610962;100;80;313.2298889;0.9375286102;0;23.90002251;-0.6218453646;1.253154635;
67.12619781;100;80;311.2987671;0.9219031334;0;24.0000267;-0.6251185536;1.249881387;
67.4066925;100;80;309.5086975;0.8828394413;0;24.10003471;-0.6286665201;1.24633348;
67.65099335;100;80;307.5617371;0.8515884876;0;24.2000351;-0.6319415569;1.243058443;
67.90610504;100;80;305.7577515;0.8281502724;0;24.3000412;-0.6354892254;1.239510775;
68.12762451;100;80;303.7963257;0.7812738419;0;24.40004539;-0.6387619972;1.236238003;
68.35240936;100;80;301.9796448;0.7734611034;0;24.50005913;-0.6423060298;1.23269403;
68.55416107;100;80;300.0053406;0.7422101498;0;24.60005188;-0.6455767751;1.229423165;
68.76400757;100;80;298.1772766;0.7422101498;0;24.70006371;-0.6491161585;1.225883842;
68.95709229;100;80;296.1910095;0.7422101498;0;24.80006409;-0.6523839831;1.222616076;
69.16423798;100;80;294.3521729;0.7265846729;0;24.90006638;-0.6559218764;1.219078064;
69.34928131;100;80;292.3543396;0.7187719345;0;25.0000782;-0.6591863036;1.215813756;
69.54943848;100;80;290.5050659;0.7187719345;0;25.10008621;-0.6627214551;1.212278485;
69.73086548;100;80;288.4960938;0.7031464577;0;25.20008659;-0.6659835577;1.209016442;
69.81957245;100;80;287.566925;0.7031464577;0;25.25008011;-0.6676144004;1.20738554;
70.0152359;100;80;285.5497131;0.7031464577;0;25.35008812;-0.6711463928;1.203853607;
70.19774628;100;80;283.6826477;0.7187719345;0;25.4500885;-0.6744041443;1.200595856;
70.39247131;100;80;281.65448;0.7187719345;0;25.55009079;-0.6779334545;1.197066545;
70.57702637;100;80;279.7381897;0.7031464577;0;25.65011215;-0.6812574863;1.193742514;
70.76887512;100;80;277.8561401;0.7031464577;0;25.750103;-0.6847827435;1.190217257;
70.94381714;100;80;275.8118896;0.7031464577;0;25.85010719;-0.6880010962;1.186998963;
71.13535309;100;80;273.9397583;0.7031464577;0;25.95011139;-0.6915236115;1.183476448;
71.31203461;100;80;271.8849182;0.7031464577;0;26.05013847;-0.6947731376;1.180226922;
71.50338745;100;80;269.9832764;0.7031464577;0;26.15012741;-0.6982902288;1.176709771;
71.67996216;100;80;267.9178162;0.7031464577;0;26.24912453;-0.7015365362;1.173463464;
71.87545776;100;80;266.0063477;0.7187719345;0;26.34912682;-0.7050500512;1.169950008;
72.05826569;100;80;263.9301453;0.7187719345;0;26.44918823;-0.7082919478;1.166707993;
72.25292969;100;80;262.0085449;0.7031464577;0;26.54913902;-0.7118026614;1.163197398;
72.42897797;100;80;259.9214783;0.7031464577;0;26.64915276;-0.7150396109;1.159960389;
72.61980438;100;80;257.9900208;0.7031464577;0;26.74915123;-0.718544662;1.156455278;
72.79603577;100;80;255.892334;0.7031464577;0;26.84916496;-0.7217769027;1.153223157;
72.98672485;100;80;253.9510956;0.7031464577;0;26.9491539;-0.7252774239;1.149722576;
73.16265106;100;80;251.842804;0.7031464577;0;27.04918098;-0.7285054922;1.146494508;
73.35316467;100;80;249.8917847;0.7031464577;0;27.14916611;-0.7319992781;1.143000722;
73.53229523;100;80;247.7729034;0.7031464577;0;27.24919128;-0.7352227569;1.139777184;
73.72624969;100;80;245.812027;0.7187719345;0;27.3491745;-0.7387108803;1.13628912;
73.90448761;100;80;243.682373;0.7031464577;0;27.44917679;-0.741928637;1.133071423;
74.09468079;100;80;241.7115784;0.7031464577;0;27.54917908;-0.745411396;1.129588604;
74.27009583;100;80;239.5712891;0.7031464577;0;27.64921379;-0.7486224174;1.126377583;
74.46018219;100;80;237.590744;0.7031464577;0;27.74919701;-0.752098918;1.122901082;
74.63259125;100;80;235.4398804;0.6328318119;0;27.84919739;-0.755304873;1.119695067;
74.80136871;100;80;233.449646;0.4140751362;0;27.94919586;-0.7587733865;1.116226554;
74.89216614;100;80;231.289032;0.3593859673;0;28.04920578;-0.7619684935;1.113031507;
74.95811462;100;80;229.2921906;0.3593859673;0;28.14920807;-0.7654215097;1.10957849;
75.00862122;100;80;227.1270142;0.3593859673;0;28.24921227;-0.7686007619;1.106399298;
75.04053497;100;80;225.1269379;0.3593859673;0;28.34921455;-0.7720391154;1.102960825;
75.06129456;100;80;222.9488983;0.3593859673;0;28.4492321;-0.7752058506;1.099794149;
75.08096313;100;80;220.9578247;0.3750114441;0;28.54922867;-0.7783846259;1.096615434;
75.10492706;100;80;218.7888641;0.3593859673;0;28.64923286;-0.7817891836;1.093210816;
75.1283493;100;80;216.7861328;0.3828241825;0;28.74923325;-0.7852067351;1.089793324;
75.15596008;100;80;214.6054077;0.4375133514;0;28.84923744;-0.7883582115;1.086641788;
75.20241547;100;80;212.6012573;0.484389782;0;28.94924355;-0.7917864323;1.083213568;
75.258255;100;80;210.428772;0.523453474;0;29.04924393;-0.7949349284;1.080065012;
75.33075714;100;80;208.4218445;0.5625171661;0;29.14925385;-0.7983440757;1.076655984;
75.40988922;100;80;206.2456665;0.578142643;0;29.24925804;-0.801489234;1.073510766;
75.50178528;100;80;204.2346954;0.5937681198;0;29.34926033;-0.8048946261;1.070105314;
75.58784485;100;80;202.0536194;0.578142643;0;29.44926071;-0.8080371022;1.066962838;
75.68047333;100;80;200.0379333;0.5937681198;0;29.54926872;-0.8114375472;1.063562393;
75.76863861;100;80;197.8517303;0.5937681198;0;29.64929771;-0.8145743608;1.060425639;
75.86434937;100;80;195.8312225;0.5937681198;0;29.74927902;-0.8179689646;1.057031035;
75.95350647;100;80;193.6397095;0.5937681198;0;29.84928703;-0.8210990429;1.053900957;
76.04932404;100;80;191.6143036;0.5937681198;0;29.94928551;-0.8244866133;1.050513387;
76.13756561;100;80;189.41745;0.6015808582;0;30.0492878;-0.8276103735;1.047389627;
76.23712158;100;80;187.3871307;0.6172063351;0;30.14932823;-0.8309908509;1.044009209;
76.33195496;100;80;185.184845;0.6172063351;0;30.2492981;-0.8341075182;1.040892482;
76.43623352;100;80;183.1493378;0.6328318119;0;30.34932899;-0.8374803066;1.037519693;
76.5353241;100;80;180.9413147;0.6328318119;0;30.4493084;-0.8405912519;1.034408808;
76.64142609;100;80;178.9003906;0.6172063351;0;30.54933548;-0.8439572453;1.031042695;
76.73889923;100;80;176.6864471;0.6484572887;0;30.64931107;-0.8470605612;1.027939439;
76.85021973;100;80;174.6401062;0.6484572887;0;30.74932861;-0.8504192233;1.024580717;
76.95468903;100;80;172.4201202;0.6640827656;0;30.84932137;-0.8535156846;1.021484375;
77.07175446;100;80;170.3680115;0.671895504;0;30.94932747;-0.8568664193;1.018133521;
77.18204498;100;80;168.1416321;0.671895504;0;31.04935455;-0.8599560857;1.015043855;
77.30234528;100;80;166.0834656;0.6875209808;0;31.14934158;-0.8632993698;1.01170063;
77.41710663;100;80;163.8504486;0.7031464577;0;31.24934196;-0.8663814068;1.008618593;
77.54341888;100;80;161.7859955;0.7031464577;0;31.34934425;-0.8697170615;1.005282998;
77.65916443;100;80;159.5460205;0.6875209808;0;31.44935036;-0.8727920651;1.002207875;
77.78353119;100;80;157.4751434;0.6875209808;0;31.54935074;-0.8761187792;0.9988812208;
77.89987183;100;80;155.228241;0.7031464577;0;31.6493721;-0.8791853189;0.9958146811;
78.02915192;100;80;153.1509399;0.7031464577;0;31.74937248;-0.8825031519;0.9924968481;
78.14850616;100;80;150.8969421;0.7031464577;0;31.84936714;-0.8855622411;0.9894377589;
78.27766418;100;80;148.8130341;0.7031464577;0;31.94936943;-0.8888702989;0.9861297011;
78.39676666;100;80;146.5518646;0.7031464577;0;32.04940033;-0.891920507;0.983079493;
78.52584076;100;80;144.4613342;0.7031464577;0;32.14938354;-0.8952202201;0.9797797799;
78.64484406;100;80;142.1930084;0.7031464577;0;32.24938583;-0.8982618451;0.9767381549;
78.77301788;100;80;140.0958557;0.7031464577;0;32.34939194;-0.9015519619;0.9734480381;
78.89169312;100;80;137.8203888;0.7031464577;0;32.44939041;-0.9045833945;0.9704166055;
79.02041626;100;80;135.7166748;0.7031464577;0;32.54939651;-0.9078634381;0.9671365619;
79.13883209;100;80;133.4340668;0.7031464577;0;32.64940643;-0.9108859897;0.9641140103;
79.26676941;100;80;131.323761;0.7031464577;0;32.74940491;-0.9141554832;0.9608445168;
79.38461304;100;80;129.0340424;0.7031464577;0;32.84941483;-0.9171686172;0.9578313828;
79.51279449;100;80;126.9171906;0.7031464577;0;32.94943619;-0.9204285145;0.9545714855;
79.63123322;100;80;124.620369;0.7031464577;0;33.04942322;-0.9234321713;0.9515678287;
79.74958801;100;80;122.4969406;0.7031464577;0;33.14942932;-0.9264312983;0.9485687017;
79.87599182;100;80;120.1930084;0.671895504;0;33.24943542;-0.9296751022;0.9453248978;
79.99116516;100;80;118.0630875;0.6484572887;0;33.34943008;-0.9329120517;0.9420879483;
80.09018707;100;80;115.7524872;0.6172063351;0;33.44945526;-0.9358952641;0.9391047359;
80.18504333;100;80;113.61689;0.578142643;0;33.54944229;-0.9391203523;0.9358796477;
80.26383209;100;80;111.3006973;0.5625171661;0;33.64944458;-0.9420911074;0.9329088926;
80.34578705;100;80;109.1604767;0.5625171661;0;33.74945068;-0.9453039765;0.9296960235;
80.42129517;100;80;106.8396149;0.5625171661;0;33.84945297;-0.9482623339;0.9267376661;
80.5030365;100;80;104.6951828;0.5625171661;0;33.94946289;-0.9514628053;0.9235371947;
80.57836914;100;80;102.3697739;0.5625171661;0;34.04946518;-0.954412818;0.920587182;
80.65988922;100;80;100.2211533;0.5625171661;0;34.14947128;-0.9576026797;0.9173973203;
80.73512268;100;80;97.89122009;0.5625171661;0;34.24948883;-0.960542202;0.914457798;
80.81674194;100;80;95.73843384;0.5625171661;0;34.34947968;-0.9637223482;0.9112776518;
80.88434601;100;80;93.40397644;0.3984496593;0;34.44947815;-0.9666528702;0.9083471298;
80.89015198;100;80;91.24731445;0;0;34.54949188;-0.9698200226;0.9051799774;
80.8052597;100;80;88.9109726;0;0;34.64949036;-0.9727333188;0.9022666812;
80.6827774;100;80;86.75673676;0;0;34.74949265;-0.9756358266;0.8993641734;
80.54491425;100;80;84.42652893;0;0;34.84950638;-0.9787695408;0.8962304592;
80.40795135;100;80;82.27897644;0;0;34.94950867;-0.9818965197;0.8931034803;
80.28107452;100;80;79.95627594;0;0;35.04950714;-0.9847780466;0.8902219534;
80.14332581;100;80;77.81576538;0;0;35.14950943;-0.9878967404;0.8871032596;
80.01654816;100;80;75.50067902;0;0;35.24951553;-0.9907733798;0.8842266202;
79.87960815;100;80;73.36721039;0;0;35.34951782;-0.9938880801;0.8811119199;
79.75337982;100;80;71.05975342;0;0;35.44952393;-0.9967623353;0.8782376647;
79.61681366;100;80;68.93331146;0;0;35.5495224;-0.9998749495;0.8751250505;
79.49097443;100;80;66.63347626;0;0;35.64953232;-1.002747655;0.8722523451;
79.35489655;100;80;64.5140686;0;0;35.74953079;-1.005858898;0.8691411614;
79.22950745;100;80;62.22183609;0;0;35.84954071;-1.008729339;0.8662706614;
79.09388733;100;80;60.10943985;0;0;35.94961548;-1.011839032;0.8631609082;
78.96893311;100;80;57.82480621;0;0;36.04955673;-1.014708996;0.8602910042;
78.83377838;100;80;55.71941376;0;0;36.14955139;-1.017817378;0.8571825624;
78.70923615;100;80;53.44235992;0;0;36.24956512;-1.020685792;0.8543142676;
78.57453918;100;80;51.34396744;0;0;36.34955978;-1.023792505;0.8512074351;
78.45043182;100;80;49.07449341;0;0;36.4495697;-1.026659727;0.8483402729;
78.31617737;100;80;46.98309326;0;0;36.54961014;-1.02976501;0.8452350497;
78.19248199;100;80;44.72119904;0;0;36.64957047;-1.032630205;0.8423697352;
78.05871582;100;80;42.63679886;0;0;36.74965286;-1.035733819;0.8392661214;
77.93541718;100;80;40.38249588;0;0;36.84960938;-1.038598299;0.836401701;
77.80210114;100;80;38.30511856;0;0;36.94960022;-1.041699886;0.8333001733;
77.67922974;100;80;36.05843735;0;0;37.04959106;-1.044562697;0.830437243;
77.54634094;100;80;33.98811722;0;0;37.14959717;-1.047662497;0.8273375034;
77.42388916;100;80;31.74912262;0;0;37.24959946;-1.05052352;0.8244765401;
77.29146576;100;80;29.6859417;0;0;37.349617;-1.053622246;0.8213777542;
77.16942596;100;80;27.45474815;0;0;37.44960785;-1.056481361;0.8185186386;
77.03742981;100;80;25.3988533;0;0;37.54961395;-1.059577942;0.8154219985;
76.91580963;100;80;23.17568398;0;0;37.64962769;-1.062435508;0.8125644922;
76.78424835;100;80;21.12736702;0;0;37.74962234;-1.065530181;0.8094698787;
76.66303253;100;80;18.91268158;0;0;37.84962463;-1.066898465;0.8081015348;
76.53194427;100;80;16.87256813;0;0;37.94963074;-1.066898465;0.8081015348;
76.41036987;100;80;14.66740227;0;0;38.0496521;-1.066898465;0.8081015348;
76.3514328;100;80;12.59379578;0;0;38.14963913;-1.066898465;0.8081015348;
76.19184113;100;80;10.52686691;0;0;38.24964142;-1.121498823;0.7535011768;
76.01877594;100;80;8.342981339;0;0;38.34964752;-1.127223015;0.7477770448;
75.89829254;100;80;6.339809895;0;0;38.44964981;-1.132842779;0.7421572208;
75.78425598;100;80;4.202490807;0;0;38.54965973;-1.138870478;0.7361294627;
75.65863037;100;80;2.324964046;0;0;38.64974594;-1.144764185;0.7302357554;
75.53625488;80;60;639.0305786;0;0;38.74967575;-1.1501441;0.7248559594;
75.40499115;80;60;637.0162964;0;0;38.8496666;-1.155941367;0.7190586925;
75.28656769;80;60;634.8378906;0;0;38.94967651;-1.161269665;0.7137303948;
75.15851593;80;60;632.8302612;0;0;39.04968262;-1.167026758;0.7079733014;
75.03964996;80;60;630.6588745;0;0;39.14968872;-1.172331691;0.7026683688;
74.91107941;80;60;628.6578979;0;0;39.24968338;-1.178068757;0.6969313025;
74.79295349;80;60;626.4936523;0;0;39.34970474;-1.183285117;0.6917148232;
74.66521454;80;60;624.4992065;0;0;39.44970322;-1.188789487;0.6862105131;
74.54737091;80;60;622.3421021;0;0;39.54970551;-1.193350434;0.6816495657;
74.41999817;80;60;620.354187;0;0;39.64970016;-1.1973176;0.6776823997;
74.30271149;80;60;618.2041626;0;0;39.74973679;-1.199967504;0.6750324965;
74.17588043;80;60;616.2227783;0;0;39.84971619;-1.202149034;0.6728509068;
74.05899048;80;60;614.0797729;0;0;39.94972229;-1.203796268;0.6712037325;
73.93257141;80;60;612.1048584;0;0;40.04972076;-1.205319643;0.669680357;
73.81609344;80;60;609.9689331;0;0;40.14972305;-1.206589699;0.6684103012;
73.69013214;80;60;608.0005493;0;0;40.2497406;-1.207885623;0.667114377;
73.57407379;80;60;605.871582;0;0;40.34973526;-1.209040403;0.6659595966;
73.44796753;80;60;603.9096069;0;0;40.44974136;-1.210274577;0.6647254229;
73.33233643;80;60;601.7774658;0;0;40.54977417;-1.211395264;0.6636047959;
73.20718384;80;60;599.8219604;0;0;40.64974594;-1.212502718;0.6624973416;
73.09187317;80;60;597.7069092;0;0;40.74975204;-1.213354588;0.6616454124;
72.96714783;80;60;595.7578125;0;0;40.84978867;-1.213559389;0.6614406705;
72.85223389;80;60;593.6497803;0;0;40.94975662;-1.212609887;0.6623901725;
72.72801208;80;60;591.7070313;0;0;41.04976654;-1.210151672;0.664848268;
72.61353302;80;60;589.605896;0;0;41.14976883;-1.206622243;0.6683776975;
72.48969269;80;60;587.6695557;0;0;41.24977493;-1.2014606;0.6735393405;
72.37561798;80;60;585.5752563;0;0;41.34977341;-1.195473075;0.6795269251;
72.25224304;80;60;583.6452637;0;0;41.44978714;-1.187687516;0.6873124838;
72.1385498;80;60;581.5578613;0;0;41.54978561;-1.179315805;0.6956841946;
72.01560211;80;60;579.6342163;0;0;41.64979553;-1.168973565;0.7060264349;
71.9023056;80;60;577.5536499;0;0;41.74981689;-1.158260942;0.7167390585;
71.77981567;80;60;575.6362915;0;0;41.84980774;-1.145412564;0.7295874953;
71.66699982;80;60;573.562561;0;0;41.94980621;-1.132511377;0.7424886227;
71.54492188;80;60;571.6514893;0;0;42.0498085;-1.117613316;0.7573866248;
71.43238831;80;60;569.5845947;0;0;42.14981079;-1.103640556;0.7713594437;
71.31069183;80;60;567.6797485;0;0;42.24981689;-1.089247942;0.7857519984;
71.19865417;80;60;565.6196289;0;0;42.34983063;-1.076982021;0.7980180383;
71.07751465;80;60;563.7210083;0;0;42.44982529;-1.064958811;0.8100412488;
70.96588898;80;60;561.6675415;0;0;42.54983139;-1.054682016;0.8203180432;
70.85441589;80;60;559.7752075;0;0;42.64984894;-1.044725299;0.8302746415;
70.73382568;80;60;557.7284546;0;0;42.74983597;-1.034142494;0.8408575058;
70.6134491;80;60;555.8422241;0;0;42.84984207;-1.023728251;0.8512716889;
70.50254059;80;60;553.8021851;0;0;42.94987106;-1.014623165;0.8603768349;
70.38257599;80;60;551.9221802;0;0;43.04985428;-1.005629182;0.8693708181;
70.27203369;80;60;549.8887939;0;0;43.14986801;-1.002131104;0.8728688955;
70.15247345;80;60;548.0148926;0;0;43.24986649;-1.002131104;0.8728688955;
70.04118347;80;60;546.0076294;0;0;43.34988022;-1.002131104;0.8728688955;
69.98651123;80;60;544.1004639;0;0;43.44986343;-1.002131104;0.8728688955;
69.86195374;80;60;542.0791626;0.09375286102;0;43.54990005;-1.138126373;0.7368735671;
69.76027679;80;60;540.178833;0.2656331062;0;43.64987564;-1.13350594;0.7414940596;
69.73913574;80;60;538.3167114;0.429700613;0;43.74888992;-1.129706979;0.7452930808;
69.79586029;80;60;536.3016357;0.523453474;0;43.84888458;-1.127301455;0.7476984859;
69.87760162;80;60;534.4405518;0.523453474;0;43.94889832;-1.125703812;0.7492961884;
69.95014954;80;60;532.4217529;0.5390789509;0;44.04889297;-1.125070453;0.7499295473;
70.03020477;80;60;530.5563354;0.5468916893;0;44.14889526;-1.124798179;0.7502018809;
70.10979462;80;60;528.5333252;0.5937681198;0;44.248909;-1.124361038;0.7506389618;
70.21753693;80;60;526.6636353;0.6875209808;0;44.34891891;-1.12338531;0.7516146898;
70.34481049;80;60;524.6350708;0.7812738419;0;44.44891357;-1.121861815;0.7531382442;
70.50896454;80;60;522.7590942;0.8672139645;0;44.54893494;-1.119426012;0.7555740476;
70.6815033;80;60;520.722168;0.9062776566;0;44.64891815;-1.116408587;0.7585913539;
70.8872757;80;60;518.8371582;1;0;44.74892426;-1.112276316;0.7627236247;
71.09557343;80;60;516.7893066;1;0;44.84892654;-1.107655644;0.7673443556;
71.32247162;80;60;514.8933105;1;0;44.94894028;-1.101770759;0.7732292414;
71.53153992;80;60;512.8330688;1;0;45.04894257;-1.095535159;0.7794648409;
71.75823975;80;60;510.9254761;1;0;45.14899445;-1.088007212;0.7869927287;
71.96766663;80;60;508.8526306;1;0;45.24894333;-1.080425382;0.7945745587;
72.19435883;80;60;506.9334412;1;0;45.34894562;-1.072081804;0.8029182553;
72.40364838;80;60;504.848053;1;0;45.44895935;-1.064702868;0.8102971315;
72.63033295;80;60;502.9172363;1;0;45.54896164;-1.057235956;0.8177640438;
72.83959961;80;60;500.8192444;1;0;45.648983;-1.050890684;0.8241093159;
73.066185;80;60;498.8768005;1;0;45.74897003;-1.044522524;0.8304775357;
73.27535248;80;60;496.7662048;1;0;45.84900284;-1.038696408;0.8363035917;
73.50188446;80;60;494.8121643;1;0;45.94900513;-1.032115698;0.8428842425;
73.71078491;80;60;492.6889954;0.9765923023;0;46.04898453;-1.025654078;0.8493458629;
73.91914368;80;60;490.7233582;0.8672139645;0;46.148983;-1.018127799;0.8568722606;
74.07731628;80;60;488.5882263;0.7265846729;0;46.24898911;-1.01064229;0.8643576503;
74.21108246;80;60;486.6129761;0.6484572887;0;46.34899521;-1.001926064;0.8730739355;
74.30388641;80;60;484.4693909;0.4922025204;0;46.4489975;-0.993301928;0.881698072;
74.36916351;80;60;482.4881287;0.429700613;0;46.54900742;-0.9833239317;0.8916760683;
74.40995789;80;60;480.30896;0.3828241825;0;46.6490097;-0.9735177159;0.9014822841;
74.43825531;80;60;478.355835;0.3593859673;0;46.74902725;-0.9631319642;0.9118680358;
74.46192169;80;60;476.2054749;0.3593859673;0;46.84905243;-0.9512175918;0.9237824082;
74.48149109;80;60;474.2199402;0.3203222752;0;46.94903564;-0.9386063814;0.9363936186;
74.49241638;80;60;472.0683594;0.3203222752;0;47.04904556;-0.9263429046;0.9486570954;
74.50147247;80;60;470.0819702;0.3203222752;0;47.14902878;-0.9123792052;0.9626207948;
74.51006317;80;60;467.9297791;0.3046967983;0;47.2490387;-0.8988618851;0.9761381149;
74.51650238;80;60;465.9429016;0.3046967983;0;47.34905243;-0.8835346103;0.9914653897;
74.52218628;80;60;463.7902832;0.3046967983;0;47.44903946;-0.868755877;1.006244063;
74.52848816;80;60;461.8030701;0.3203222752;0;47.54904556;-0.8520601392;1.022939801;
74.53648376;80;60;459.6500854;0.3203222752;0;47.64905548;-0.8360216618;1.038978338;
74.54460907;80;60;457.6625061;0.3046967983;0;47.74905777;-0.8180792332;1.056920767;
74.5493927;80;60;455.5090637;0.3046967983;0;47.84915161;-0.8011672497;1.07383275;
74.55375671;80;60;453.5211182;0.3046967983;0;47.94906235;-0.7831708789;1.091829062;
74.55929565;80;60;451.3674011;0.3203222752;0;48.04906845;-0.7678059936;1.107193947;
74.56658936;80;60;449.3792114;0.3046967983;0;48.14907837;-0.7530561686;1.121943831;
74.57112885;80;60;447.2250977;0.3046967983;0;48.24908066;-0.7414869666;1.133512974;
74.57541656;80;60;445.2365417;0.3046967983;0;48.34909439;-0.7313971519;1.143602848;
74.57929993;80;60;443.0821533;0.3046967983;0;48.44910049;-0.7244502306;1.150549769;
74.58356476;80;60;441.0933838;0.3046967983;0;48.54909134;-0.7195590734;1.155440927;
74.58755493;80;60;438.9387512;0.3046967983;0;48.64912796;-0.7174729705;1.15752697;
74.59199524;80;60;436.9497375;0.3046967983;0;48.74910355;-0.7177627683;1.157237172;
74.60025787;80;60;434.7948914;0.3828241825;0;48.84910965;-0.7201254368;1.154874563;
74.63111877;80;60;432.8055115;0.4687643051;0;48.94914246;-0.7242987156;1.150701284;
74.6910553;80;60;430.6494446;0.6015808582;0;49.04914093;-0.7291461229;1.145853877;
74.79797363;80;60;428.6575012;0.671895504;0;49.14912796;-0.7351882458;1.139811754;
74.91410065;80;60;426.4966125;0.7031464577;0;49.24912262;-0.7413170338;1.133682966;
75.04496765;80;60;424.4988098;0.7031464577;0;49.34913254;-0.7484241128;1.126575947;
75.16579437;80;60;422.3309326;0.7031464577;0;49.4491272;-0.7553489804;1.119651079;
75.29694366;80;60;420.3264771;0.7031464577;0;49.54913712;-0.7632094622;1.111790538;
75.41712189;80;60;418.1513367;0.6875209808;0;49.6491394;-0.7707795501;1.10422039;
75.54330444;80;60;416.1401978;0.6875209808;0;49.74914169;-0.7793092132;1.095690846;
75.65937805;80;60;413.9580078;0.6875209808;0;49.84914398;-0.7874858379;1.087514162;
75.78520966;80;60;411.9404297;0.6875209808;0;49.9491539;-0.7966707349;1.078329206;
75.90125275;80;60;409.7512207;0.6875209808;0;50.04917908;-0.8054513335;1.069548607;
76.02687836;80;60;407.7272034;0.6875209808;0;50.14915848;-0.8152939081;1.059706092;
76.14271545;80;60;405.5310364;0.6875209808;0;50.24916458;-0.8246847987;1.050315142;
76.26816559;80;60;403.5005798;0.6875209808;0;50.34916687;-0.8351898193;1.039810181;
76.38394165;80;60;401.2974548;0.6875209808;0;50.44917679;-0.8451949954;1.029804945;
76.51081848;80;60;399.2605591;0.6875209808;0;50.54918289;-0.8563691974;1.018630862;
76.62665558;80;60;397.050415;0.6875209808;0;50.64920807;-0.8669932485;1.008006811;
76.75175476;80;60;395.0070801;0.6875209808;0;50.74919128;-0.8788416982;0.9961583018;
76.86717224;80;60;392.789978;0.6875209808;0;50.84918976;-0.8900903463;0.9849096537;
76.99215698;80;60;390.7402344;0.6875209808;0;50.94920349;-0.9026166201;0.9723833799;
77.10748291;80;60;388.5162048;0.6875209808;0;51.04919815;-0.9144946337;0.9605053663;
77.23299408;80;60;386.4600525;0.7031464577;0;51.14921188;-0.9277054071;0.9472945929;
77.35237122;80;60;384.2290649;0.7031464577;0;51.24920654;-0.9402171373;0.9347828627;
77.48220062;80;60;382.1663513;0.7031464577;0;51.34920883;-0.954118371;0.920881629;
77.60179138;80;60;379.9281921;0.7031464577;0;51.44921494;-0.9672707319;0.9077292681;
77.72888947;80;60;377.8588562;0.6875209808;0;51.54922104;-0.9818664193;0.8931335807;
77.84376526;80;60;375.6135864;0.6875209808;0;51.64922714;-0.9956606627;0.8793393373;
77.97051239;80;60;373.5378113;0.6875209808;0;51.74923325;-1.010901928;0.8640980721;
78.08631134;80;60;371.2747192;0.6875209808;0;51.84925079;-1.025188208;0.8498117328;
78.2130127;80;60;369.1924744;0.7031464577;0;51.94924164;-1.040623665;0.8343762755;
78.33403015;80;60;366.9331665;0.7187719345;0;52.04924774;-1.054500461;0.8204995394;
78.46617126;80;60;364.8442993;0.7031464577;0;52.14925766;-1.068755746;0.8062443137;
78.58527374;80;60;362.5777283;0.7031464577;0;52.24925232;-1.081148505;0.7938515544;
78.7140274;80;60;360.4821777;0.7031464577;0;52.34926224;-1.093648911;0.7813510895;
78.832901;80;60;358.2084045;0.7031464577;0;52.44926071;-1.104289412;0.7707105279;
78.9535675;80;60;356.1062317;0.6015808582;0;52.549263;-1.114812732;0.7601872683;
79.04138184;80;60;353.8255615;0.5468916893;0;52.64927292;-1.123582602;0.7514173985;
79.11283875;80;60;351.717926;0.4687643051;0;52.74926758;-1.132046819;0.7429531217;
79.15940857;80;60;349.4326782;0.429700613;0;52.8492775;-1.138889313;0.7361107469;
79.19671631;80;60;347.3218689;0.3828241825;0;52.9492836;-1.145233631;0.7297663093;
79.21995544;80;60;345.0341492;0.3593859673;0;53.04928589;-1.150090814;0.724909246;
79.23556519;80;60;342.9216919;0.3281350136;0;53.14928818;-1.154257178;0.7207428217;
79.24233246;80;60;340.632782;0.3046967983;0;53.2492981;-1.157080412;0.7179195285;
79.24359894;80;60;338.5197449;0.3046967983;0;53.34931183;-1.159023762;0.7159761786;
79.24300385;80;60;336.2305603;0.3046967983;0;53.44930267;-1.159779191;0.715220809;
79.24195099;80;60;334.1174316;0.2890713215;0;53.54930496;-1.159467101;0.7155329585;
79.24042511;80;60;331.8282776;0.3046967983;0;53.64930725;-1.158132315;0.7168676853;
79.23913574;80;60;329.71521;0.2890713215;0;53.74931335;-1.15554893;0.7194511294;
79.23530579;80;60;327.4260864;0.2890713215;0;53.84931564;-1.152115822;0.7228841186;
79.2296524;80;60;325.3131714;0.2890713215;0;53.94934845;-1.147331834;0.7276681066;
79.22409821;80;60;323.0243225;0.2890713215;0;54.04932404;-1.141986489;0.7330135107;
79.21792603;80;60;320.9116821;0.2734458447;0;54.14933395;-1.135569572;0.7394304276;
79.2094574;80;60;318.6231689;0.2734458447;0;54.24933624;-1.129298329;0.745701611;
79.19878387;80;60;316.5109253;0.2734458447;0;54.34934235;-1.122258425;0.7527415752;
79.18773651;80;60;314.2229614;0.2656331062;0;54.44934845;-1.115627527;0.7593724728;
79.17457581;80;60;312.1112976;0.2734458447;0;54.54935074;-1.108361483;0.766638577;
79.16339874;80;60;309.8240356;0.2734458447;0;54.64936066;-1.101607561;0.7733924389;
79.15218353;80;60;307.7130127;0.2734458447;0;54.74936295;-1.094261765;0.7807382345;
79.14282227;80;60;305.4263916;0.2890713215;0;54.84936142;-1.087465644;0.7875342965;
79.13332367;80;60;303.315918;0.2734458447;0;54.94936752;-1.080093026;0.7949069142;
79.12554169;80;60;301.0298157;0.2890713215;0;55.04937744;-1.073282123;0.8017178178;
79.11787415;80;60;298.9197998;0.2734458447;0;55.1493721;-1.065899253;0.8091006875;
79.10871124;80;60;296.6341553;0.2890713215;0;55.24937439;-1.05908072;0.8159193397;
79.09919739;80;60;294.5245972;0.2734458447;0;55.34938049;-1.051692128;0.8233078122;
79.08989716;80;60;292.239502;0.2890713215;0;55.44942474;-1.044869661;0.8301303983;
79.0827179;80;60;290.1304321;0.2890713215;0;55.5493927;-1.037476301;0.8375236392;
79.07714844;80;60;287.8458252;0.2890713215;0;55.64940262;-1.030650616;0.8443493843;
79.0710907;80;60;285.7370911;0.2734458447;0;55.74943924;-1.023822546;0.8511773944;
79.06301117;80;60;283.4528198;0.2890713215;0;55.84943008;-1.016423702;0.8585762382;
79.05665588;80;60;281.3444824;0.2890713215;0;55.9494133;-1.009022593;0.8659774661;
79.05123138;80;60;279.0606079;0.2890713215;0;56.04941559;-1.002187967;0.8728119731;
79.0454483;80;60;276.9525757;0.2890713215;0;56.14942169;-0.9947823286;0.8802176714;
79.04009247;80;60;274.6690369;0.2890713215;0;56.24942017;-0.9879448414;0.8870551586;
79.03430176;80;60;272.5613098;0.2890713215;0;56.34942627;-0.9805350304;0.8944649696;
79.02896118;80;60;270.2780762;0.2890713215;0;56.44943237;-0.973692596;0.901307404;
79.02319336;80;60;268.1706543;0.2890713215;0;56.54943466;-0.9662768841;0.9087231159;
79.01787567;80;60;265.8877563;0.2890713215;0;56.64944458;-0.9594309926;0.9155690074;
79.01198578;80;60;263.7806091;0.2734458447;0;56.74944305;-0.9520110488;0.9229889512;
79.00377655;80;60;261.4980469;0.2734458447;0;56.84944916;-0.9451602697;0.9298397303;
78.99559021;80;60;259.3912659;0.2890713215;0;56.94945526;-0.9377365112;0.9372634888;
78.98982239;80;60;257.1091614;0.2890713215;0;57.04946136;-0.9308819175;0.9441180825;
78.98407745;80;60;255.0027771;0.2890713215;0;57.14946365;-0.9234536886;0.9515463114;
78.97879028;80;60;252.7210083;0.2890713215;0;57.24946594;-0.9165947437;0.9584052563;
78.97305298;80;60;250.6148987;0.2890713215;0;57.34947205;-0.9091621637;0.9658378363;
78.9677887;80;60;248.3334503;0.2890713215;0;57.44947052;-0.9022991061;0.9727008939;
78.96208954;80;60;246.2276459;0.2890713215;0;57.54948425;-0.894862175;0.980137825;
78.95684814;80;60;243.9465179;0.2890713215;0;57.64948273;-0.887994945;0.987005055;
78.95117188;80;60;241.8409882;0.2890713215;0;57.74948502;-0.8805535436;0.9944464564;
78.94593048;80;60;239.5601807;0.2890713215;0;57.84949875;-0.8736818433;1.001318216;
78.94024658;80;60;237.4549561;0.2890713215;0;57.94949722;-0.866235137;1.008764863;
78.93501282;80;60;235.1744537;0.2890713215;0;58.04950333;-0.859359622;1.015640378;
78.92938232;80;60;233.069519;0.2890713215;0;58.14952087;-0.8519087434;1.023091197;
78.92415619;80;60;230.7893372;0.2890713215;0;58.24954224;-0.8450288177;1.029971123;
78.91851807;80;60;228.6846924;0.2890713215;0;58.34951401;-0.8375731707;1.037426829;
78.91331482;80;60;226.4048157;0.2890713215;0;58.44954681;-0.830688715;1.044311285;
78.9076767;80;60;224.3004608;0.2890713215;0;58.5495224;-0.8232287169;1.051771283;
78.90249634;80;60;222.0209045;0.2890713215;0;58.64952469;-0.8163396716;1.058660269;
78.89685059;80;60;219.9168396;0.2734458447;0;58.74953079;-0.8088751435;1.066124797;
78.89011383;80;60;217.6375885;0.2734458447;0;58.8495369;-0.8019819856;1.073018074;
78.88172913;80;60;215.5338593;0.2890713215;0;58.949543;-0.7945123911;1.080487609;
78.87582397;80;60;213.2550507;0.2890713215;0;59.04957199;-0.78761518;1.08738482;
78.87013245;80;60;211.1516876;0.2890713215;0;59.14962387;-0.7801420093;1.094857931;
78.86499786;80;60;208.8732147;0.2890713215;0;59.24954987;-0.7732405663;1.101759434;
78.85941315;80;60;206.7701416;0.3046967983;0;59.34955597;-0.7657626271;1.109237432;
78.85595703;80;60;204.4919739;0.2890713215;0;59.44957733;-0.7588574886;1.116142511;
78.8511734;80;60;202.3891449;0.2890713215;0;59.54956436;-0.7513743043;1.123625636;
78.84619904;80;60;200.1112213;0.2890713215;0;59.64957047;-0.7444643378;1.130535603;
78.83734131;80;60;198.008667;0.2343821526;0;59.74958038;-0.7369762659;1.138023734;
78.81372833;80;60;195.7311554;0.1093783379;0;59.84957886;-0.7300640345;1.144935966;
78.74240112;80;60;193.6295471;0;0;59.94958115;-0.7225751877;1.152424812;
78.62901306;80;60;191.3548889;0;0;60.04959869;-0.7156692147;1.159330845;
78.49471283;80;60;189.2583313;0;0;60.14959335;-0.7081961632;1.166803837;
78.37107849;80;60;186.9906616;0;0;60.24959564;-0.7013087273;1.173691273;
78.23748016;80;60;184.9008331;0;0;60.34967804;-0.6938610673;1.181138992;
78.11386108;80;60;182.640564;0;0;60.44961548;-0.6869993806;1.188000679;
77.98004913;80;60;180.5575867;0;0;60.54960632;-0.6795815229;1.195418477;
77.85689545;80;60;178.304718;0;0;60.64961243;-0.6727489829;1.202250957;
77.72375488;80;60;176.2285614;0;0;60.74961853;-0.6653627157;1.209637284;
77.60223389;80;60;174.0046692;0;0;60.849617;-0.6586853862;1.216314554;
77.46901703;80;60;171.9352875;0;0;60.94963455;-0.6516986489;1.223301411;
77.34616852;80;60;169.6971741;0;0;61.04963303;-0.645963788;1.229036212;
77.21325684;80;60;167.6346283;0;0;61.14963531;-0.6420048475;1.232995152;
77.09101105;80;60;165.4038849;0;0;61.24865341;-0.6413676143;1.233632445;
76.95906067;80;60;163.3481598;0;0;61.34864426;-0.6443113089;1.230688691;
76.83745575;80;60;161.1247864;0;0;61.44864655;-0.650133431;1.224866509;
76.70594788;80;60;159.0758514;0;0;61.54865646;-0.6590836644;1.215916395;
76.58476257;80;60;156.8598328;0;0;61.64866638;-0.6693279147;1.205672026;
76.45378876;80;60;154.8176575;0;0;61.74865723;-0.6821687818;1.192831159;
76.33310699;80;60;152.608963;0;0;61.84866714;-0.6952730417;1.179726958;
76.20252228;80;60;150.5735321;0;0;61.94866943;-0.7100076079;1.164992332;
76.08222198;80;60;148.3721008;0;0;62.04867172;-0.7234766483;1.151523352;
75.95210266;80;60;146.3433685;0;0;62.14868164;-0.7375721931;1.137427807;
75.8321991;80;60;144.1491852;0;0;62.24869537;-0.7499073148;1.125092745;
75.70249939;80;60;142.1271057;0;0;62.34877396;-0.7623875737;1.112612486;
75.58296967;80;60;139.9401093;0;0;62.44869614;-0.7730227709;1.101977229;
75.45373535;80;60;137.9246674;0;0;62.54869461;-0.7836073637;1.091392636;
75.33468628;80;60;135.7448578;0;0;62.64870071;-0.7925777435;1.082422256;
75.20587921;80;60;133.7360229;0;0;62.74877167;-0.8017926812;1.073207378;
75.08718872;80;60;131.5633698;0;0;62.84871674;-0.810426116;1.064573884;
74.9588623;80;60;129.561142;0;0;62.9487114;-0.8202459216;1.054754019;
74.84064484;80;60;127.3956451;0;0;63.0487175;-0.8298954964;1.045104504;
74.71278381;80;60;125.4000092;0;0;63.14876175;-0.8410304785;1.033969522;
74.59498596;80;60;123.2416382;0;0;63.24872589;-0.8517897129;1.023210287;
74.46760559;80;60;121.2525787;0;0;63.34873199;-0.8638921976;1.011107802;
74.34958649;80;60;119.1013031;0;0;63.44874191;-0.8754979372;0.9995020628;
74.22263336;80;60;117.1187897;0;0;63.54873657;-0.8883518577;0.9866481423;
74.10569763;80;60;114.9745941;0;0;63.64874268;-0.9005106688;0.9744893312;
73.97917175;80;60;112.9883118;0;0;63.74874878;-0.9138823152;0.9611176848;
73.86262512;80;60;110.8511887;0;0;63.84876633;-0.9263168573;0.9486831427;
73.7365799;80;60;108.8817062;0;0;63.94875717;-0.9398409724;0.9351590276;
73.62045288;80;60;106.7516022;0;0;64.04875946;-0.9523436427;0.9226563573;
73.4948349;80;60;104.7885895;0;0;64.14876556;-0.9658880234;0.9091119766;
73.37913513;80;60;102.6654892;0;0;64.24876404;-0.9783801436;0.8966198564;
73.25395966;80;60;100.708931;0;0;64.34877777;-0.9918969274;0.8831030726;
73.13866425;80;60;98.59280396;0;0;64.44877625;-1.004354954;0.8706449866;
73.01393127;80;60;96.64266968;0;0;64.54880524;-1.017829537;0.8571704626;
72.89902496;80;60;94.53350067;0;0;64.64878845;-1.030246258;0.8447537422;
72.77477264;80;60;92.58977509;0;0;64.74878693;-1.043674588;0.8313253522;
72.6602478;80;60;90.48753357;0;0;64.84881592;-1.056048155;0.8189518452;
72.53642273;80;60;88.55020142;0;0;64.94883728;-1.069429874;0.8055701852;
72.42230225;80;60;86.45487213;0;0;65.04880524;-1.081760406;0.7932395935;
72.29892731;80;60;84.52390289;0;0;65.14881134;-1.095095038;0.7799050212;
72.18521881;80;60;82.43546295;0;0;65.24880981;-1.107382774;0.7676172256;
72.06223297;80;60;80.51084137;0;0;65.34883881;-1.120670676;0.7543293238;
71.94894409;80;60;78.42927551;0;0;65.44882202;-1.132914901;0.7420850396;
71.82240295;80;60;76.51098633;0;5.554368496;65.54882813;-1.146156311;0.7288436294;
71.64730835;80;60;74.43649292;0;11.50700378;65.6488266;-1.158351898;0.7166481614;
71.37387085;80;60;72.52661896;0;19.84008217;65.74885559;-1.171517134;0.7034828663;
71.03162384;80;60;70.46533203;0;26.98294067;65.84883881;-1.183615446;0.6913846135;
70.55337524;80;60;68.57214355;0;35.31602097;65.94883728;-1.196644187;0.6783558726;
70.02864838;80;60;66.5345459;0;39.68169022;66.04885101;-1.208586693;0.6664133072;
69.43167114;80;60;64.66811371;0;40.47517395;66.14884949;-1.221427083;0.653572917;
68.87654114;80;60;62.66251755;0;40.47517395;66.24885559;-1.233175039;0.6418250203;
68.27596283;80;60;60.82652283;0;40.47517395;66.34886169;-1.245692015;0.6293079853;
67.72195435;80;60;58.85420227;0;40.47517395;66.44887543;-1.256976366;0.6180235744;
67.12280273;80;60;57.04897308;0;40.47517395;66.54886627;-1.268323064;0.6066769958;
66.57386017;80;60;55.10991287;0;38.09473038;66.64887238;-1.277547479;0.5974525213;
66.02127075;80;60;53.33517456;0;34.52253723;66.74887848;-1.285983086;0.5890169144;
65.54197693;80;60;51.42778778;0;32.14209366;66.84888458;-1.292271733;0.5827282667;
65.0495224;80;60;49.68043518;0;31.34861374;66.94888306;-1.297575355;0.577424705;
64.60294342;80;60;47.80122375;0;30.55513191;67.04889679;-1.301120996;0.5738790631;
64.14684296;80;60;46.07898712;0;25.39597702;67.14889526;-1.303546309;0.5714536309;
63.77185059;80;60;44.22580719;0;23.01553345;67.24890137;-1.304516792;0.5704831481;
63.39858246;80;60;42.52558899;0;19.84008217;67.34892273;-1.304417849;0.5705821514;
63.09511566;80;60;40.69411469;0;13.88744736;67.44891357;-1.304417849;0.5705821514;
62.83414841;80;60;39.01190948;0;8.729819298;67.54891968;-1.304417849;0.5705821514;
62.65825653;80;60;37.19673157;0;0;67.64891815;-1.304417849;0.5705821514;
62.54064941;80;60;35.52607346;0;0;67.74892426;-1.304417849;0.5705821514;
62.44234848;80;60;33.71960068;0;0;67.84893036;-1.304417849;0.5705821514;
62.33584213;80;60;32.05505753;0;0;67.94892883;-1.304417849;0.5705821514;
62.23800278;80;60;30.25487709;0;0;68.04893494;-1.304417849;0.5705821514;
62.13293076;80;60;28.59595108;0;0;68.1489563;-1.304417849;0.5705821514;
62.03593445;80;60;26.80181313;0;0;68.24894714;-1.304417849;0.5705821514;
61.93067169;80;60;25.14849091;0;0;68.34894562;-1.304417849;0.5705821514;
61.83385086;80;60;23.36043167;0;0;68.44895935;-1.304417849;0.5705821514;
61.72923279;80;60;21.71274185;0;0;68.54895782;-1.304417849;0.5705821514;
61.6327858;80;60;19.93084145;0;0;68.64896393;-1.304417849;0.5705821514;
61.52833176;80;60;18.28892517;0;0;68.7489624;-1.304417849;0.5705821514;
61.43221664;80;60;16.51345253;0;0;68.84896851;-1.304417849;0.5705821514;
61.34001923;80;60;14.87769604;0;0;68.94897461;-1.304417849;0.5705821514;
61.26662445;80;60;13.07436562;0;0;69.04897308;-1.304417849;0.5705821514;
61.14129257;80;60;11.44561958;0;0;69.14898682;-0.9479009509;0.9270990491;
61.02353287;80;60;9.787361145;0;0;69.24898529;-0.9344478846;0.9405521154;
60.92366791;80;60;8.031344414;0;0;69.34899139;-0.9230076075;0.9519923925;
60.82756424;80;60;6.419040203;0;0;69.4489975;-0.9113043547;0.9636956453;
60.73503876;80;60;4.684659004;0;0;69.54899597;-0.9012824893;0.9737175107;
60.63158798;80;60;3.108608007;0;0;69.64901733;-0.8912172318;0.9837827682;
60.53548431;60;80;1.512230039;0;0;69.74900818;-0.8826020956;0.9923979044;
60.4327507;60;80;535.1237183;0;0;69.84901428;-0.8739948869;1.001005054;
60.33869934;60;80;533.3777466;0;0;69.94901276;-0.8667147756;1.008285165;
60.23652649;60;80;531.7687378;0;0;70.04901886;-0.8595416546;1.015458345;
60.14214706;60;80;530.0285034;0;0;70.14903259;-0.8535756469;1.021424294;
60.04023361;60;80;528.4247437;0;0;70.24903107;-0.8478178382;1.027182221;
59.94643784;60;80;526.6901855;0;0;70.34902954;-0.8431515694;1.031848431;
59.8449173;60;80;525.0916138;0;0;70.44903564;-0.8387957215;1.036204219;
59.7513504;60;80;523.3626709;0;0;70.54904175;-0.835418582;1.039581418;
59.65015793;60;80;521.7692871;0;0;70.64904785;-0.8324530721;1.042546868;
59.55685806;60;80;520.0459595;0;0;70.74905396;-0.8303518295;1.04464817;
59.45605087;60;80;518.4578247;0;0;70.84905243;-0.8287624121;1.046237588;
59.36307907;60;80;516.7401123;0;0;70.94905853;-0.8279282451;1.047071815;
59.2625351;60;80;515.1571045;0;0;71.04906464;-0.8277038336;1.047296166;
59.16989136;60;80;513.4449463;0;0;71.14906311;-0.8281235099;1.04687655;
59.0696907;60;80;511.8670959;0;0;71.24906921;-0.8292511106;1.045748949;
58.97732925;60;80;510.160553;0;0;71.34907532;-0.8309122324;1.044087768;
58.87743378;60;80;508.5878296;0;0;71.44908142;-0.8333799243;1.041620135;
58.78538895;60;80;506.8868408;0;0;71.5490799;-0.8362728357;1.038727164;
58.6858139;60;80;505.3192444;0;0;71.64909363;-0.840067625;1.034932375;
58.59407806;60;80;503.6237793;0;0;71.7490921;-0.8441790938;1.030820966;
58.49482346;60;80;502.0613098;0;0;71.84910583;-0.8492903113;1.025709748;
58.40333557;60;80;500.3713684;0;0;71.94909668;-0.8546102047;1.020389795;
58.30442429;60;80;498.8139648;0;0;72.04910278;-0.8610238433;1.013976216;
58.21324158;60;80;497.1295471;0;0;72.14910889;-0.8675417304;1.00745821;
58.11463928;60;80;495.5772095;0;0;72.24911499;-0.8752458692;0.9997541308;
58.02375793;60;80;493.8982849;0;0;72.34914398;-0.8829497099;0.9920502901;
57.92546844;60;80;492.3510132;0;0;72.44911957;-0.8919332623;0.9830667377;
57.8348999;60;80;490.6775513;0;0;72.54912567;-0.9007653594;0.9742346406;
57.73693085;60;80;489.1353149;0;0;72.64913177;-0.9108336568;0.9641663432;
57.646595;60;80;487.4673157;0;0;72.74913025;-0.9203138351;0.9546861649;
57.54888153;60;80;485.9301147;0;0;72.84914398;-0.9301999807;0.9448000193;
57.45890045;60;80;484.2675171;0;0;72.94915009;-0.9387410879;0.9362589121;
57.3615303;60;80;482.735321;0;0;73.04915619;-0.9472543001;0.9277456999;
57.27179337;60;80;481.0781555;0;0;73.14915466;-0.9543660283;0.9206339717;
57.17473602;60;80;479.5509338;0;0;73.24915314;-0.9612309933;0.9137690067;
57.08528519;60;80;477.8912048;0;0;73.34916687;-0.9667903185;0.9082096815;
56.9885788;60;80;476.3768921;0;0;73.44916534;-0.9720429778;0.9029570222;
56.89943314;60;80;474.7304688;0;0;73.54917145;-0.976262033;0.898737967;
56.80297852;60;80;473.2131653;0;0;73.64917755;-0.9806120992;0.8943879008;
56.71408463;60;80;471.572113;0;0;73.74917603;-0.9848760962;0.8901239038;
56.61800385;60;80;470.0597534;0;0;73.84918213;-0.9899290204;0.8850709796;
56.52942276;60;80;468.4240417;0;0;73.94918823;-0.9950757623;0.8799242377;
56.43358994;60;80;466.916626;0;0;74.04919434;-1.001228333;0.8737716675;
56.34527969;60;80;465.2862549;0;0;74.14919281;-1.007457495;0.8675424457;
56.24975586;60;80;463.7837524;0;0;74.24919891;-1.014807582;0.8601924777;
56.16175461;60;80;462.1586914;0;0;74.34920502;-1.022109747;0.8528901935;
56.06654358;60;80;460.6610718;0;0;74.44921112;-1.030506968;0.8444929719;
55.97875977;60;80;459.0413208;0;0;74.54922485;-1.038468957;0.8365309834;
55.88381958;60;80;457.548584;0;0;74.64922333;-1.046762228;0.8282378316;
55.79634094;60;80;455.9341125;0;0;74.74923706;-1.053862572;0.8211374283;
55.70899963;60;80;454.446228;0;0;74.84922791;-1.060343146;0.8146569133;
55.61405182;60;80;452.8370056;0;0;74.94922638;-1.066627145;0.8083728552;
55.5201683;60;80;451.3539734;0;0;75.04924011;-1.072027922;0.8029720783;
55.4327774;60;80;449.7499695;0;0;75.14923859;-1.076318741;0.7986813188;
55.33872604;60;80;448.2640991;0;0;75.24924469;-1.08013618;0.7948638201;
55.2520752;60;80;446.6653442;0;0;75.34925079;-1.082920194;0.7920798063;
55.15832138;60;80;445.1919556;0;0;75.44924927;-1.085136056;0.7898639441;
55.07195282;60;80;443.5984192;0;0;75.54925537;-1.086447835;0.788552165;
54.97847748;60;80;442.1298218;0;0;75.6492691;-1.087077856;0.7879220843;
54.89233398;60;80;440.5414734;0;0;75.74926758;-1.08693254;0.7880675197;
54.79921341;60;80;439.0776978;0;0;75.84928131;-1.085989833;0.7890101075;
54.71335602;60;80;437.4945068;0;0;75.94927216;-1.08440125;0.7905986905;
54.62046814;60;80;436.0354919;0;0;76.04927826;-1.081902981;0.7930969596;
54.53489685;60;80;434.457489;0;0;76.14929962;-1.07888341;0.7961166501;
54.44232559;60;80;433.0032349;0;0;76.24929047;-1.074843049;0.8001568913;
54.35699463;60;80;431.4303589;0;0;76.34929657;-1.070406556;0.8045935035;
54.26470566;60;80;429.9808655;0;0;76.44931793;-1.064838886;0.8101611733;
54.17967224;60;80;428.4131165;0;0;76.54930115;-1.058998704;0.816001296;
54.08766937;60;80;426.9683533;0;0;76.64930725;-1.051917315;0.8230826259;
54.00286865;60;80;425.4057312;0;0;76.74930573;-1.044686556;0.8303133845;
53.91115952;60;80;423.9656677;0;0;76.84931183;-1.036105037;0.8388950229;
53.82663727;60;80;422.4081726;0;0;76.94931793;-1.027496815;0.8475031257;
53.73521423;60;80;420.9728088;0;0;77.04932404;-1.017430782;0.8575691581;
53.6509552;60;80;419.4203796;0;0;77.14932251;-1.007457614;0.8675423861;
53.55978775;60;80;417.9897461;0;0;77.24932861;-0.9959202409;0.8790797591;
53.47580719;60;80;416.4423828;0;0;77.34933472;-0.9845957756;0.8904042244;
53.38497543;60;80;415.0164185;0;0;77.44934082;-0.9716264606;0.9033735394;
53.30112839;60;80;413.4741516;0;0;77.54933929;-0.9591472745;0.9158527255;
53.210392;60;80;412.0528259;0;0;77.64935303;-0.9453259706;0.9296740294;
53.12672043;60;80;410.5155945;0;0;77.7493515;-0.9331752062;0.9418247938;
53.03627396;60;80;409.098938;0;0;77.8493576;-0.9215395451;0.9534604549;
52.95293045;60;80;407.5667114;0;0;77.94937134;-0.9124397635;0.9625602365;
52.86271286;60;80;406.1546631;0;0;78.04936981;-0.9044950008;0.9705049992;
52.77957916;60;80;404.6274414;0;0;78.14940643;-0.8989950418;0.9760049582;
52.68966675;60;80;403.2200012;0;0;78.24937439;-0.8950434923;0.9799565077;
52.60764313;60;80;401.7124023;0;0;78.34938049;-0.8932571411;0.9817428589;
52.51799393;60;80;400.3095398;0;0;78.4493866;-0.8932926655;0.9817073345;
52.43537521;60;80;398.7922668;0;0;78.5493927;-0.8951639533;0.9798360467;
52.34601593;60;80;397.3940125;0;0;78.64939117;-0.8991733789;0.9758266211;
52.26364899;60;80;395.8817139;0;0;78.74839783;-0.9046957493;0.9703042507;
52.1745224;60;80;394.4880676;0;0;78.84840393;-0.9126417637;0.9623582363;
52.09241867;60;80;392.9807434;0;0;78.94841003;-0.921779573;0.953220427;
52.00363159;60;80;391.5916748;0;0;79.04841614;-0.9336192608;0.9413807392;
51.92192841;60;80;390.089325;0;0;79.14841461;-0.9462562203;0.9287437797;
51.83360672;60;80;388.704834;0;0;79.24841309;-0.9616683125;0.9133316875;
51.75214005;60;80;387.207428;0;0;79.34843445;-0.9770168066;0.8979831934;
51.66407013;60;80;385.8274841;0;0;79.44842529;-0.9940953851;0.8809046149;
51.58292007;60;80;384.3349915;0;0;79.5484314;-1.010028005;0.8649719954;
51.495121;60;80;382.9595947;0;0;79.6484375;-1.027366519;0.8476334214;
51.4141922;60;80;381.4719849;0;0;79.74843597;-1.04338038;0.8316196799;
51.32666779;60;80;380.1010742;0;0;79.84844971;-1.060709715;0.8142902851;
51.24598694;60;80;378.6183472;0;0;79.94844818;-1.076684117;0.7983158827;
51.15871048;60;80;377.2519226;0;0;80.04846191;-1.093961954;0.7810379863;
51.07828522;60;80;375.7740479;0;0;80.14846039;-1.109884381;0.7651156783;
50.99128723;60;80;374.4120789;0;0;80.24846649;-1.127106071;0.7478939891;
50.91109848;60;80;372.9390259;0;0;80.34846497;-1.142977357;0.7320226431;
50.82435608;60;80;371.581543;0;0;80.44847107;-1.16014421;0.7148557305;
50.74440765;60;80;370.1133423;0;0;80.54847717;-1.175965905;0.6990340948;
50.65794373;60;80;368.7602844;0;0;80.64847565;-1.193078756;0.6819213033;
50.57823563;60;80;367.296875;0;0;80.74848175;-1.208829045;0.6661709547;
50.49184418;60;80;365.9482422;0;0;80.84848785;-1.22572577;0.6492741704;
50.41215515;60;80;364.4896545;0;0;80.94848633;-1.240967989;0.634032011;
50.32598495;60;80;363.1454468;0;0;81.04850006;-1.256321311;0.6186786294;
50.24658966;60;80;361.6915894;0;0;81.14849854;-1.268920422;0.6060795188;
50.16082764;60;80;360.3517761;0;0;81.24850464;-1.280705571;0.5942943692;
50.08200073;60;80;358.9026489;0;0;81.34851837;-1.289791942;0.5852080584;
49.99704742;60;80;357.5671997;0;0;81.44851685;-1.297654986;0.5773450136;
49.91902924;60;80;356.1227722;0;0;81.54852295;-1.303081155;0.5719188452;
49.83489227;60;80;354.791626;0;0;81.64852142;-1.30698061;0.5680194497;
49.75762558;60;80;353.3518982;0;0;81.74852753;-1.308757782;0.566242218;
49.674366;60;80;352.0250244;0;0;81.84854889;-1.308721304;0.5662786961;
49.5978508;60;80;350.5899048;0;0;81.9485321;-1.306884766;0.568115294;
49.51537323;60;80;349.2673035;0;0;82.04853821;-1.302949905;0.5720500946;
49.43964386;60;80;347.836792;0;0;82.14855194;-1.297531366;0.5774686337;
49.35800934;60;80;346.5184021;0;0;82.24855804;-1.289734244;0.5852658153;
49.2829895;60;80;345.0924377;0;0;82.34857941;-1.280766606;0.5942333937;
49.20215607;60;80;343.7782288;0;0;82.44855499;-1.269143343;0.605856657;
49.12791061;60;80;342.356781;0;0;82.5485611;-1.256659865;0.6183401346;
49.04785919;60;80;341.0467529;0;0;82.64855957;-1.241242766;0.6337572336;
48.9743576;60;80;339.6297913;0;0;82.74856567;-1.225273013;0.6497269273;
48.89511871;60;80;338.3238831;0;0;82.84857178;-1.206096649;0.6689033508;
48.82230759;60;80;336.9114075;0;0;82.94857788;-1.186671972;0.6883280277;
48.74383163;60;80;335.6095886;0;0;83.04858398;-1.163769603;0.7112303972;
48.67177963;60;80;334.2015076;0;0;83.14860535;-1.140920877;0.7340791225;
48.59408569;60;80;332.9037781;0;0;83.24858856;-1.114324927;0.7606750727;
48.52272034;60;80;331.5000916;0;0;83.34859467;-1.088081002;0.7869189978;
48.44578934;60;80;330.2063904;0;0;83.44860077;-1.057823777;0.8171762228;
48.37513733;60;80;328.8070679;0;0;83.54860687;-1.02821517;0.8467848301;
48.2989769;60;80;327.517395;0;0;83.64860535;-0.9943283796;0.8806716204;
48.22901154;60;80;326.1223755;0;0;83.74861145;-0.9613835216;0.9136164784;
48.15357971;60;80;324.8366699;0;0;83.84864044;-0.9238981605;0.9511018395;
48.08431244;60;80;323.4459839;0;0;83.94861603;-0.8876454234;0.9873545766;
48.00965881;60;80;322.1642151;0;0;84.04862976;-0.8465925455;1.028407454;
47.94105911;60;80;320.7778015;0;0;84.14862823;-0.8070614934;1.067938566;
47.86713028;60;80;319.4999695;0;0;84.24863434;-0.7624703646;1.112529635;
47.79923248;60;80;318.1177673;0;0;84.34864044;-0.719687283;1.155312657;
47.72600555;60;80;316.8438416;0;0;84.44864655;-0.6715885997;1.20341146;
47.6587677;60;80;315.4658813;0;0;84.54864502;-0.6255820394;1.249417901;
47.58642197;60;80;314.1958313;0;0;84.64865112;-0.5740055442;1.300994396;
47.52030182;60;80;312.8220215;0;0;84.74865723;-0.5248004198;1.35019958;
47.44950867;60;80;311.5557861;0;0;84.8486557;-0.4697735608;1.405226469;
47.38485336;60;80;310.1860962;0;0;84.9486618;-0.4173955619;1.457604408;
47.31528473;60;80;308.923645;0;0;85.04867554;-0.3589437902;1.51605618;
