sep=;
unknown1; unknown2; currentSpeed; currentLimit; nextLimit; distance; gaspedal; brakepedal; timestamp
0.1899828315;100;80;900;0;0;0.04998675734;-1.124978553e-005;1.874988794;
0.3550108671;100;80;512.0526733;0;0;0.1499885023;-1.729564246e-005;1.874982715;
0.5222539306;100;80;512.0412598;0;0;0.2499933243;-1.023346431e-005;1.874989748;
0.6694193482;100;80;512.0270996;0;0;0.3499966264;-3.540024181e-006;1.874996424;
0.8197932243;100;80;512.0079956;0;0;0.4500040114;-3.368881607e-006;1.874996662;
0.9539909363;100;80;511.9862976;0;0;0.550000608;-5.310344932e-006;1.874994636;
1.095933914;100;80;511.9585571;0;0;0.6500115991;-3.408657676e-006;1.874996543;
1.223336101;100;80;511.9295959;0;0;0.7500143647;-1.122994945e-006;1.874998927;
1.35782671;100;80;511.8940125;0;0;0.8500120044;1.34909601e-006;1.875001311;
1.47947526;100;80;511.8580322;0;0;0.9500188828;3.801471848e-006;1.875003815;
1.607100368;100;80;511.815033;0;0;1.050020099;7.833123163e-006;1.875007868;
1.721978545;100;80;511.7724609;0;0;1.150021315;1.252575385e-005;1.875012517;
1.843289137;100;80;511.7223816;0;0;1.250024676;1.825340769e-005;1.875018239;
1.952372432;100;80;511.6735229;0;0;1.350027919;2.521373972e-005;1.875025272;
2.067535162;100;80;511.6167603;0;0;1.45003581;3.42671301e-005;1.875034213;
2.171165705;100;80;511.5616455;0;0;1.55003655;4.439166878e-005;1.875044346;
2.280510664;100;80;511.4988403;0;0;1.65005219;5.679859896e-005;1.875056744;
2.378771305;100;80;511.4380493;0;0;1.750044107;7.036594616e-005;1.875070333;
2.482424259;100;80;511.3692322;0;0;1.850043774;8.749235712e-005;1.8750875;
2.575622797;100;80;511.3030396;0;0;1.950050235;0.0001055575558;1.8751055;
2.673831701;100;80;511.2285461;0;0;2.05006671;0.0001276989351;1.875127673;
2.762075186;100;80;511.1572876;0;0;2.15005517;0.0001508209534;1.8751508;
2.855186939;100;80;511.0773926;0;0;2.250056505;0.0001790234382;1.875179052;
2.938763857;100;80;511.0012817;0;0;2.35006237;0.0002078790712;1.875207901;
3.026963711;100;80;510.9162903;0;0;2.450066566;0.0002427443978;1.87524271;
3.106223822;100;80;510.8356018;0;0;2.550080776;0.0002780272043;1.875277996;
3.189760208;100;80;510.7457886;0;0;2.650105;0.000320186693;1.875320196;
3.264890194;100;80;510.6607361;0;0;2.75007534;0.0003628789564;1.875362873;
3.344080448;100;80;510.5663452;0;0;2.850081921;0.0004132585309;1.875413299;
3.415288448;100;80;510.4772034;0;0;2.950086594;0.0004635330406;1.875463486;
3.490336657;100;80;510.378479;0;0;3.050084829;0.000522823655;1.875522852;
3.557820797;100;80;510.2854004;0;0;3.150092125;0.0005818445352;1.875581861;
3.62887764;100;80;510.1825562;0;0;3.250097036;0.0006506942445;1.875650644;
3.6927495;100;80;510.0857849;0;0;3.350095749;0.0007187984884;1.875718832;
3.760041952;100;80;509.9790649;0;0;3.450103045;0.0007979757502;1.875797987;
3.820529938;100;80;509.8788147;0;0;3.550107956;0.0008759645862;1.87587595;
3.88426733;100;80;509.7683716;0;0;3.65012908;0.0009660989745;1.875966072;
3.941564083;100;80;509.6647949;0;0;3.750108242;0.001054532593;1.876054525;
4.001954079;100;80;509.5508728;0;0;3.8501122;0.001156209735;1.876156211;
4.056257725;100;80;509.4441833;0;0;3.950116396;0.001255681855;1.876255631;
4.113503933;100;80;509.3269348;0;0;4.050122738;0.001369595528;1.876369596;
4.164993763;100;80;509.2172546;0;0;4.150120258;0.001480632462;1.876480579;
4.21928215;100;80;509.0968933;0;0;4.250148296;0.001607532497;1.876607537;
4.268096447;100;80;508.984375;0;0;4.350129128;0.001729675219;1.876729727;
4.319615841;100;80;508.8610229;0;0;4.450130939;0.001866660779;1.876866698;
4.366615772;100;80;508.7458496;0.03906369209;0;4.550135612;0.001994321821;1.876994371;
4.428666115;100;80;508.6196289;0.1406292915;0;4.65014267;0.002127633896;1.877127647;
4.512321472;100;80;508.5014648;0.2187566757;0;4.750141144;0.002247703495;1.877247691;
4.648605347;100;80;508.3707886;0.2734458447;0;4.850146294;0.002377168974;1.877377152;
4.82781744;100;80;508.2465515;0.3046967983;0;4.950147629;0.002496922622;1.877496958;
5.089383602;100;80;508.1064453;0.4531388283;0;5.050170898;0.00262739649;1.877627373;
5.503206253;100;80;507.9701843;0.8359630108;0;5.150158405;0.00274988194;1.87774992;
6.377654552;100;80;507.8087769;0.8672139645;0;5.250163078;0.002890896751;1.877890944;
7.586607933;100;80;507.6359863;0.8672139645;0;5.350163937;0.003034977475;1.878034949;
9.092557907;100;80;507.4116821;0.7968993187;0;5.450193882;0.003212388605;1.878212333;
10.50207043;100;80;507.1670837;0.7734611034;0;5.550168037;0.003386027645;1.878386021;
12.04519558;100;80;506.8607788;0.671895504;0;5.650172234;0.003572805086;1.878572822;
13.44148827;100;80;506.5387878;0.4531388283;0;5.750174999;0.00373075204;1.878730774;
14.57421589;100;80;506.1487122;0;0;5.850183487;0.003853037953;1.878853083;
14.83486843;100;80;505.9573975;
100;80;505.7623901;0;0;5.950194836;0.003935897257;1.878935933;15.11029339;100;80;505.565033;0;0;6.000193596;0.003967372235;1.878967404;
0;6.050188541;0.003984146751;1.878984094;15.20153522;100;80;505.1316223;0;0;6.100184917;
0;6.150186539;0.003988279961;1.878988266;15.23396873;100;80;504.7276001;0;0;6.200194836;0.003971858881;
0;6.250190735;0.003946873359;1.8789469;15.11155701;100;80;504.2889099;0;0;6.300194263;
0;6.350226402;0.003866578219;1.878866553;14.92259598;100;80;503.8873901;0;0;6.400199413;0.003800304141;
0;6.450222969;0.003733392339;1.878733397;14.7547226;100;80;503.4570007;0;0;
6.550207138;0.003570416244;1.878570437;14.57497406;100;80;503.0639038;0;0;6.600205898;0.003457416315;1.878457427;
0;6.650215626;0.003350528656;1.878350496;14.40781403;100;80;502.6430054;0;
1.878109574;14.25131798;100;80;502.2590637;0.03906369209;0;6.800221443;0.002952803159;1.877952814;
0.07031464577;0;6.850212574;0.002808600198;1.877808571;14.18255711;100;80;501.847168;0.0859401226;0;6.900219917;
0.002491832944;1.877491832;14.16897678;100;80;501.468689;0.1093783379;0;7.000217915;0.002289813012;1.877289772;
0.002106315224;1.877106309;14.19634819;100;80;501.0591125;0.1406292915;0;7.10021925;
7.150224209;0.001709948061;1.876709938;14.24012184;100;80;500.6803894;0.1406292915;0;7.200246334;
0.001237163669;1.876237154;14.28562069;100;80;500.2688904;
0.0007595540374;1.875759602;14.33947372;100;80;499.8878479;0.1406292915;0;
7.450242043;0.0001973241015;1.875197291;14.3811512;100;80;499.4735718;0.09375286102;0;7.500240803;
0;7.550240993;-0.000363158324;1.874636889;14.31786537;100;80;499.09021;0;0;7.600264072;
-0.001008852501;1.873991132;14.15893555;100;80;498.677002;0;0;7.700242996;-0.001312444103;
-0.001683816197;1.873316169;13.9922657;100;80;498.2725525;0;0;7.800244808;
0;7.850246906;-0.002344665816;1.872655392;13.85042763;100;80;497.8994446;0;0;
1.871906757;13.70255184;100;80;497.4995728;0;0;8.000268936;-0.0034499662;1.871550083;
13.57148933;100;80;497.1342468;0;0;8.099261284;-0.004184419755;1.870815635;
13.43843746;100;80;496.7723694;0;0;8.199257851;-0.005011590198;1.869988441;
13.32286835;100;80;496.3840027;0;0;8.299262047;-0.00580284046;1.86919713;
13.20419979;100;80;496.0287476;0;0;8.399261475;-0.006689919624;1.868310094;
13.10011005;100;80;495.6471558;0;0;8.499277115;-0.007535789628;1.867464185;
12.99332905;100;80;495.2977905;0.03125095367;0;8.599292755;-0.00848090183;1.866519094;
12.95690155;100;80;494.9221802;0.09375286102;0;8.699307442;-0.009381365031;1.865618587;
13.00053501;100;80;494.5763245;0.14844203;0;8.799277306;-0.01039397065;1.864606023;
13.07606411;100;80;494.2004089;0.1640675068;0;8.899282455;-0.01136678271;1.863633275;
13.17056561;100;80;493.8514709;0.1796929836;0;8.999287605;-0.01246330235;1.862536669;
13.25654793;100;80;493.4709473;0.1640675068;0;9.099287987;-0.01351626217;1.861483693;
13.34983063;100;80;493.1173401;0.1796929836;0;9.199314117;-0.01470168214;1.860298276;
13.4499855;100;80;492.7316589;0.2187566757;0;9.299297333;-0.015838027;1.859161973;
13.57977676;100;80;492.3728333;0.2343821526;0;9.399298668;-0.01711835153;1.857881665;
13.71529865;100;80;491.9804993;0.2500076294;0;9.49930954;-0.01834755205;1.856652498;
13.87133598;100;80;491.6146545;0.2656331062;0;9.599311829;-0.0197332222;1.855266809;
14.01686287;100;80;491.2139893;0.2500076294;0;9.699337006;-0.02106389776;1.853936076;
14.16611481;100;80;490.8401489;0.2500076294;0;9.799316406;-0.02256097831;1.852439046;
14.31192493;100;80;490.4310303;0.2656331062;0;9.899317741;-0.02399710193;1.851002932;
14.47462845;100;80;490.0492859;0.2656331062;0;9.999341965;-0.02561250329;1.849387527;
14.62713528;100;80;489.6312561;0.2734458447;0;10.09932232;-0.02716014348;1.847839832;
14.79497242;100;80;489.2411499;0.2734458447;0;10.19933224;-0.02890042961;1.846099615;
14.96140957;100;80;488.8138733;0.3046967983;0;10.29932976;-0.03056786768;1.844432116;
15.17671299;100;80;488.4147949;0.3750114441;0;10.399333;-0.03244388849;1.842556119;
15.41974068;100;80;487.9763184;0.3828241825;0;10.4993372;-0.0342476517;1.840752363;
15.70003796;100;80;487.5648804;0.4140751362;0;10.59936523;-0.03628535196;1.8387146;
15.98638439;100;80;487.1114502;0.4531388283;0;10.69935513;-0.03824819252;1.836751819;
16.34408951;100;80;486.6848755;0.4922025204;0;10.79939461;-0.04047262669;1.834527373;
16.69750977;100;80;486.2127686;0.5078279972;0;10.89938927;-0.04262200743;1.83237803;
17.08189583;100;80;485.7672729;0.5078279972;0;10.99936104;-0.04506094754;1.829939008;
17.43623924;100;80;485.2741089;0.5078279972;0;11.09937286;-0.04741707444;1.827582955;
17.88415337;100;80;484.8089294;0.6015808582;0;11.19939995;-0.05009220168;1.82490778;
18.32478714;100;80;484.2923889;0.5937681198;0;11.299366;-0.05268764496;1.822312355;
18.79398727;100;80;483.8034973;0.5937681198;0;11.3993721;-0.05563712493;1.819362879;
19.20818901;100;80;483.2610168;0.5468916893;0;11.49938393;-0.05849257484;1.816507459;
19.60476875;100;80;482.7487793;0.5937681198;0;11.59937668;-0.06148996204;1.81351006;
20.10136223;100;80;482.1789856;0.6328318119;0;11.69938755;-0.06485843658;1.810141563;
20.61672592;100;80;481.6453857;0.6484572887;0;11.79937649;-0.06841788441;1.806582093;
21.10339737;100;80;481.0501099;0.6484572887;0;11.89939117;-0.07186365128;1.803136349;
21.62507439;100;80;480.4872437;0.6328318119;0;11.99938393;-0.07577745616;1.799222589;
22.10975266;100;80;479.8508301;0.6328318119;0;12.09938908;-0.07964213938;1.795357823;
22.58527946;100;80;479.2611389;0.6328318119;0;12.19942188;-0.08360001445;1.791399956;
23.10123444;100;80;478.6080017;0.6484572887;0;12.29939556;-0.08808723092;1.786912799;
23.59170532;100;80;477.9918518;0.6484572887;0;12.39940929;-0.09241851419;1.782581449;
24.12616539;100;80;477.3095703;0.6484572887;0;12.499403;-0.09732679278;1.777673244;
24.61178017;100;80;476.6661072;0.6015808582;0;12.59940434;-0.1020617411;1.772938251;
25.14340782;100;80;475.9546814;0.484389782;0;12.69941616;-0.1074160188;1.767583966;
25.59370804;100;80;475.2841492;0.429700613;0;12.79941559;-0.1125790328;1.762421012;
25.96114922;100;80;474.5446472;0.4140751362;0;12.89941692;-0.1183842272;1.756615758;
26.24509239;100;80;473.8529053;0.4140751362;0;12.99942493;-0.1239322573;1.751067758;
26.48672485;100;80;473.0947571;0.4140751362;0;13.09942532;-0.1301433444;1.744856596;
26.66120148;100;80;472.388855;0.4140751362;0;13.19942951;-0.136046499;1.738953471;
26.85007286;100;80;471.6188354;0.4140751362;0;13.29943943;-0.1426309645;1.732369065;
27.02370071;100;80;470.9029541;0.3984496593;0;13.3994379;-0.1488861144;1.726113915;
27.20973969;100;80;470.1222229;0.4140751362;0;13.49946117;-0.1558566093;1.719143391;
27.38418388;100;80;469.396759;0.4140751362;0;13.59944057;-0.1624724865;1.712527514;
27.57335472;100;80;468.6054993;0.4140751362;0;13.69946575;-0.169840008;1.705160022;
27.74773216;100;80;467.8702698;0.4140751362;0;13.79947186;-0.1768282354;1.698171735;
27.93640137;100;80;467.068512;0.4140751362;0;13.89945698;-0.1846054047;1.69039464;
28.09767151;100;80;466.3236084;0.3593859673;0;13.99945354;-0.1919751763;1.683024883;
28.24838257;100;80;465.5118713;0.3593859673;0;14.09945679;-0.2001616955;1.674838305;
28.3871479;100;80;464.7586975;0.3593859673;0;14.19945908;-0.2079075575;1.667092443;
28.53808784;100;80;463.9385071;0.3593859673;0;14.29948425;-0.2165064365;1.658493519;
28.67713547;100;80;463.1775513;0.3593859673;0;14.39946651;-0.2246365696;1.650363445;
28.82724571;100;80;462.348999;0.3593859673;0;14.49947834;-0.233655706;1.641344309;
28.96567345;100;80;461.5803223;0.3593859673;0;14.59947205;-0.2421784103;1.63282156;
29.11555099;100;80;460.7434082;0.3593859673;0;14.69948101;-0.2516280413;1.623371959;
29.28154182;100;80;459.967041;0.3593859673;0;14.79947853;-0.260556221;1.614443779;
29.49009895;100;80;459.1207581;0.3593859673;0;14.89948082;-0.2704697251;1.604530334;
29.66045952;100;80;458.3342896;0.3593859673;0;14.99964809;-0.2798388302;1.5951612;
29.82515144;100;80;457.477417;0.3593859673;0;15.09949207;-0.290222466;1.584777474;
29.94976807;100;80;456.6821899;0.3437604904;0;15.1994915;-0.3000198007;1.574980259;
30.05282593;100;80;455.8170776;0.3281350136;0;15.2994976;-0.3109044731;1.564095497;
30.14186668;100;80;455.0158997;0.3437604904;0;15.39950085;-0.321051985;1.553948045;
30.2410183;100;80;454.1451416;0.3437604904;0;15.4995079;-0.3323223591;1.542677641;
30.33287048;100;80;453.3387756;0.3281350136;0;15.59950733;-0.3429311514;1.532068849;
30.42975998;100;80;452.4625244;0.3281350136;0;15.69953156;-0.3546468318;1.520353198;
30.52219582;100;80;451.6511536;0.3281350136;0;15.79951286;-0.3656686544;1.509331346;
30.62042809;100;80;450.7694092;0.3281350136;0;15.8995409;-0.3778937161;1.497106314;
30.70962715;100;80;449.9529724;0.3281350136;0;15.99951839;-0.389300853;1.485699177;
30.8056469;100;80;449.0657959;0.3281350136;0;16.09952354;-0.401760608;1.473239422;
30.89517212;100;80;448.2401123;0.3281350136;0;16.19952583;-0.4133326709;1.461667299;
30.99603653;100;80;447.3475647;0.3437604904;0;16.29953384;-0.4256220758;1.449377894;
31.09913635;100;80;446.5210571;0.3750114441;0;16.39953613;-0.4368151128;1.438184857;
31.21824455;100;80;445.6225281;0.3750114441;0;16.49956512;-0.4487896264;1.426210403;
31.3279438;100;80;444.7901001;0.3750114441;0;16.59954262;-0.4596969485;1.415303111;
31.44647598;100;80;443.8850098;0.3750114441;0;16.69956398;-0.4713528752;1.403647184;
31.55598259;100;80;443.0464783;0.3750114441;0;16.7995472;-0.4819622934;1.393037677;
31.67453575;100;80;442.1347961;0.3750114441;0;16.89956284;-0.4932918549;1.381708145;
31.78377724;100;80;441.2901917;0.3750114441;0;16.99955559;-0.5035963655;1.371403575;
31.90202713;100;80;440.3719177;0.3750114441;0;17.09955215;-0.514590323;1.360409737;
32.01111603;100;80;439.5212708;0.3750114441;0;17.19956398;-0.5245810151;1.350418925;
32.12914276;100;80;438.5964355;0.3750114441;0;17.29956436;-0.5352312922;1.339768648;
32.24025345;100;80;437.7396851;0.3828241825;0;17.39956856;-0.5449008942;1.330099106;
32.36200333;100;80;436.8082275;0.3828241825;0;17.49957275;-0.5551998019;1.319800258;
32.47902298;100;80;435.945282;0.3984496593;0;17.59957695;-0.5645417571;1.310458302;
32.60831833;100;80;435.0068665;0.3984496593;0;17.69958496;-0.5744839907;1.300516009;
32.73000336;100;80;434.1373596;0.4140751362;0;17.79960632;-0.5834947228;1.291505218;
32.86807632;100;80;433.1916809;0.429700613;0;17.89959335;-0.5930741429;1.281925797;
32.99551392;100;80;432.3152161;0.4140751362;0;17.99959755;-0.6017478108;1.27325213;
33.13193893;100;80;431.3618774;0.4140751362;0;18.09962273;-0.6109578013;1.264042258;
33.25877762;100;80;430.4783936;0.4140751362;0;18.19959259;-0.6192851067;1.255714893;
33.39539719;100;80;429.5174866;0.4140751362;0;18.29960632;-0.6281131506;1.246886849;
33.52108383;100;80;428.6269531;0.4140751362;0;18.39960098;-0.6360843182;1.238915682;
33.65710831;100;80;427.6584473;0.4140751362;0;18.49960136;-0.6445221901;1.23047781;
33.7825737;100;80;426.7609558;0.4140751362;0;18.59960365;-0.652126193;1.222873807;
33.91844559;100;80;425.7848816;0.4140751362;0;18.69961739;-0.6601625085;1.214837432;
34.04373932;100;80;424.8804321;0.4140751362;0;18.79961395;-0.6673914194;1.207608581;
34.17935562;100;80;423.8968201;0.4140751362;0;18.89962387;-0.6750136018;1.199986458;
34.30448151;100;80;422.9853821;0.4140751362;0;18.99964333;-0.6818569303;1.19314301;
34.43878937;100;80;421.9942322;0.3984496593;0;19.09962845;-0.6890572309;1.185942769;
34.55746841;100;80;421.0758972;0.3828241825;0;19.19962883;-0.6955035925;1.179496408;
34.68502426;100;80;420.0774841;0.4375133514;0;19.29963112;-0.7022666931;1.172733307;
34.81975937;100;80;419.1525574;0.4375133514;0;19.3996315;-0.708306253;1.166693807;
34.96665192;100;80;418.1464233;0.4375133514;0;19.49967384;-0.7146289349;1.160371065;
35.10197449;100;80;417.2139893;0.4375133514;0;19.5996418;-0.7202570438;1.154742956;
35.24848938;100;80;416.1997681;0.4375133514;0;19.69964218;-0.7261273861;1.148872614;
35.38386154;100;80;415.2597961;0.4375133514;0;19.79964638;-0.731333971;1.143666029;
35.53032684;100;80;414.2374573;0.4375133514;0;19.89965439;-0.736740768;1.138259172;
35.66640472;100;80;413.289978;0.4531388283;0;19.99966812;-0.7415146828;1.133485317;
35.82036591;100;80;412.2594299;0.4531388283;0;20.09966278;-0.7464475632;1.128552437;
35.96037674;100;80;411.3041687;0.4375133514;0;20.19966698;-0.7507783771;1.124221563;
36.10638809;100;80;410.2651672;0.4375133514;0;20.29966736;-0.7552262545;1.119773746;
36.24573517;100;80;409.3023376;0.4375133514;0;20.39969063;-0.7591027617;1.115897298;
36.39239502;100;80;408.2550659;0.4375133514;0;20.49967575;-0.7630515099;1.11194849;
36.53233719;100;80;407.2846069;0.4531388283;0;20.59967613;-0.7664619684;1.108538032;
36.6860466;100;80;406.2290344;0.4531388283;0;20.69967842;-0.7699011564;1.105098844;
36.82732391;100;80;405.2507019;0.4375133514;0;20.7996788;-0.7728355527;1.102164388;
36.97842789;100;80;404.1866455;0.4531388283;0;20.89968872;-0.775752306;1.099247694;
37.12000275;100;80;403.2005615;0.4531388283;0;20.99971581;-0.7781996727;1.096800327;
37.2733078;100;80;402.1279907;0.4531388283;0;21.09971809;-0.7805816531;1.094418406;
37.41471863;100;80;401.1340332;0.4531388283;0;21.19969749;-0.7825286388;1.092471361;
37.56622314;100;80;400.0529785;0.4375133514;0;21.29969597;-0.7843632698;1.09063673;
37.70468903;100;80;399.0512085;0.4531388283;0;21.3997097;-0.7857996225;1.089200377;
37.85764313;100;80;397.961792;0.4531388283;0;21.49970245;-0.7870736718;1.087926269;
37.99874496;100;80;396.9522095;0.4531388283;0;21.59971046;-0.787986815;1.087013125;
38.15140152;100;80;395.8542786;0.4531388283;0;21.69973946;-0.7886878848;1.086312056;
38.29224396;100;80;394.8368835;0.4531388283;0;21.79972076;-0.7890663147;1.085933685;
38.44184113;100;80;393.7518005;0.4531388283;0;21.89972878;-0.7891818881;1.085818172;
38.59420776;100;80;392.7266846;0.4531388283;0;21.99971962;-0.7889932394;1.086006761;
38.73482132;100;80;391.6118774;0.4531388283;0;22.09972382;-0.7885408998;1.086459041;
38.88701248;100;80;390.5789185;0.4531388283;0;22.19973183;-0.7877472043;1.087252736;
39.02742767;100;80;389.455658;0.4531388283;0;22.29973221;-0.786729753;1.088270187;
39.17945099;100;80;388.414917;0.4531388283;0;22.39974594;-0.7853162289;1.089683771;
39.31967926;100;80;387.2832031;0.4531388283;0;22.49974251;-0.7837225795;1.09127748;
39.46916199;100;80;386.2346802;0.4375133514;0;22.59976387;-0.7816774249;1.093322515;
39.60164642;100;80;385.0946045;0.4375133514;0;22.69974518;-0.7794939876;1.095506072;
39.74873734;100;80;384.0385437;0.4531388283;0;22.79974937;-0.7768048644;1.098195195;
39.88307571;100;80;382.8904114;0.4375133514;0;22.89977646;-0.7740206718;1.100979328;
40.02889633;100;80;381.8268433;0.4531388283;0;22.99975586;-0.7706745863;1.104325414;
40.16851425;100;80;380.6705933;0.4531388283;0;23.09976196;-0.7672774196;1.107722521;
40.31420898;100;80;379.5993958;0.4375133514;0;23.19976616;-0.7632594109;1.111740589;
40.4458847;100;80;378.4349365;0.4375133514;0;23.29976845;-0.7592374682;1.115762472;
40.58981323;100;80;377.3563538;
40.73970032;100;80;376.1838684;
-0.7474321127;1.127567887;40.891716;100;80;375.0973816;0.3828241825;0;23.59977722;-0.7444796562;
-0.7418639064;1.133136034;41.01557159;100;80;373.9162598;0.3828241825;0;23.6997757;
0;23.74978256;-0.7363985777;1.138601422;41.13486481;100;80;372.8226013;0.3984496593;0;23.79980659;-0.7330667973;
23.84980774;-0.7301257253;1.144874334;41.2225914;100;80;371.6344604;0.3828241825;
23.94982338;-0.7240069509;1.150993109;41.30329132;100;80;370.5353088;0.3828241825;0;23.9997921;-0.7202926874;
24.04982185;-0.7170242667;1.157975793;41.37693024;100;80;369.3422852;0.3750114441;0;24.09981537;-0.7136765718;
0;24.14979744;-0.7102493644;1.164750695;41.45471573;100;80;368.2389526;0.3750114441;0;24.19979477;
0;24.24980164;-0.7025503516;1.172449589;41.52777863;100;80;367.0415039;0.3828241825;0;24.29979897;
-0.695109725;1.179890275;41.60736847;100;80;365.9341125;0.3828241825;0;24.39981079;-0.6906216145;
0;24.4498024;-0.6866872907;1.18831265;41.67967224;100;80;364.7322388;0.3828241825;0;24.49981308;-0.6826714277;1.192328572;
24.54983139;-0.6785775423;1.196422458;41.75930405;100;80;363.6207886;0.3828241825;0;24.59981537;-0.6737132072;
0;24.64981461;-0.6694602966;1.205539703;41.83314133;100;80;362.4145203;0.3828241825;0;24.69982147;-0.6651332378;
24.74981499;-0.6607605219;1.214239478;41.91303253;100;80;361.2989807;0.3828241825;0;24.79982567;-0.6556328535;
1.223772049;41.98673248;100;80;360.0882568;0.3828241825;0;24.89982033;
0;24.94982338;-0.6423977613;1.232602239;42.06651688;100;80;358.9686279;0.3828241825;0;24.99982262;-0.6372331977;
1.242213368;42.13928986;100;80;357.753479;0.3750114441;0;25.09982491;-0.628329277;
0;25.14982796;-0.623865366;1.251134634;42.21624374;100;80;356.6297607;0.3750114441;0;25.19983292;-0.6187098026;
0.3828241825;0;25.24984169;-0.6141443849;1.260855675;42.28878403;100;80;355.4219971;0.3828241825;0;25.29983521;-0.6095023751;
42.36801529;100;80;354.2943115;0.3828241825;
42.4406395;100;80;353.0704651;
42.51979446;100;80;351.9387207;0.3828241825;0;25.59886742;-0.5782068372;1.296793103;
42.59157944;100;80;350.7104797;0.3750114441;0;25.698843;-0.5676247478;1.307375312;
42.66803741;100;80;349.5747375;0.3750114441;0;25.79885101;-0.5557763577;1.319223642;
42.73851395;100;80;348.3422241;0.3750114441;0;25.89885521;-0.5444815755;1.330518484;
42.81483459;100;80;347.2025452;0.3750114441;0;25.99887466;-0.5318582654;1.343141794;
42.88521957;100;80;345.9658203;0.3750114441;0;26.09885979;-0.5198452473;1.355154753;
42.96144485;100;80;344.8222351;0.3828241825;0;26.19887352;-0.506439209;1.368560791;
43.03356171;100;80;343.5812378;0.3828241825;0;26.29886818;-0.493701607;1.381298423;
43.1123085;100;80;342.4337158;0.3828241825;0;26.39886856;-0.4795165658;1.395483375;
43.1851387;100;80;341.188385;0.3828241825;0;26.49887276;-0.4661278725;1.408872128;
43.26383209;100;80;340.0368347;0.3828241825;0;26.59887314;-0.4514479637;1.423552036;
43.3354454;100;80;338.7871399;0.3828241825;0;26.69887924;-0.4381752014;1.436824799;
43.41352463;100;80;337.6315613;0.3750114441;0;26.79890823;-0.4247488081;1.450251222;
43.48404312;100;80;336.377533;0.3750114441;0;26.8989048;-0.4134167135;1.461583257;
43.56022644;100;80;335.2179871;0.3828241825;0;26.99891472;-0.4023337066;1.472666264;
43.6324501;100;80;333.9596863;0.3828241825;0;27.09892082;-0.393237859;1.481762171;
43.71085358;100;80;332.7961426;0.3828241825;0;27.19889832;-0.3846279681;1.490372062;
43.78295517;100;80;331.5334778;0.3828241825;0;27.2989006;-0.3777877688;1.497212291;
43.86041641;100;80;330.3659363;0.3828241825;0;27.3989296;-0.3715537786;1.503446221;
43.93227005;100;80;329.098938;0.3828241825;0;27.49893951;-0.3666261733;1.508373857;
44.0104599;100;80;327.9273987;0.3828241825;0;27.59892464;-0.3619672358;1.513032794;
44.08222198;100;80;326.6560669;0.3828241825;0;27.69891167;-0.3582735956;1.516726375;
44.16018677;100;80;325.4805298;0.3828241825;0;27.79891586;-0.3549177647;1.520082235;
44.23218918;100;80;324.204895;0.3828241825;0;27.89892006;-0.3524078727;1.522592068;
44.31016159;100;80;323.0253601;0.3828241825;0;27.9989357;-0.3503291905;1.524670839;
44.382061;100;80;321.7453613;0.3828241825;0;28.09895325;-0.3490042686;1.525995731;
44.45988846;100;80;320.5618286;0.3828241825;0;28.19897461;-0.3482148051;1.526785254;
44.53165436;100;80;319.2774963;0.3828241825;0;28.29897118;-0.348085165;1.526914835;
44.60939026;100;80;318.0899963;0.3828241825;0;28.39893723;-0.3485975266;1.526402473;
44.68106461;100;80;316.8013306;0.3828241825;0;28.49895096;-0.3496769369;1.525323033;
44.75862885;100;80;315.6098328;0.3828241825;0;28.5989666;-0.3515044749;1.523495555;
44.83022308;100;80;314.3168945;0.3828241825;0;28.698946;-0.3538030386;1.521196961;
44.90737534;100;80;313.1214294;0.3750114441;0;28.79896164;-0.3569582701;1.51804173;
44.97296524;100;80;311.8241882;0.3281350136;0;28.89895821;-0.360488832;1.514511228;
45.01449966;100;80;310.6249695;0.1796929836;0;28.99895859;-0.3649830818;1.510016918;
45.01186371;100;80;309.3247375;0;0;29.09895706;-0.3697474897;1.505252481;
44.95506668;100;80;308.1246643;0;0;29.19896317;-0.3755739629;1.499426007;
44.89646912;100;80;306.8261414;0;0;29.29898262;-0.3815651238;1.493434906;
44.84395981;100;80;305.6289978;0;0;29.398983;-0.3887205124;1.486279488;
44.79573822;100;80;304.3335266;0;0;29.49897385;-0.3959082663;1.479091763;
44.73865509;100;80;303.1390686;0;0;29.59898186;-0.404297322;1.470702648;
