sep=;
unknown1; unknown2; currentSpeed; currentLimit; nextLimit; distance; gaspedal; brakepedal; timestamp


0.3024135828;100;80;512.0557861;0;0;0.09997397661;-1.891086868e-005;1.874981046;
0.4596666396;100;80;512.0461426;0;0;0.1999808103;-1.768158654e-005;1.874982357;
0.6220860481;100;80;512.0333252;0;0;0.2999881506;-1.078417699e-005;1.874989271;
0.7635415196;100;80;512.0157471;0;0;0.3999888003;-1.07160422e-005;1.874989271;
0.9102863669;100;80;511.995697;0;0;0.4999992251;-1.39475178e-005;1.874986053;
1.042463422;100;80;511.9696655;0;0;0.6000019312;-1.588208215e-005;1.874984145;
1.181897521;100;80;511.9419861;0;0;0.7000015974;-1.606147998e-005;1.874983907;
1.307173371;100;80;511.9081116;0;0;0.8000063896;-1.67361668e-005;1.874983311;
1.439471126;100;80;511.8733215;0;0;0.9000188112;-1.766123023e-005;1.874982357;
1.558446288;100;80;511.8319397;0;0;1.000012875;-1.881826211e-005;1.874981165;
1.683989048;100;80;511.7904358;0;0;1.100024223;-1.945952135e-005;1.874980569;
1.797014713;100;80;511.7419739;0;0;1.200023413;-2.038238563e-005;1.874979615;
1.916319489;100;80;511.6940918;0;0;1.300029159;-2.115395182e-005;1.8749789;
2.023620367;100;80;511.6388855;0;0;1.400034547;-2.199996379e-005;1.874977946;
2.136893988;100;80;511.5849609;0;0;1.500035644;-2.240289359e-005;1.874977589;
2.238814354;100;80;511.5233765;0;0;1.600040913;-2.300852248e-005;1.874976993;
2.346301794;100;80;511.4636841;0;0;1.700068831;-2.34983163e-005;1.874976516;
2.442875147;100;80;511.3960571;0;0;1.80004847;-2.376239536e-005;1.874976277;
2.544831038;100;80;511.3309326;0;0;1.900076866;-2.400362428e-005;1.874976039;
2.63640213;100;80;511.2575378;0;0;2.000068665;-2.413395123e-005;1.87497592;
2.732905626;100;80;511.1872559;0;0;2.100067377;-2.42229471e-005;1.874975801;
2.819694042;100;80;511.108429;0;0;2.200066566;-2.447280167e-005;1.874975562;
2.91114831;100;80;511.0332642;0;0;2.300071716;-2.443936319e-005;1.874975562;
2.99332118;100;80;510.9492798;0;0;2.400074959;-2.422295438e-005;1.874975801;
3.080029964;100;80;510.8694763;0;0;2.500107527;-2.418183249e-005;1.874975801;
3.15788722;100;80;510.7806091;0;0;2.600093842;-2.405524356e-005;1.87497592;
3.240069628;100;80;510.6964417;0;0;2.700109959;-2.372833842e-005;1.874976277;
3.313875675;100;80;510.6029358;0;0;2.800118685;-2.346889778e-005;1.874976516;
3.391754389;100;80;510.5145874;0;0;2.900104523;-2.312039578e-005;1.874976873;
3.461732149;100;80;510.416687;0;0;3.000115395;-2.272115671e-005;1.874977231;
3.535525322;100;80;510.3244019;0;0;3.100131512;-2.205129931e-005;1.874977946;
3.601793528;100;80;510.2223511;0;0;3.200129032;-2.188930921e-005;1.874978065;
3.671647549;100;80;510.1263123;0;0;3.300116539;-2.119958481e-005;1.874978781;
3.734401941;100;80;510.0203552;0;0;3.400118113;-2.05254546e-005;1.874979496;
3.80053997;100;80;509.9207764;0;0;3.50015378;-1.991809768e-005;1.874980092;
3.859960556;100;80;509.8110657;0;0;3.600128651;-1.932009945e-005;1.874980688;
3.922628164;100;80;509.7081604;0;0;3.70013237;-1.835670082e-005;1.874981642;
3.97892499;100;80;509.5949097;0;0;3.800182819;-1.763589171e-005;1.874982357;
4.038315296;100;80;509.4888306;0;0;3.900192261;-1.663280455e-005;1.874983311;
4.091669083;100;80;509.3722229;0;0;4.000148296;-1.585549944e-005;1.874984145;
4.147972584;100;80;509.2631226;0;0;4.100149155;-1.477177102e-005;1.874985218;
4.198562145;100;80;509.1433716;0;0;4.200157642;-1.350766888e-005;1.874986529;
4.251987934;100;80;509.0314331;0;0;4.300161839;-1.262860405e-005;1.874987364;
4.29997015;100;80;508.9086609;0;0;4.40016222;-1.155113659e-005;1.874988437;
4.350602627;100;80;508.7940063;0;0;4.500167847;-1.011330187e-005;1.874989867;
4.3961339;100;80;508.6683655;0;0;4.600170135;-8.819077266e-006;1.874991179;
4.444110394;100;80;508.5511475;0;0;4.700184345;-7.357508821e-006;1.874992609;
4.487247467;100;80;508.422821;0;0;4.800200462;-6.180026048e-006;1.874993801;
4.532669067;100;80;508.3031921;0;0;4.900210381;-4.736629307e-006;1.874995232;
4.573464394;100;80;508.1723022;0;0;5.000188828;-3.131857284e-006;1.874996901;
4.61645031;100;80;508.050354;0;0;5.100206852;-1.516331281e-006;1.87499845;
4.654995918;100;80;507.9170227;0;0;5.200201035;5.893909361e-009;1.875;
4.695577145;100;80;507.7929077;0;0;5.300236702;1.747301212e-006;1.875001788;
4.731956959;100;80;507.6573181;0;0;5.400226116;3.416476147e-006;1.875003457;
4.770222187;100;80;507.5311279;0;0;5.500224113;5.283660357e-006;1.875005245;
4.804549694;100;80;507.3933716;0;0;5.600226402;7.054170055e-006;1.875007033;
4.840717316;100;80;507.2652588;0;0;5.700217724;9.186255738e-006;1.875009179;
4.87321043;100;80;507.1254578;0;0;5.800227642;1.10446299e-005;1.875011086;
4.907475948;100;80;506.9955139;0;0;5.900227547;1.297898598e-005;1.875012994;
4.9383564;100;80;506.8531189;0;0;6.000261784;1.507046727e-005;1.87501502;
4.970385075;100;80;506.7221069;0;0;6.100244522;1.726861228e-005;1.875017285;
4.999475002;100;80;506.5799561;0;0;6.200242996;1.947498822e-005;1.875019431;
5.029977798;100;80;506.4354858;0;0;6.300244331;2.171062079e-005;1.875021696;
5.057640076;100;80;506.3006592;0;0;6.400286674;2.395065349e-005;1.875023961;
5.086630344;100;80;506.154541;0;0;6.500254631;2.637774924e-005;1.875026345;
5.112618446;100;80;506.0188904;0;0;6.599266052;2.860820859e-005;1.87502861;
5.13994503;100;80;505.8825684;0;0;6.699262619;3.130440018e-005;1.875031352;
5.164422512;100;80;505.7341003;0;0;6.799280643;3.380607086e-005;1.875033855;
5.190150261;100;80;505.5963745;0;0;6.899273396;3.63460822e-005;1.875036359;
5.213149071;100;80;505.4464722;0;0;6.99927187;3.896073031e-005;1.875038981;
5.23730278;100;80;505.3074646;0;0;7.099280834;4.178890595e-005;1.875041842;
5.258916855;100;80;505.156189;0;0;7.199285984;4.435776646e-005;1.875044346;
5.281555653;100;80;505.0159607;0;0;7.299285412;4.736480696e-005;1.875047326;
5.301794052;100;80;504.8634033;0;0;7.399292469;5.014296403e-005;1.875050187;
5.323060989;100;80;504.7220459;0;0;7.499312878;5.308343316e-005;1.875053048;
5.362141132;100;80;504.4258423;0;0;7.699306488;5.915264046e-005;1.875059128;
5.380066872;100;80;504.2709656;0;0;7.799313068;6.203145313e-005;1.875061989;
5.398910046;100;80;504.1274719;0;0;7.899328709;6.525332719e-005;1.875065207;
5.4157691;100;80;503.9715271;0;0;7.999318123;6.839896378e-005;1.875068426;
5.43347311;100;80;503.8271179;0;0;8.099378586;7.175281644e-005;1.875071764;
5.449328423;100;80;503.670166;0;0;8.199333191;7.485002425e-005;1.875074863;
5.466005325;100;80;503.5248718;0;0;8.299349785;7.841378829e-005;1.87507844;
5.480900764;100;80;503.3669739;0;0;8.399335861;8.15740932e-005;1.875081539;
5.49656105;100;80;503.2208252;0;0;8.499355316;8.507199527e-005;1.875085115;
5.510577202;100;80;503.0620422;0;0;8.599344254;8.852933388e-005;1.875088573;
5.525331974;100;80;502.9151001;0;0;8.699350357;9.227963164e-005;1.875092268;
5.538514614;100;80;502.7554932;0;0;8.79938221;9.561976185e-005;1.875095606;
5.552378178;100;80;502.6078186;0;0;8.899392128;9.960211173e-005;1.875099659;
5.564795017;100;80;502.4474182;0;0;8.999394417;0.0001032542059;1.875103235;
5.577867985;100;80;502.2990417;0;0;9.099369049;0.000107000611;1.87510705;
5.589556694;100;80;502.1379089;0;0;9.199370384;0.0001105718329;1.875110626;
5.595276833;100;80;502.0634155;0;0;9.249372482;0.0001124784103;1.875112534;
5.607404232;100;80;501.9017639;0;0;9.349385262;0.0001166737638;1.875116706;
5.618267536;100;80;501.7522583;0;0;9.449383736;0.0001204610671;1.875120521;
5.629689693;100;80;501.5899353;0;0;9.549388885;0.00012456275;1.875124574;
5.639935017;100;80;501.4397888;0;0;9.649391174;0.0001284379687;1.875128388;
5.650735378;100;80;501.2768555;0;0;9.749394417;0.0001326969796;1.87513268;
5.660395145;100;80;501.1261902;0;0;9.849395752;0.0001367750519;1.875136733;
5.670564651;100;80;500.9626465;0;0;9.949419022;0.0001410099503;1.875141025;
5.679682732;100;80;500.8114319;0;0;10.0494194;0.0001450978889;1.875145078;
5.689305305;100;80;500.6473389;0;0;10.14940834;0.000149685322;1.875149727;
5.697937012;100;80;500.495636;0;0;10.24941349;0.0001538016368;1.87515378;
5.707005978;100;80;500.3310242;0;0;10.34943199;0.0001584152924;1.875158429;
5.715147972;100;80;500.178833;0;0;10.44948673;0.0001627240563;1.875162721;
5.723726749;100;80;500.0137024;0;0;10.54948235;0.0001674861705;1.875167489;
5.73144722;100;80;499.861084;0;0;10.6494379;0.0001717189443;1.875171661;
5.739545345;100;80;499.6954956;0;0;10.74944592;0.0001764764893;1.87517643;
5.74681282;100;80;499.54245;0;0;10.84948158;0.0001811312541;1.875181079;
5.602479935;100;80;499.3764038;0;100;10.94947243;0.0002932158241;1.875293255;
3.270102501;100;80;499.2330322;0;100;11.04944992;0.0002794046304;1.875279427;
1.373782158;100;80;499.1482239;0;100;11.14945507;0.001715786057;1.876715779;
0.1202770248;100;80;499.1092529;0;100;11.24946022;0.002591691911;1.877591729;
-0.1028528512;100;80;499.0995789;0;100;11.34946251;0.00292396103;1.877923965;
-0.060792014;100;80;499.0996399;0;100;11.44948006;0.002853593789;1.877853632;
0.004274622072;100;80;499.0993347;0;100;11.54947281;0.002669072011;1.877669096;
0.01866649091;100;80;499.0989075;0;100;11.6494751;0.002603916219;1.877603889;
0.004003410693;100;80;499.0984802;0;100;11.74947834;0.002660819096;1.877660871;
0.0001520993101;100;80;499.0982056;0;100;11.84948254;0.002695640316;1.87769568;
0.003437786829;100;80;499.098053;0;100;11.94949055;0.002680807607;1.877680779;
0.002492475091;100;80;499.0979614;0;100;12.04949665;0.002663111314;1.877663136;
0.0004049531126;100;80;499.0978699;0;100;12.1495018;0.002660671482;1.877660632;
0.0004312563979;100;80;499.0978088;0;100;12.24950123;0.002663839608;1.877663851;
0.0006499002338;100;80;499.0977783;0;100;12.34951878;0.002663749037;1.877663732;
0.0003737641382;100;80;499.0977783;0;100;12.44954491;0.002661230741;1.877661228;
0.00010642095;100;80;499.0977478;0;100;12.54953957;0.002660159022;1.877660155;
0.0001062235242;100;80;499.0977478;0;100;12.64952087;0.002660428174;1.877660394;
9.298350778e-005;100;80;499.0977478;0;100;12.74952507;0.002660503378;1.877660513;
0.0001203647553;100;80;499.0977173;0;100;12.84956741;0.002660026075;1.877660036;
5.019867604e-005;100;80;499.0977173;0;100;12.94953918;0.00265935692;1.877659321;
-1.881620301e-005;100;80;499.0977173;0;100;13.04953384;0.002660230966;1.877660275;
-3.466105773e-005;100;80;499.0977173;0;100;13.14953613;0.002660530852;1.877660513;
7.132632163e-005;100;80;499.0977173;0;100;13.24955273;0.002659411868;1.87765944;
3.283664773e-005;100;80;499.0977173;0;100;13.3495512;0.00265963003;1.877659678;
-3.574798393e-005;100;80;499.0977173;0;100;13.44956303;0.002659866819;1.877659917;
8.611693374e-006;100;80;499.0977173;0;100;13.54956055;0.002659313614;1.877659321;
-4.197811722e-005;100;80;499.0977173;0;100;13.64958286;0.002660054481;1.877660036;
5.379500362e-005;100;80;499.0977173;0;100;13.74958229;0.002659436082;1.87765944;
-1.901084761e-005;100;80;499.0977173;0;100;13.84957027;0.002659401391;1.87765944;
-3.974425272e-005;100;80;499.0977173;0;100;13.94957924;0.002659975318;1.877659917;
-1.326081929e-005;100;80;499.0977173;0;100;14.04959679;0.002659940394;1.877659917;
6.221676449e-005;100;80;499.0977173;0;100;14.14960957;0.002659199061;1.877659202;
-6.177894829e-005;100;80;499.0977173;0;100;14.24958992;0.002659645164;1.877659678;
1.622992568e-005;100;80;499.0977173;0;100;14.34958935;0.002659389982;1.87765944;
-5.783437155e-005;100;80;499.0977173;0;100;14.44960022;0.002660148079;1.877660155;
3.616626782e-005;100;80;499.0977173;0;100;14.54960442;0.002659177175;1.877659202;
8.048483869e-005;100;80;499.0977173;0;100;14.64966393;0.002659665421;1.877659678;
-8.47907213e-005;100;80;499.0977173;0;100;14.7496109;0.002659781836;1.877659798;
-3.326633669e-005;100;80;499.0977173;0;100;14.84963799;0.002660192782;1.877660155;
3.138879765e-005;100;80;499.0977173;0;100;14.94963074;0.00265979697;1.877659798;
5.973204679e-005;100;80;499.0977173;0;100;15.04962349;0.002659445629;1.87765944;
2.563642374e-005;100;80;499.0977173;0;100;15.14962959;0.002659215592;1.877659202;
-5.102658906e-005;100;80;499.0977173;0;100;15.24963379;0.002659265185;1.877659321;
2.966825741e-005;100;80;499.0977173;0;100;15.34963703;0.002659741091;1.877659798;
-2.447439147e-005;100;80;499.0977173;0;100;15.44964123;0.002659951802;1.877659917;
-9.608173968e-006;100;80;499.0977173;0;100;15.54965401;0.002659479389;1.87765944;
7.192084013e-006;100;80;499.0977173;0;100;15.6496563;0.00265998207;1.877660036;
7.909861779e-006;100;80;499.0977173;0;100;15.74965954;0.002659429098;1.87765944;
4.949756112e-005;100;80;499.0977173;0;100;15.84965611;0.002659220714;1.877659202;
2.075967313e-005;100;80;499.0977173;0;100;15.94966602;0.002659674501;1.877659678;
-8.824852557e-005;100;80;499.0977173;0;100;16.04969597;0.002659754595;1.877659798;
7.208903116e-005;100;80;499.0977173;0;100;16.14969254;0.002659686841;1.877659678;
2.015416976e-005;100;80;499.0977173;0;100;16.24969101;0.002659373917;1.877659321;
-1.052948119e-005;100;80;499.0977173;0;100;16.34968758;0.002659774618;1.877659798;
9.504992704e-006;100;80;499.0977173;0;100;16.44968987;0.002660000697;1.877660036;
3.144268339e-005;100;80;499.0977173;0;100;16.54968643;0.002659372054;1.877659321;
-9.35566004e-006;100;80;499.0977173;0;100;16.64969063;0.00265983073;1.877659798;
2.448216583e-005;100;80;499.0977173;0;100;16.7497139;0.002659237245;1.877659202;
6.211493019e-005;100;80;499.0977173;0;100;16.84970284;0.002659591148;1.877659559;
-3.133549035e-005;100;80;499.0977173;0;100;16.94974136;0.00265981257;1.877659798;
-6.035917249e-005;100;80;499.0977173;0;100;17.04970932;0.002659916412;1.877659917;
6.682144885e-005;100;80;499.0977173;0;100;17.14971733;0.00265896949;1.877658963;
-7.816857396e-005;100;80;499.0977173;0;100;17.24971962;0.00266024773;1.877660275;
0.0001046825128;100;80;499.0977173;0;100;17.34972;0.002659325488;1.877659321;
-3.422512964e-005;100;80;499.0977173;0;100;17.44972992;0.002659494057;1.87765944;
-4.861986599e-005;100;80;499.0977173;0;100;17.5497303;0.002660142025;1.877660155;
1.886305313e-006;100;80;499.0977173;0;100;17.64973831;0.002659929218;1.877659917;
-2.591327393e-005;100;80;499.0977173;0;100;17.74974632;0.002659127815;1.877659082;
4.458417243e-005;100;80;499.0977173;0;100;17.84975624;0.0026595362;1.877659559;
-2.764567398e-005;100;80;499.0977173;0;100;17.94976044;0.002659450285;1.87765944;
2.840432535e-005;100;80;499.0977173;0;100;18.049757;0.002659748308;1.877659798;
1.631097621e-005;100;80;499.0977173;0;100;18.14977455;0.002660140861;1.877660155;
-2.616478378e-005;100;80;499.0977173;0;100;18.24977684;0.002659337362;1.877659321;
1.479424918e-005;100;80;499.0977173;0;100;18.34976768;0.002659713617;1.877659678;
1.554558003e-005;100;80;499.0977173;0;100;18.44976807;0.002659797901;1.877659798;
-3.401665526e-005;100;80;499.0977173;0;100;18.5497818;0.002659722697;1.877659678;
4.359524974e-005;100;80;499.0977173;0;100;18.64979744;0.002659607911;1.877659559;
-3.271492824e-005;100;80;499.0977173;0;100;18.74984932;0.002659895224;1.877659917;
-2.365076216e-005;100;80;499.0977173;0;100;18.84981537;0.002659496618;1.87765944;
4.155612623e-005;100;80;499.0977173;0;100;18.9498024;0.002659471938;1.87765944;
2.923273769e-006;100;80;499.0977173;0;100;19.04982185;0.002659922;1.877659917;
-1.030314706e-005;100;80;499.0977173;0;100;19.14981461;0.002659647493;1.877659678;
8.277272173e-006;100;80;499.0977173;0;100;19.24980354;0.002660062164;1.877660036;
2.581367517e-005;100;80;499.0977173;0;100;19.34986496;0.002658820013;1.877658844;
7.15589631e-005;100;80;499.0977173;0;100;19.44982147;0.002659464022;1.87765944;
8.294920917e-006;100;80;499.0977173;0;100;19.54982185;0.00265923189;1.877659202;
-5.138507549e-005;100;80;499.0977173;0;100;19.64982033;0.002659549005;1.877659559;
-1.411267294e-005;100;80;499.0977173;0;100;19.74982834;0.002659528283;1.877659559;
2.570475772e-005;100;80;499.0977173;0;100;19.84984398;0.00265980931;1.877659798;
-3.289076994e-005;100;80;499.0977173;0;100;19.9498558;0.002659565769;1.877659559;
-3.394128726e-005;100;80;499.0977173;0;100;20.04984093;0.002659370424;1.877659321;
8.698618331e-005;100;80;499.0977173;0;100;20.14989853;0.002659482416;1.87765944;
6.844871677e-005;100;80;499.0977173;0;100;20.19984627;0.002659608144;1.877659559;
-2.574286191e-005;100;80;499.0977173;0;100;20.2998867;0.002659652149;1.877659678;
1.005420472e-005;100;80;499.0977173;0;100;20.39991379;0.002659150632;1.877659202;
-2.731735185e-005;100;80;499.0977173;0;100;20.49986076;0.002659846563;1.877659798;
-9.035832591e-006;100;80;499.0977173;0;100;20.59986496;0.002659847029;1.877659798;
1.113952567e-005;100;80;499.0977173;0;100;20.69986534;0.002659266582;1.877659321;
-2.83359368e-005;100;80;499.0977173;0;100;20.79989815;0.002659643302;1.877659678;
5.24555071e-006;100;80;499.0977173;0;100;20.89987373;0.002659476828;1.87765944;
7.126885612e-005;100;80;499.0977173;0;100;20.99987793;0.002658915473;1.877658963;
-0.0001073063977;100;80;499.0977173;0;100;21.09988403;0.002660077764;1.877660036;
-4.988342698e-005;100;80;499.0977173;0;100;21.19988823;0.002659847261;1.877659798;
2.722217505e-005;100;80;499.0977173;0;100;21.29990005;0.002659538994;1.877659559;
7.852146518e-005;100;80;499.0977173;0;100;21.39989853;0.002659556922;1.877659559;
1.655520282e-005;100;80;499.0977173;0;100;21.49990845;0.002658937825;1.877658963;
-2.128668893e-005;100;80;499.0977173;0;100;21.59990501;0.002659864258;1.877659917;
8.052010344e-006;100;80;499.0977173;0;100;21.69993591;0.002659377176;1.877659321;
2.094147703e-006;100;80;499.0977173;0;100;21.79994965;0.002659544814;1.877659559;
-0.0001034174202;100;80;499.0977173;0;100;21.89992142;0.002660035389;1.877660036;
3.956888759e-005;100;80;499.0977173;0;100;21.99992943;0.002659783;1.877659798;
7.577110955e-005;100;80;499.0977173;0;100;22.0999279;0.002659663791;1.877659678;
1.875137423e-005;100;80;499.0977173;0;100;22.19994736;0.002659073565;1.877659082;
8.591461665e-006;100;80;499.0977173;0;100;22.29994965;0.002659328515;1.877659321;
-6.902949826e-005;100;80;499.0977173;0;100;22.39994049;0.002659805585;1.877659798;
-3.868147178e-005;100;80;499.0977173;0;100;22.49995422;0.002660322003;1.877660275;
2.209890226e-005;100;80;499.0977173;0;100;22.59996986;0.002659103135;1.877659082;
-2.648317422e-005;100;80;499.0977173;0;100;22.69996643;0.0026590419;1.877659082;
-1.118473938e-005;100;80;499.0977173;0;100;22.79995918;0.002660304774;1.877660275;
9.211249562e-006;100;80;499.0977173;0;100;22.89998245;0.002660001861;1.877660036;
5.045653961e-005;100;80;499.0977173;0;100;22.99997902;0.0026589185;1.877658963;
-2.673094423e-005;100;80;499.0977173;0;100;23.09997177;0.002659898717;1.877659917;
3.467344504e-005;100;80;499.0977173;0;100;23.19998741;0.002659755293;1.877659798;
-4.01053112e-005;100;80;499.0977173;0;100;23.29998016;0.00266037276;1.877660394;
2.916806989e-005;100;80;499.0977173;0;100;23.39999008;0.002659615129;1.877659559;
9.400433555e-006;100;80;499.0977173;0;100;23.49999046;0.002659494523;1.87765944;
1.936460467e-005;100;80;499.0977173;0;100;23.59999466;0.002659528982;1.877659559;
-3.063846088e-005;100;80;499.0977173;0;100;23.70000458;0.002659928054;1.877659917;
0.0001305924379;100;80;499.0977173;0;100;23.80001068;0.002659283578;1.877659321;
-6.46244589e-005;100;80;499.0977173;0;100;23.90000725;0.002659766702;1.877659798;
-4.605010872e-006;100;80;499.0977173;0;100;24.00002098;0.002659796504;1.877659798;
6.344974099e-005;100;80;499.0977173;0;100;24.09902382;0.002659297083;1.877659321;
-7.032928261e-005;100;80;499.0977173;0;100;24.19902039;0.002659948776;1.877659917;
9.31832983e-005;100;80;499.0977173;0;100;24.29905128;0.002659080084;1.877659082;
-4.204146171e-005;100;80;499.0977173;0;100;24.39903641;0.002659404185;1.87765944;
-6.258137e-005;100;80;499.0977173;0;100;24.49903297;0.002660097787;1.877660155;
4.69437291e-005;100;80;499.0977173;0;100;24.59903526;0.002659579506;1.877659559;
6.871120422e-005;100;80;499.0977173;0;100;24.69906616;0.002658936428;1.877658963;
9.84437861e-007;100;80;499.0977173;0;100;24.79905319;0.002659538994;1.877659559;
-6.737108197e-005;100;80;499.0977173;0;100;24.89907455;0.002659680089;1.877659678;
3.529971582e-005;100;80;499.0977173;0;100;24.99905396;0.002659449587;1.87765944;
5.758207044e-005;100;80;499.0977173;0;100;25.09905815;0.002659797436;1.877659798;
7.076412658e-006;100;80;499.0977173;0;100;25.19906425;0.002659373684;1.877659321;
-5.29594181e-005;100;80;499.0977173;0;100;25.29907227;0.00265935692;1.877659321;
5.844857515e-005;100;80;499.0977173;0;100;25.39908028;0.002659877995;1.877659917;
-7.42171369e-006;100;80;499.0977173;0;100;25.49913216;0.00265989732;1.877659917;
-2.856692117e-005;100;80;499.0977173;0;100;25.59909439;0.00265969825;1.877659678;
-1.884778248e-005;100;80;499.0977173;0;100;25.69911957;0.002659958554;1.877659917;
2.949590089e-005;100;80;499.0977173;0;100;25.79908943;0.002659267513;1.877659321;
8.573654486e-005;100;80;499.0977173;0;100;25.89912415;0.002659236779;1.877659202;
4.324871952e-006;100;80;499.0977173;0;100;25.99909782;0.00265925331;1.877659202;
-8.948299364e-005;100;80;499.0977173;0;100;26.09910011;0.002659750171;1.877659798;
-2.552644946e-005;100;80;499.0977173;0;100;26.19910812;0.002659765771;1.877659798;
7.912662841e-005;100;80;499.0977173;0;100;26.29914474;0.002659440506;1.87765944;
-6.354403013e-005;100;80;499.0977173;0;100;26.4991436;0.002660012804;1.877660036;
0.0001045180979;100;80;499.0977173;0;100;26.599123;0.002659337595;1.877659321;
-2.958172445e-005;100;80;499.0977173;0;100;26.6991272;0.002660155063;1.877660155;
-7.271116192e-005;100;80;499.0977173;0;100;26.74915504;0.002660155296;1.877660155;
9.237822087e-005;100;80;499.0977173;0;100;26.84913635;0.002658939222;1.877658963;
-2.184763798e-005;100;80;499.0977173;0;100;26.94914055;0.002659928286;1.877659917;
-8.224456542e-005;100;80;499.0977173;0;100;27.04914284;0.002660212107;1.877660155;
7.940601063e-005;100;80;499.0977173;0;100;27.14914894;0.002658840269;1.877658844;
-2.210671482e-006;100;80;499.0977173;0;100;27.24914932;0.002659993712;1.877660036;
-3.396667307e-005;100;80;499.0977173;0;100;27.34915733;0.002659337362;1.877659321;
4.972482202e-005;100;80;499.0977173;0;100;27.44917107;0.002659365768;1.877659321;
-4.302000889e-005;100;80;499.0977173;0;100;27.54918861;0.002659913618;1.877659917;
6.297271466e-005;100;80;499.0977173;0;100;27.64916801;0.002660049126;1.877660036;
-1.839021206e-005;100;80;499.0977173;0;100;27.74919891;0.002659330145;1.877659321;
1.863907528e-005;100;80;499.0977173;0;100;27.84918404;0.002659754362;1.877659798;
5.077458809e-006;100;80;499.0977173;0;100;27.94919395;0.00265958556;1.877659559;
-2.766741454e-005;100;80;499.0977173;0;100;28.0491848;0.002659664955;1.877659678;
-3.373443542e-005;100;80;499.0977173;0;100;28.1491909;0.002659709193;1.877659678;
-3.225547698e-005;100;80;499.0977173;0;100;28.24920464;0.002659564838;1.877659559;
1.807489934e-005;100;80;499.0977173;0;100;28.3492012;0.002659596968;1.877659559;
7.089494829e-006;100;80;499.0977173;0;100;28.44922256;0.002659760183;1.877659798;
-6.655402103e-005;100;80;499.0977173;0;100;28.54920959;0.002660008613;1.877660036;
5.07230543e-005;100;80;499.0977173;0;100;28.64924049;0.002659729915;1.877659678;
7.619727694e-005;100;80;499.0977173;0;100;28.74921989;0.002659226535;1.877659202;
-3.196564285e-005;100;80;499.0977173;0;100;28.84922028;0.002659159712;1.877659202;
9.4698662e-006;100;80;499.0977173;0;100;28.94922447;0.002659162041;1.877659202;
2.944895641e-006;100;80;499.0977173;0;100;29.04923439;0.002659890568;1.877659917;
-3.820592974e-005;100;80;499.0977173;0;100;29.14923668;0.002659714315;1.877659678;
7.626060687e-005;100;80;499.0977173;0;100;29.24924278;0.002659219783;1.877659202;
2.400008088e-005;100;80;499.0977173;0;100;29.34923935;0.002659482881;1.87765944;
-6.087624934e-005;100;80;499.0977173;0;100;29.44927025;0.002659676364;1.877659678;
-2.748490624e-005;100;80;499.0977173;0;100;29.54928398;0.002659381134;1.87765944;
4.467052713e-005;100;80;499.0977173;0;100;29.64925575;0.0026591653;1.877659202;
-7.447710959e-005;100;80;499.0977173;0;100;29.74925804;0.002659781836;1.877659798;
8.765904568e-006;100;80;499.0977173;0;100;29.84927177;0.002659393242;1.87765944;
-3.628827471e-005;100;80;499.0977173;0;100;29.94926643;0.002659868216;1.877659917;
-1.355823588e-005;100;80;499.0977173;0;100;30.04930496;0.002658918733;1.877658963;
2.175276495e-005;100;80;499.0977173;0;100;30.14928055;0.002659449819;1.87765944;
-3.719344022e-005;100;80;499.0977173;0;100;30.24927902;0.002659930149;1.877659917;
-4.44833131e-005;100;80;499.0977173;0;100;30.34928322;0.002659489401;1.87765944;
-1.396400876e-005;100;80;499.0977173;0;100;30.44929314;0.002659368562;1.877659321;
3.740834291e-005;100;80;499.0977173;0;100;30.54933929;0.002659894526;1.877659917;
6.411431241e-005;100;80;499.0977173;0;100;30.6492939;0.002659022808;1.877658963;
-6.547595694e-005;100;80;499.0977173;0;100;30.74930382;0.002659850288;1.877659798;
-9.276564015e-006;100;80;499.0977173;0;100;30.84930992;0.002660387428;1.877660394;
7.027345418e-005;100;80;499.0977173;0;100;30.94931221;0.002659330377;1.877659321;
3.32694508e-005;100;80;499.0977173;0;100;31.04931068;0.00265954691;1.877659559;
-3.709576049e-005;100;80;499.0977173;0;100;31.14933205;0.002659543883;1.877659559;
-2.895481884e-005;100;80;499.0977173;0;100;31.24932861;0.002659900812;1.877659917;
3.289079177e-005;100;80;499.0977173;0;100;31.34932899;0.002659591613;1.877659559;
5.15079555e-005;100;80;499.0977173;0;100;31.44933319;0.0026597213;1.877659678;
-1.18118196e-005;100;80;499.0977173;0;98.82961273;31.54935837;0.002659614664;1.877659559;
-8.912405974e-006;100;80;499.0977173;0;98.82961273;31.64933586;0.002659742022;1.877659798;
5.630933083e-005;100;80;499.0977173;0;98.82961273;31.7493515;0.002659452846;1.87765944;
2.781384865e-005;100;80;499.0977173;0;98.82961273;31.8493557;0.002660148777;1.877660155;
7.907045074e-005;100;80;499.0977173;0;98.82961273;31.94935608;0.002659464488;1.87765944;
-8.558897389e-005;100;80;499.0977173;0;98.82961273;32.04935837;0.002659221645;1.877659202;
3.331415428e-005;100;80;499.0977173;0;98.82961273;32.14938354;0.002659538994;1.877659559;
2.291359488e-005;100;80;499.0977173;0;98.82961273;32.24936676;0.002659506863;1.877659559;
5.209099527e-006;100;80;499.0977173;0;98.82961273;32.34936905;0.002659485443;1.87765944;
3.997062777e-006;100;80;499.0977173;0;98.82961273;32.44937515;0.002659583464;1.877659559;
1.430994507e-005;100;80;499.0977173;0;98.82961273;32.54938126;0.002659256803;1.877659202;
-6.340049367e-006;100;80;499.0977173;0;98.82961273;32.59940338;0.002659176011;1.877659202;
-9.51437105e-005;100;80;499.0977173;0;98.82961273;32.64940262;0.002659586258;1.877659559;
8.703092135e-006;100;80;499.0977173;0;100;32.74938965;0.002659880323;1.877659917;
1.983636139e-006;100;80;499.0977173;0;100;32.84939194;0.002660102444;1.877660155;
6.404762098e-005;100;80;499.0977173;0;100;32.94939804;0.002659103833;1.877659082;
-2.432881047e-005;100;80;499.0977173;0;100;33.04940796;0.002659643302;1.877659678;
2.058653808e-005;100;80;499.0977173;0;100;33.14941025;0.002659817925;1.877659798;
7.385422577e-006;100;80;499.0977173;0;100;33.24940872;0.002659563441;1.877659559;
-6.139274046e-005;100;80;499.0977173;0;100;33.34951019;0.002659191843;1.877659202;
3.122915223e-005;100;80;499.0977173;0;100;33.44942093;0.002659373684;1.877659321;
4.163746053e-005;100;80;499.0977173;0;100;33.54943848;0.002659518039;1.877659559;
2.806371231e-005;100;80;499.0977173;0;100;33.64943695;0.002659912221;1.877659917;
-9.40099053e-005;100;80;499.0977173;0;100;33.74943924;0.002659779042;1.877659798;
8.41669098e-005;100;80;499.0977173;0;100;33.84944153;0.002659010002;1.877658963;
1.813832569e-005;100;80;499.0977173;0;100;33.94945145;0.002659304999;1.877659321;
-4.961210652e-005;100;80;499.0977173;0;100;34.04945755;0.00266000675;1.877660036;
2.531559585e-005;100;80;499.0977173;0;100;34.14945602;0.00265952968;1.877659559;
-1.142268957e-006;100;80;499.0977173;0;100;34.24945831;0.002659909893;1.877659917;
8.984127817e-006;100;80;499.0977173;0;100;34.3494873;0.002659011632;1.877658963;
2.841921923e-005;100;80;499.0977173;0;100;34.39946747;0.002659737831;1.877659678;
4.22823432e-005;100;80;499.0977173;0;100;34.44946289;0.002660213038;1.877660155;
-2.99323915e-006;100;80;499.0977173;0;100;34.54946899;0.002659651218;1.877659678;
-4.829408135e-005;100;80;499.0977173;0;100;34.64947891;0.002659461228;1.87765944;
6.166785897e-005;100;80;499.0977173;0;100;34.74947357;0.002659713849;1.877659678;
-1.690656427e-005;100;80;499.0977173;0;100;34.8494873;0.002659476828;1.87765944;
-5.027254883e-005;100;80;499.0977173;0;100;34.94948578;0.002659345046;1.877659321;
-1.593107299e-005;100;80;499.0977173;0;100;35.04948807;0.00265957485;1.877659559;
-1.832865746e-005;100;80;499.0977173;0;100;35.14949799;0.002660195343;1.877660155;
9.526743088e-005;100;80;499.0977173;0;100;35.24952316;0.002659148304;1.877659202;
2.393589511e-006;100;80;499.0977173;0;100;35.34950256;0.002659470076;1.87765944;
-5.97130238e-005;100;80;499.0977173;0;100;35.44950867;0.002659235382;1.877659202;
6.655455218e-005;100;80;499.0977173;0;100;35.54951859;0.002659420716;1.87765944;
4.843397983e-005;100;80;499.0977173;0;100;35.64951706;0.002659689868;1.877659678;
-9.954974666e-005;100;80;499.0977173;0;100;35.74951935;0.002660016529;1.877660036;
1.781554602e-005;100;80;499.0977173;0;100;35.84952927;0.002659612335;1.877659559;
4.158621596e-005;100;80;499.0977173;0;100;35.94952774;0.002659090096;1.877659082;
2.970421065e-006;100;80;499.0977173;0;100;36.04953003;0.002659486374;1.87765944;
3.66856766e-005;100;80;499.0977173;0;100;36.14953613;0.002659859369;1.877659917;
-2.763216571e-006;100;80;499.0977173;0;100;36.24954224;0.002659146907;1.877659202;
1.651736852e-006;100;80;499.0977173;0;100;36.34955978;0.002659026766;1.877659082;
-5.592730668e-005;100;80;499.0977173;0;100;36.44957733;0.002659655875;1.877659678;
-3.698231012e-005;100;80;499.0977173;0;100;36.54955292;0.002659783699;1.877659798;
3.94618437e-005;100;80;499.0977173;0;100;36.64956665;0.002659133868;1.877659082;
-1.082173549e-005;100;80;499.0977173;0;100;36.74959183;0.002659728052;1.877659678;
1.27772646e-005;100;80;499.0977173;0;100;36.84959793;0.002659791615;1.877659798;
-2.023936759e-005;100;80;499.0977173;0;100;36.9495697;0.002659473335;1.87765944;
1.256614905e-005;100;80;499.0977173;0;100;37.04957962;0.002659874037;1.877659917;
1.86944344e-005;100;80;499.0977173;0;100;37.14958572;0.002659671707;1.877659678;
3.514146738e-005;100;80;499.0977173;0;100;37.2495842;0.002659438644;1.87765944;
-2.591935299e-005;100;80;499.0977173;0;100;37.349617;0.002659457037;1.87765944;
-5.661179966e-005;100;80;499.0977173;0;100;37.44959641;0.002660236554;1.877660275;
-1.941805931e-005;100;80;499.0977173;0;100;37.54959488;0.002659467515;1.87765944;
8.661672473e-005;100;80;499.0977173;0;100;37.64960098;0.00265900325;1.877658963;
-3.708031363e-005;100;80;499.0977173;0;100;37.74961472;0.002660276368;1.877660275;
-8.624882867e-006;100;80;499.0977173;0;100;37.84961319;0.002659317805;1.877659321;
5.424262781e-005;100;80;499.0977173;0;100;37.94961548;0.002658924786;1.877658963;
-2.827962817e-005;100;80;499.0977173;0;100;38.04962921;0.002659388119;1.87765944;
-5.746298848e-005;100;80;499.0977173;0;100;38.14962387;0.002660231898;1.877660275;
0.000122760277;100;80;499.0977173;0;100;38.24963379;0.002659689635;1.877659678;
1.427299776e-005;100;80;499.0977173;0;100;38.34966278;0.002659098245;1.877659082;
-0.0001407757518;100;80;499.0977173;0;100;38.44963455;0.002659970662;1.877659917;
-3.866964107e-006;100;80;499.0977173;0;100;38.54966354;0.002659911988;1.877659917;
9.823794971e-005;100;80;499.0977173;0;100;38.6496582;0.002659266582;1.877659321;
-7.181382534e-005;100;80;499.0977173;0;100;38.74968338;0.002659488469;1.87765944;
-2.671485345e-005;100;80;499.0977173;0;100;38.84966278;0.002660056809;1.877660036;
6.339733227e-005;100;80;499.0977173;0;100;38.94966507;0.00265975995;1.877659798;
8.412699572e-006;100;80;499.0977173;0;100;39.04967499;0.002659545746;1.877659559;
4.570552119e-005;100;80;499.0977173;0;100;39.14967346;0.002659184858;1.877659202;
-5.641490861e-005;100;80;499.0977173;0;100;39.24967957;0.002659767168;1.877659798;
3.458668289e-005;100;80;499.0977173;0;100;39.34967041;0.00265952968;1.877659559;
2.819548172e-006;100;80;499.0977173;0;100;39.44968414;0.002659760416;1.877659798;
6.456498522e-005;100;80;499.0977173;0;100;39.54968262;0.002658781828;1.877658725;
-5.853870607e-005;100;80;499.0977173;0;100;39.64970016;0.002660050057;1.877660036;
-1.867979881e-005;100;80;499.0977173;0;100;39.74969482;0.002659918508;1.877659917;
2.964522719e-005;100;80;499.0977173;0;100;39.84973526;0.002659941558;1.877659917;
8.231219908e-006;100;80;499.0977173;0;100;39.94970703;0.002659123158;1.877659082;
-8.626286581e-005;100;80;499.0977173;0;100;40.04971695;0.002659816528;1.877659798;
1.070656799e-005;100;80;499.0977173;0;100;40.14971924;0.0026595823;1.877659559;
2.097952165e-005;100;80;499.0977173;0;100;40.2497139;0.00265986775;1.877659917;
2.369733011e-005;100;80;499.0977173;0;100;40.34973526;0.00265915948;1.877659202;
-9.385008161e-005;100;80;499.0977173;0;100;40.44972992;0.002660125028;1.877660155;
5.14000385e-006;100;80;499.0977173;0;100;40.54972839;0.00265976903;1.877659798;
7.11383982e-005;100;80;499.0977173;0;100;40.64974594;0.002659524325;1.877659559;
-7.264776286e-006;100;80;499.0977173;0;100;40.74974442;0.002659336431;1.877659321;
-2.257071537e-005;100;80;499.0977173;0;100;40.84973907;0.002659245627;1.877659202;
-3.832269044e-007;100;80;499.0977173;0;100;40.94976807;0.002660381142;1.877660394;
4.653108772e-005;100;80;499.0977173;0;100;41.0497551;0.002660013037;1.877660036;
-1.902016993e-005;100;80;499.0977173;0;100;41.14976501;0.002659541322;1.877659559;
3.999258843e-005;100;80;499.0977173;0;100;41.24975586;0.002658939688;1.877658963;
-1.893462468e-005;100;80;499.0977173;0;100;41.34978867;0.002659884514;1.877659917;
9.852442417e-007;100;80;499.0977173;0;100;41.44976425;0.002659808379;1.877659798;
1.380317372e-005;100;80;499.0977173;0;100;41.5487709;0.002659220016;1.877659202;
-2.702195343e-005;100;80;499.0977173;0;100;41.64877701;0.002659635385;1.877659678;
-5.25482028e-006;100;80;499.0977173;0;100;41.74878693;0.002659244929;1.877659202;
-3.037821443e-005;100;80;499.0977173;0;100;41.84882355;0.00266004866;1.877660036;
1.858338146e-005;100;80;499.0977173;0;100;41.94878769;0.002659454942;1.87765944;
0.0001445606467;100;80;499.0977173;0;100;42.04878998;0.002659227466;1.877659202;
-5.099865302e-005;100;80;499.0977173;0;100;42.1487999;0.002659342485;1.877659321;
-5.389744911e-005;100;80;499.0977173;0;100;42.24880219;0.002659700811;1.877659678;
-3.510094029e-005;100;80;499.0977173;0;100;42.3488121;0.002659831429;1.877659798;
6.980568287e-005;100;80;499.0977173;0;100;42.44881821;0.002659231424;1.877659202;
2.720820703e-005;100;80;499.0977173;0;100;42.5488205;0.002659979044;1.877660036;
-4.58035538e-005;100;80;499.0977173;0;100;42.64883423;0.002659377642;1.877659321;
-3.556053343e-005;100;80;499.0977173;0;100;42.7488327;0.002659714781;1.877659678;
3.335949441e-005;100;80;499.0977173;0;100;42.84885788;0.002659932477;1.877659917;
3.113749335e-005;100;80;499.0977173;0;100;42.94883728;0.002659563208;1.877659559;
-2.317561484e-005;100;80;499.0977173;0;100;43.0488472;0.002659397898;1.87765944;
-5.045794023e-005;100;80;499.0977173;0;100;43.14884186;0.002659928286;1.877659917;
-3.200427091e-005;100;80;499.0977173;0;100;43.29883957;0.002659312682;1.877659321;
-2.566531293e-005;100;80;499.0977173;0;100;43.34885788;0.00265964726;1.877659678;
9.083209989e-006;100;80;499.0977173;0;100;43.39885712;0.002659330377;1.877659321;
4.390023969e-005;100;80;499.0977173;0;100;43.49887848;0.002659318736;1.877659321;
-0.0001412226411;100;80;499.0977173;0;100;43.59886551;0.002659762744;1.877659798;
-4.889500633e-005;100;80;499.0977173;0;100;43.69886398;0.002659470541;1.87765944;
3.545738537e-006;100;80;499.0977173;0;100;43.79886627;0.002659986028;1.877660036;
-7.272014773e-005;100;80;499.0977173;0;100;43.89887619;0.00266030943;1.877660275;
3.217036283e-005;100;80;499.0977173;0;100;43.99888229;0.002659131074;1.877659082;
-1.477093065e-005;100;80;499.0977173;0;100;44.09892654;0.00265905424;1.877659082;
-4.758109935e-005;100;80;499.0977173;0;100;44.19888687;0.002659423742;1.87765944;
-4.258808258e-005;100;80;499.0977173;0;100;44.24888611;0.002660278697;1.877660275;
4.919078492e-005;100;80;499.0977173;0;100;44.34889603;0.002659874503;1.877659917;
2.168943865e-005;100;80;499.0977173;0;100;44.44890213;0.002659576479;1.877659559;
1.352597792e-005;100;80;499.0977173;0;100;44.54893112;0.002659074729;1.877659082;
2.689922258e-005;100;80;499.0977173;0;100;44.64894867;0.002660163678;1.877660155;
7.228158665e-006;100;80;499.0977173;0;100;44.7489357;0.002659817459;1.877659798;
5.061089905e-005;100;80;499.0977173;0;100;44.84892654;0.002659250749;1.877659202;
3.816910248e-005;100;80;499.0977173;0;100;44.94894409;0.002659047954;1.877659082;
-1.694559978e-005;100;80;499.0977173;0;100;45.04894257;0.002659927588;1.877659917;
3.91442918e-005;100;80;499.0977173;0;100;45.14894867;0.002659656573;1.877659678;
5.646586033e-006;100;80;499.0977173;0;100;45.2489357;0.002659515012;1.877659559;
-1.26446148e-005;100;80;499.0977173;0;100;45.34893417;0.002659770427;1.877659798;
-2.524890806e-005;100;80;499.0977173;0;100;45.44894409;0.002659441438;1.87765944;
3.618952178e-005;100;80;499.0977173;0;100;45.54894257;0.002659517806;1.877659559;
2.489835606e-005;100;80;499.0977173;0;100;45.64894867;0.002659469843;1.87765944;
-0.0001184682333;100;80;499.0977173;0;100;45.74895096;0.002659898717;1.877659917;
0.0001458949992;100;80;499.0977173;0;100;45.84897614;0.002659008373;1.877658963;
1.128334407e-005;100;80;499.0977173;0;100;45.94895935;0.002660219325;1.877660275;
-8.546002209e-005;100;80;499.0977173;0;100;46.04896545;0.002659451449;1.87765944;
2.023029811e-005;100;80;499.0977173;0;100;46.14898682;0.002659192309;1.877659202;
8.628929208e-006;100;80;499.0977173;0;100;46.24897766;0.002659820719;1.877659798;
4.298186104e-005;100;80;499.0977173;0;100;46.34898376;0.002659274964;1.877659321;
2.523542389e-005;100;80;499.0977173;0;100;46.44898224;0.002659005346;1.877658963;
-0.0001033265798;100;80;499.0977173;0;100;46.54899216;0.00266086543;1.877660871;
0.0001171827098;100;80;499.0977173;0;100;46.6490097;0.002659040736;1.877659082;
-5.461461569e-006;100;80;499.0977173;0;100;46.74905014;0.002659036312;1.877659082;
-6.432662485e-005;100;80;499.0977173;0;100;46.84899902;0.002659974853;1.877659917;
1.372767019e-005;100;80;499.0977173;0;100;46.94900894;0.002659564139;1.877659559;
-1.916754627e-005;100;80;499.0977173;0;100;47.04903412;0.002659550635;1.877659559;
5.637386494e-005;100;80;499.0977173;0;100;47.14901352;0.002659397433;1.87765944;
-9.23805419e-006;100;80;499.0977173;0;97.65770721;47.24902344;0.002659829333;1.877659798;
5.098796828e-005;100;80;499.0977173;0;97.65770721;47.3490448;0.00265920395;1.877659202;
-6.015153485e-005;100;80;499.0977173;0;97.65770721;47.4490509;0.002659658436;1.877659678;
-7.733176062e-006;100;80;499.0977173;0;96.48579407;47.54903412;0.00265958719;1.877659559;
-2.697828131e-005;100;80;499.0977173;0;96.48579407;47.649086;0.002659826772;1.877659798;
1.082423569e-005;100;80;499.0977173;0;96.48579407;47.7490387;0.002659253078;1.877659202;
8.62396555e-005;100;80;499.0977173;0;96.48579407;47.84907532;0.002659072168;1.877659082;
-8.148686902e-005;100;80;499.0977173;0;96.48579407;47.94906616;0.002660668921;1.877660632;
6.361791293e-006;100;80;499.0977173;0;96.48579407;48.0490799;0.002659224905;1.877659202;
2.276785381e-005;100;80;499.0977173;0;96.48579407;48.1490593;0.002659412334;1.87765944;
4.159247692e-005;100;80;499.0977173;0;96.48579407;48.24906158;0.002659226535;1.877659202;
-4.414769501e-005;100;80;499.0977173;0;96.48579407;48.34906769;0.002659956692;1.877659917;
-5.582087033e-005;100;80;499.0977173;0;96.48579407;48.44906998;0.002659693127;1.877659678;
3.912459943e-005;100;80;499.0977173;0;96.48579407;48.54908371;0.002659377642;1.877659321;
1.666547178e-005;100;80;499.0977173;0;95.31388092;48.64907837;0.00265967357;1.877659678;
1.276511011e-005;100;80;499.0977173;0;94.1419754;48.74908066;0.002659849823;1.877659798;
-1.044712349e-006;100;80;499.0977173;0;95.31388092;48.84909058;0.002659158781;1.877659202;
-3.824170562e-005;100;80;499.0977173;0;92.97006226;48.94909286;0.00265952386;1.877659559;
6.258417125e-005;100;80;499.0977173;0;92.18878937;49.04916;0.002659890102;1.877659917;
3.432632366e-005;100;80;499.0977173;0;91.01687622;49.14912033;0.002659774153;1.877659798;
-7.124998228e-005;100;80;499.0977173;0;89.84496307;49.24913025;0.002659578109;1.877659559;
-3.778073369e-005;100;80;499.0977173;0;86.32923126;49.34910965;0.002660024678;1.877660036;
5.128113844e-005;100;80;499.0977173;0;81.64159393;49.44911194;0.002659008605;1.877658963;
2.595274418e-005;100;80;499.0977173;0;83.9854126;49.54911423;0.00265979534;1.877659798;
-5.951166168e-005;100;80;499.0977173;0;74.61012268;49.64912033;0.002660016529;1.877660036;
4.361830725e-005;100;80;499.0977173;0;58.59401321;49.74913406;0.002658979734;1.877658963;
4.72767133e-005;100;80;499.0977173;0;40.47517395;49.84913635;0.002659353195;1.877659321;
-8.951725613e-005;100;80;499.0977173;0;28.96816826;49.94916153;0.002660212805;1.877660155;
0.01943099871;100;80;499.0977173;0;0;50.04915237;0.002662571846;1.877662539;
0.177524209;100;80;499.0966187;0;0;50.14915466;0.002673968207;1.877673984;
0.343488425;100;80;499.0903625;0;0;50.24914932;0.002648268361;1.877648234;
0.492647022;100;80;499.08078;0;0;50.34915161;0.002661247971;1.877661228;
0.6488443017;100;80;499.0662231;0;0;50.4491539;0.002752316883;1.877752304;
0.789512217;100;80;499.0487366;0;0;50.54916763;0.002893945901;1.877893925;
0.9379483461;100;80;499.0256042;0;0;50.649189;0.003107404802;1.878107429;
1.071424007;100;80;499.0005188;0;0;50.74920273;0.00337171182;1.878371716;
1.21238327;100;80;498.9693298;0;0;50.84922409;0.00374218775;1.878742218;
1.339081526;100;80;498.9369507;0;0;50.94918823;0.004176522139;1.879176497;
1.472401261;100;80;498.8981018;0;0;51.04921341;0.004762140103;1.879762173;
1.592842817;100;80;498.8588257;0;0;51.14921188;0.005415238906;1.880415201;
1.718844533;100;80;498.8126831;0;0;51.24921417;0.006258660927;1.881258607;
1.833068013;100;80;498.7668457;0;0;51.34922791;0.007191675249;1.882191658;
1.953741193;100;80;498.7137451;0;0;51.44920349;0.008380459622;1.883380413;
2.062488079;100;80;498.6616516;0;0;51.5492363;0.009651924483;1.884651899;
2.17575264;100;80;498.6019897;0;0;51.64920425;0.01121498644;1.886214972;
2.277867317;100;80;498.5440063;0;0;51.74921417;0.01286931988;1.887869358;
2.38581109;100;80;498.4780884;0;0;51.84922791;0.01489835884;1.8898983;
2.482995033;100;80;498.4145203;0;0;51.94923401;0.01699268073;1.891992688;
2.585590601;100;80;498.3427429;0;0;52.04922485;0.01952159777;1.894521594;
2.677773476;100;80;498.273468;0;0;52.14922714;0.02210844308;1.897108436;
2.35817647;100;80;498.1973572;0;0;52.24923706;0.02487720735;1.899877191;
2.447635889;100;80;498.1351013;0;0;52.34923553;0.02752895281;1.902529001;
2.554817438;100;80;498.063446;0;0;52.44923782;0.03061001934;1.905609965;
2.649377823;100;80;497.9948425;0;0;52.54924774;0.03363789245;1.908637881;
2.745619535;100;80;497.9185791;0;0;52.64925385;0.03719504923;1.912195086;
2.834383011;100;80;497.8452454;0;0;52.74926376;0.04073015228;1.915730119;
2.927386284;100;80;497.7632751;0;0;52.84925842;0.04476008192;1.919760108;
3.00975728;100;80;497.6853638;0;0;52.94927597;0.04868248105;1.923682451;
3.096660137;100;80;497.5984192;0;0;53.04927063;0.05313904956;1.928139091;
3.174726009;100;80;497.5159302;0;0;53.14929581;0.05742635578;1.932426333;
3.330190897;100;80;497.3375549;0;0;53.34928513;0.06684839725;1.941848397;
3.407701254;100;80;497.241394;0;0;53.44928741;0.07199168205;1.946991682;
3.477379084;100;80;497.1506653;0;0;53.54930115;0.07688822597;1.951888204;
3.581394672;100;80;497.050293;1;0;53.64929962;0.08236565441;1.957365632;
4.031594276;100;80;496.9543152;1;0;53.74932098;0.08787754178;1.962877512;
5.152647972;100;80;496.8343811;1;0;53.8493042;0.09528466314;1.9702847;
6.536032677;100;80;496.6932373;1;0;53.94930649;0.1042314991;1.979231477;
8.04669857;100;80;496.5;1;0;54.04931259;0.1163838506;1.991383791;
9.491530418;100;80;496.2844238;1;0;54.14931488;0.1301419884;2.005141973;
10.96924305;100;80;496.0079956;0;0;54.2493515;0.1480295062;2.023029566;
11.79595566;100;80;495.7159119;0;0;54.34932709;0.1669337153;2.041933775;
12.1258297;100;80;495.3785706;0;0;54.44932938;0.188780576;2.063780546;
12.2460804;100;80;495.0589294;0;0;54.54933929;0.2098045945;2.084804535;
12.29481602;100;80;494.7072449;0;0;54.64933777;0.2332302332;2.108230352;
12.29187775;100;80;494.381134;0;0;54.74934387;0.255317688;2.130317688;
12.24464417;100;80;494.0280457;0;0;54.8493576;0.2797029614;2.154702902;
12.18170547;100;80;493.7030334;0;0;54.94935989;0.3025673032;2.177567244;
12.1180706;100;80;493.3525391;0;0;55.04935837;0.3276958764;2.202695847;
12.06228352;100;80;493.0305176;0;0;55.14935684;0.3512132168;2.226213217;
12.00390434;100;80;492.6833191;0;0;55.24938965;0.3770388663;2.252038956;
11.95347691;100;80;492.3642883;0.05468916893;0;55.34937668;0.4012004733;2.276200533;
11.98123932;100;80;492.019989;0.2812585831;0;55.44937134;0.4277953804;2.30279541;
12.18616867;100;80;491.7008972;0.3906369209;0;55.54938507;0.4530692399;2.32806921;
12.54349709;100;80;491.3487244;0.6172063351;0;55.64938354;0.4815702438;2.356570244;
12.97042847;100;80;491.0144958;0.5937681198;0;55.74938583;0.5092250705;2.38422513;
13.38936138;100;80;490.6400757;0.5703299046;0;55.84939575;0.5407086611;2.415708542;
13.82327175;100;80;490.2840576;0.6406445503;0;55.94939423;0.57123667;2.44623661;
14.26663589;100;80;489.8852234;0.484389782;0;56.04941559;0.6060589552;2.481059074;
14.59498119;100;80;489.5062866;0.5703299046;0;56.14940262;0.6396231055;2.514623165;
15.09813786;100;80;489.0855408;0.5703299046;0;56.24940872;0.6777942181;2.552794218;
15.36019325;100;80;488.6842651;0.007812738419;0;56.34941101;0.7146834135;2.589683533;
15.34274578;100;80;488.2436829;0;0;56.44944;0.7555847168;2.630584717;
15.32447243;100;80;487.8375549;0;0;56.5494194;0.7942425609;2.66924262;
15.34226131;100;80;487.3970642;0;0;56.64942932;0.8376758695;2.71267581;
15.36865616;100;80;486.9900818;0;0;56.74943161;0.8800270557;2.755027056;
15.34716415;100;80;486.5491028;0;0;56.84944153;0.9295473099;2.80454731;
15.30699825;100;80;486.1430969;0;0;56.94943619;0.9798317552;2.854831696;
15.26193047;100;80;485.7050476;0;0;57.04946518;1.040781975;2.915781975;
15.24357128;100;80;485.3026733;0;0;57.14944839;1.104327321;2.979327202;
15.21414661;100;80;484.8686829;0;0;57.2494545;1.181795478;3.056795359;
15.17820072;100;80;484.4703369;0;0;57.34945297;1.260757685;3.135757685;
15.13942814;100;80;484.0415039;0;0;57.44948578;1.35409677;3.229096651;
15.10490131;100;80;483.6481934;0;0;57.54946899;1.447447896;3.322448015;
15.07601261;100;80;483.2250977;0;0;57.64946747;1.556308031;3.431308031;
15.07213306;100;80;482.8370972;0;0;57.74950027;1.663831949;3.538831949;
15.07801247;100;80;482.4189148;0;0;57.84949493;1.787456274;3.662456274;
15.08164501;100;80;482.0346375;0;0;57.94947815;-0;3.78187561;
15.08017063;100;80;481.6198425;0;0;58.04951477;0;3.915396214;
15.07428741;100;80;481.2380981;0;0;58.14949799;-0;4.041259289;
15.06414413;100;80;480.8255005;0;0;58.24949646;0;4.179299831;
15.0496664;100;80;480.445343;0;0;58.34949875;0;4.307280064;
15.02569389;100;80;480.0339966;0;0;58.44950867;0;4.445288658;
15.00972271;100;80;479.6546021;0;0;58.54950714;0;4.569841385;
14.99581051;100;80;479.2472229;0;0;58.64955139;0;4.703392506;
14.98223782;100;80;478.8671265;0;0;58.74951172;0;4.834259987;
14.96902657;100;80;478.4550171;0;0;58.84952164;0;4.952944756;
14.95463467;100;80;478.0743713;0;0;58.94952393;0;5.079190731;
14.94156075;100;80;477.6616821;0;0;59.04853439;0;5.193502426;
14.92858982;100;80;477.2804871;0;0;59.1485405;0;5.305681229;
14.9145565;100;80;476.867218;0;0;59.24854279;0;5.424827099;
14.90166664;100;80;476.4855042;0;0;59.34858704;0;5.532614231;
14.88776684;100;80;476.0717468;0;0;59.44855118;0;5.647005558;
14.87500763;100;80;475.6895752;0;0;59.54854965;0;5.750402927;
14.86123657;100;80;475.2752991;0;0;59.64860153;0;5.860044956;
14.84859276;100;80;474.8927002;0;0;59.74858475;0;5.959065914;
14.83495903;100;80;474.4779968;0;0;59.84859085;0;6.06397295;
14.82244682;100;80;474.0950012;0;0;59.94858551;0;6.158629417;
14.80893135;100;80;473.6799316;0;0;60.04859924;0;6.258813858;
14.79654598;100;80;473.2966003;0;0;60.14857864;0;6.349117279;
14.78317356;100;80;472.8811646;0;0;60.24860001;0;6.444594383;
14.77088833;100;80;472.4975281;0;0;60.34858704;0;6.530558109;
14.75763798;100;80;472.0817566;0;0;60.44858551;0;6.621339798;
14.74549389;100;80;471.697876;0;0;60.54859924;0;6.702976704;
14.72033882;100;80;470.8977051;0;0;60.74861145;0;6.866401196;
14.70734406;100;80;470.4814758;0;0;60.84861374;0;6.947836399;
14.69543934;100;80;470.097168;0;0;60.94865799;0;7.020859241;
14.68255806;100;80;469.6807251;0;0;61.04862595;0;7.097643375;
14.67076015;100;80;469.2962646;0;0;61.14863968;0;7.166379452;
14.65804005;100;80;468.8796997;0;0;61.2486496;0;7.238526821;
14.646348;100;80;468.4951172;0;0;61.3486557;0;7.30298996;
14.63373947;100;80;468.0784607;0;0;61.4486618;0;7.370516777;
14.62216759;100;80;467.6937866;0;0;61.54863739;0;7.43072176;
14.60969162;100;80;467.2770691;0;0;61.64865494;0;7.493643284;
14.59821892;100;80;466.892395;0;0;61.74865341;0;7.549603939;
14.5858717;100;80;466.475647;0;0;61.84865189;0;7.607935429;
14.57450771;100;80;466.0909729;0;0;61.94867706;0;7.659666538;
14.56228352;100;80;465.6742554;0;0;62.04866409;0;7.713424206;
14.55104446;100;80;465.2896118;0;0;62.14867783;0;7.760941505;
14.53892899;100;80;464.8729553;0;0;62.24866867;0;7.81014204;
14.52779865;100;80;464.4884033;0;0;62.34872055;0;7.853459358;
14.51582146;100;80;464.0718689;0;0;62.44869614;0;7.898118973;
14.50479794;100;80;463.6874084;0;0;62.54869461;0;7.937253475;
14.49292564;100;80;463.2710266;0;0;62.64870834;0;7.977388859;
14.48200989;100;80;462.8867493;0;0;62.74871063;0;8.012353897;
14.47026062;100;80;462.47052;0;0;62.84872055;0;8.04798317;
14.45946312;100;80;462.0864258;0;0;62.94871902;0;8.078796387;
14.44783497;100;80;461.6704407;0;0;63.04871368;0;8.109934807;
14.4371376;100;80;461.2865906;0;0;63.14870453;0;8.136611938;
14.42561722;100;80;460.8708801;0;0;63.24872589;0;8.163277626;
14.41504765;100;80;460.4872742;0;0;63.34873199;0;8.185833931;
14.40364647;100;80;460.0718689;0;0;63.44871521;0;8.208045959;
14.39311504;100;80;459.6885986;0;0;63.54873276;0;8.226589203;
14.3818264;100;80;459.2735291;0;0;63.64873123;0;8.244353294;
14.37150383;100;80;458.8905945;0;0;63.74873734;0;8.258639336;
14.36027145;100;80;458.4759216;0;0;63.84877777;0;8.272053719;
14.35005569;100;80;458.0933533;0;0;63.9487915;0;8.282290459;
14.33893013;100;80;457.6791382;0;0;64.04875183;0;8.291283607;
14.32876778;100;80;457.2969666;0;0;64.14879608;0;8.297515869;
14.3178091;100;80;456.8812256;0;0;64.24876404;0;8.302079201;
14.30774498;100;80;456.4995117;0;0;64.34877014;0;8.304274559;
14.29689121;100;80;456.0862732;0;0;64.44881439;0;8.304474831;
14.2869339;100;80;455.7050476;0;0;64.54876709;0;8.302653313;
14.27619171;100;80;455.2923584;0;0;64.64879608;0;8.298508644;
14.2663269;100;80;454.9116821;0;0;64.74877167;0;8.292685509;
14.25570583;100;80;454.4995728;0;0;64.84877777;0;8.284216881;
14.24595165;100;80;454.1194458;0;0;64.9487915;0;8.274409294;
14.23541927;100;80;453.7079468;0;0;65.04878998;0;8.261634827;
14.22576046;100;80;453.3284302;0;0;65.14879608;0;8.247862816;
14.21533298;100;80;452.9176331;0;0;65.24880981;0;8.230802536;
14.20575523;100;80;452.5387268;0;0;65.34880066;0;8.213084221;
14.19543362;100;80;452.1286316;0;0;65.44881439;0;8.191758156;
14.18595505;100;80;451.7504272;0;0;65.54880524;0;8.170109749;
14.17574596;100;80;451.3410645;0;0;65.64881134;0;8.144536972;
14.1663599;100;80;450.963562;0;0;65.74882507;0;8.1189785;
14.15624332;100;80;450.5549927;0;0;65.84882355;0;8.089179993;
14.1469574;100;80;450.1782227;0;0;65.94882965;0;8.059729576;
14.13695145;100;80;449.7704773;0;0;66.04885101;0;8.025725365;
14.12774658;100;80;449.3945007;0;0;66.14885712;0;7.99240303;
14.17795563;100;80;448.9875793;0.07812738419;0;66.24887848;0;7.954154968;
14.27547932;100;80;448.6104736;0.1171910763;0;66.34887695;0;7.916621685;
14.36768436;100;80;448.1994019;0.2109439373;0;66.44885254;0;7.873574257;
14.47110081;100;80;447.8179321;0.3437604904;0;66.54885101;0;7.831558704;
14.60829735;100;80;447.4016113;0.3828241825;0;66.64885712;0;7.783473969;
14.7402277;100;80;447.0140076;0.3671987057;0;66.74886322;0;7.73677063;
14.87411499;100;80;446.5904846;0.3281350136;0;66.84886932;0;7.683841228;
14.9882822;100;80;446.1963806;0.2890713215;0;66.94889069;0;7.633043289;
15.10977554;100;80;445.7662048;0.2890713215;0;67.04888153;0;7.576239586;
15.22192001;100;80;445.3661194;0.2890713215;0;67.14891052;0;7.522535801;
15.35086346;100;80;444.9294434;0.3828241825;0;67.24890137;0;7.463422298;
15.48629379;100;80;444.5230408;0.4062623978;0;67.3489151;0;7.408448696;
15.63971615;100;80;444.0786438;0.5000152588;0;67.44891357;0;7.34903717;
15.80979347;100;80;443.6645203;0.7343974113;0;67.54892731;0;7.294951916;
16.15720177;100;80;443.2099915;0.8068894148;0;67.64890289;0;7.237400055;
16.58994293;100;80;442.7808838;0.8391521573;0;67.74891663;0;7.18530035;
17.14440155;100;80;442.3029175;0.8672139645;0;67.84890747;0;7.129980087;
17.8230648;100;80;441.8469543;0.8672139645;0;67.94891357;0;7.079623699;
18.55059242;100;80;441.3324585;0.8515884876;0;68.04891205;0;7.02598238;
19.20127678;100;80;440.8392639;0.8125247955;0;68.14891815;0;6.97764492;
19.87004852;100;80;440.2854919;0.7734611034;0;68.24893951;0;6.926827431;
20.4643631;100;80;439.7569885;0.7734611034;0;68.34893799;0;6.881624222;
21.26154327;100;80;439.1660156;0.9687795639;0;68.44893646;0;6.834271431;
22.07720947;100;80;438.5993652;0.9687795639;0;68.54894257;0;6.791180611;
22.85951424;100;80;437.9613647;0.8281502724;0;68.64894104;0;6.744468212;
23.51922798;100;80;437.3531189;0.8281502724;0;68.74895477;0;6.700674534;
24.24150467;100;80;436.6741333;0.8281502724;0;68.84896851;0;6.651044369;
24.90983963;100;80;436.028717;0.8281502724;0;68.94895172;0;6.601596355;
25.62108421;100;80;435.3098755;0.8125247955;0;69.04898834;0;6.542243481;
26.26981163;100;80;434.6285706;0.8125247955;0;69.14896393;0;6.480381012;
26.98766327;100;80;433.87146;0.8125247955;0;69.24900055;0;6.404411793;
27.72555733;100;80;433.1546936;0.9062776566;0;69.34899139;0;6.325569153;
28.58699226;100;80;432.3565369;0.9062776566;0;69.44897461;0;6.22995472;
29.41522026;100;80;431.5986633;0.8079320788;0;69.54901123;0;6.131710529;
30.30482101;100;80;430.7538452;0.8000000119;0;69.64898682;0;6.013554573;
30.98628616;100;80;429.9528809;0.8094149232;0;69.7490387;0;5.893664837;
31.64352608;100;80;429.0667419;0.8472177982;0;69.84902954;0;5.752077579;
32.18027115;100;80;428.2331543;0.8672139645;0;69.94901276;0;5.610491753;
32.68385315;100;80;427.3158264;0.8672139645;0;70.04901886;0;5.446204185;
33.16037369;100;80;426.4575806;0.8906521797;0;70.149086;0;5.285371304;
33.68348312;100;80;425.5146179;0.8906521797;0;70.24906158;0;5.102037907;
34.16907501;100;80;424.6319885;0.8906521797;0;70.34903717;0;4.92535305;
34.71538162;100;80;423.6624146;0.9297158718;0;70.44903564;0;4.726937771;
35.23093033;100;80;422.7542419;0.9297158718;0;70.54904938;0;4.538525105;
35.78887177;100;80;421.7556152;0.9297158718;0;70.64904785;0;4.330520153;
36.30444336;100;80;420.8198242;0.9297158718;0;70.74905396;0;4.13667202;
36.86265945;100;80;419.7905273;0.9062776566;0;70.84903717;0;3.926447868;
37.35934448;100;80;418.8258362;0.9062776566;0;70.94907379;1.858431458;3.733431339;
37.89083481;100;80;417.7652588;0.9062776566;0;71.04904938;1.652173162;3.527173281;
38.36846924;100;80;416.7717896;0.8672139645;0;71.14907837;1.467012286;3.342012405;
38.85865784;100;80;415.6796875;0.8515884876;0;71.24908447;1.275395513;3.150395632;
39.31227112;100;80;414.6572876;0.8672139645;0;71.34907532;1.109318733;2.984318733;
39.82581329;100;80;413.533783;0.8906521797;0;71.44909668;0.9427555799;2.817755699;
40.30899048;100;80;412.4815369;0.8906521797;0;71.54907227;0.8019450307;2.676944971;
41.34467316;100;80;410.2423706;0.9062776566;0;71.74908447;0.5502507687;2.425250769;
41.89566422;100;80;409.0526428;0.9062776566;0;71.84908295;0.4419184029;2.316918373;
42.40753555;100;80;407.9390869;0.9062776566;0;71.94908905;0.3545131087;2.229513168;
42.96641541;100;80;406.7163391;0.9062776566;0;72.04915619;0.2716954052;2.146695375;
43.48708344;100;80;405.5726013;0.9062776566;0;72.14911652;0.2050895691;2.080089569;
44.04103088;100;80;404.3173523;0.810908258;0;72.24909973;0.1427472085;2.017747164;
44.56371689;100;80;403.1439209;0.8000000119;0;72.34910583;0.09325448424;1.968254447;
45.06404877;100;80;401.856842;0.803448379;0;72.44911957;0.04707954079;1.922079563;
45.48449326;100;80;400.6560059;0.831082046;0;72.5491333;0.00978241954;1.884782434;
45.90277481;100;80;399.3422546;0.8125247955;0;72.64912415;-0.02665108256;1.848348975;
46.19897079;100;80;398.118927;0.6953337193;0;72.74914551;-0.05811077356;1.816889167;
46.47227859;100;80;396.7849121;0.671895504;0;72.84912872;-0.09150217474;1.78349781;
46.72935486;100;80;395.5463257;0.7343974113;0;72.94915771;-0.1231094375;1.75189054;
47.03228378;100;80;394.1965027;0.7343974113;0;73.04917145;-0.159744665;1.71525538;
47.30448914;100;80;392.9428101;0.7109591961;0;73.1491394;-0.1969982088;1.678001761;
47.58977127;100;80;391.5766907;0.6953337193;0;73.24914551;-0.2416707873;1.633329272;
47.83848572;100;80;390.3084717;0.671895504;0;73.34914398;-0.2870657146;1.587934256;
48.10511398;100;80;388.9272156;0.671895504;0;73.44915771;-0.3408837616;1.534116268;
48.35190582;100;80;387.6455078;0.671895504;0;73.54917145;-0.3949362934;1.480063677;
48.62879181;100;80;386.2497559;0.671895504;0;73.64916229;-0.4583128691;1.416687131;
48.88538742;100;80;384.9544678;0.671895504;0;73.74919128;-0.5213322639;1.353667736;
49.15380859;100;80;383.5438232;0.671895504;0;73.8491745;-0.5945466757;1.280453324;
49.38684845;100;80;382.2350464;0.6015808582;0;73.94917297;-0.6665452123;1.208454847;
49.6174469;100;80;380.8105469;0.6172063351;0;74.04918671;-0.7488811016;1.126118898;
49.83822632;100;80;379.4898987;0.6328318119;0;74.14918518;-0.8275478482;1.047452211;
50.08239746;100;80;378.0525208;0.6328318119;0;74.24919128;-0.9123783708;0.9626216292;
50.30749893;100;80;376.7193604;0.6328318119;0;74.34918976;-0.9872882962;0.8877117038;
50.55076218;100;80;375.2680664;0.6328318119;0;74.44922638;-1.062945008;0.8120549917;
50.77545166;100;80;373.921875;0.6328318119;0;74.54920197;-1.127094626;0.7479054332;
51.01753998;100;80;372.4564209;0.6172063351;0;74.6492691;-1.190061331;0.6849387288;
51.24009323;100;80;371.097229;0.6328318119;0;74.74921417;-1.241975069;0.633024931;
51.4831543;100;80;369.6177673;0.6328318119;0;74.84923553;-1.291376829;0.5836231709;
51.7083168;100;80;368.245636;0.6328318119;0;74.94924164;-1.330672622;0.5443274379;
51.95323944;100;80;366.7521973;0.6328318119;0;75.04922485;-1.366503239;0.5084968209;
52.18043137;100;80;365.3671875;0.6328318119;0;75.14922333;-1.39400506;0.4809949696;
52.42431259;100;80;363.8598328;0.6328318119;0;75.24925232;-1.418656945;0.4563430548;
52.90619659;100;80;360.9408875;0.6328318119;0;75.4492569;-1.45540309;0.4195968509;
53.1343956;100;80;359.5301819;0.6562700272;0;75.54929352;-1.468724728;0.4062753022;
53.38651657;100;80;357.9875793;0.6328318119;0;75.64927673;-1.480453491;0.3945465088;
53.61384583;100;80;356.5639648;0.6328318119;0;75.74926758;-1.488773227;0.3862267435;
53.85879135;100;80;355.0148926;0.6328318119;0;75.84926605;-1.49497664;0.3800233006;
54.08430481;100;80;353.5786438;0.6172063351;0;75.9492569;-1.498134136;0.376865834;
54.31837463;100;80;352.0159607;0.6172063351;0;76.04927063;-1.498743892;0.3762561381;
54.58287811;100;80;350.5825195;0.6172063351;0;76.14929199;-1.496410489;0.3785895109;
54.85881042;100;80;349.0057983;0.6328318119;0;76.2492981;-1.491581678;0.3834183812;
55.12198257;100;80;347.5427551;0.6328318119;0;76.34928131;-1.483418226;0.3915817738;
55.33652878;100;80;345.9507751;0.6328318119;0;76.44930267;-1.4731884;0.4018115699;
55.52169418;100;80;344.4752197;0.6328318119;0;76.5483017;-1.460436106;0.4145638347;
55.68920517;100;80;342.8712463;0.6328318119;0;76.64829254;-1.444008589;0.4309913516;
55.84378433;100;80;341.3863831;0.6172063351;0;76.74829102;-1.427106738;0.4478932023;
56.00643158;100;80;339.7730103;0.6172063351;0;76.84830475;-1.408867955;0.4661320448;
56.15543747;100;80;338.2795715;0.6172063351;0;76.94831848;-1.393654704;0.4813452959;
56.32132721;100;80;336.6571655;0.6328318119;0;77.04831696;-1.379639626;0.4953603745;
56.47620773;100;80;335.1552734;0.6328318119;0;77.1483078;-1.369293571;0.5057064295;
56.64373779;100;80;333.5235291;0.6328318119;0;77.24832153;-1.361093879;0.5139061213;
56.79824829;100;80;332.013031;0.6328318119;0;77.3483429;-1.356375694;0.5186243057;
56.96562195;100;80;330.3719788;0.6328318119;0;77.44836426;-1.354400992;0.520598948;
57.12174225;100;80;328.8529053;0.6562700272;0;77.54833221;-1.355501175;0.5194988251;
57.29390335;100;80;327.2025146;0.6328318119;0;77.64833069;-1.359884739;0.5151152611;
57.44826889;100;80;325.6747131;0.6328318119;0;77.74834442;-1.366897941;0.5081020594;
57.61520767;100;80;324.0149841;0.6328318119;0;77.8483429;-1.377728939;0.4972710907;
57.76942444;100;80;322.4786682;0.6328318119;0;77.948349;-1.390736938;0.4842630625;
57.93647003;100;80;320.8097229;0.6172063351;0;78.0483551;-1.408086419;0.4669136405;
58.08543015;100;80;319.2649231;0.6172063351;0;78.14836121;-1.42696178;0.4480382204;
58.24604416;100;80;317.5869751;0.6172063351;0;78.2484436;-1.450212955;0.4247870445;
58.39451599;100;80;316.0340271;0.6172063351;0;78.34836578;-1.47323668;0.4017633498;
58.55538559;100;80;314.3471985;0.6172063351;0;78.44842529;-1.498503685;0.3764962852;
58.70376205;100;80;312.7860107;0.6172063351;0;78.54837799;-1.521552205;0.3534477949;
58.86410904;100;80;311.0902405;0.6172063351;0;78.64837646;-1.54581058;0.3291894495;
59.01192093;100;80;309.5207825;0.6172063351;0;78.74838257;-1.567130089;0.3078699112;
59.17203522;100;80;307.8160706;0.6172063351;0;78.84838867;-1.588093877;0.2869060636;
59.31974411;100;80;306.2383728;0.6172063351;0;78.94838715;-1.60493803;0.2700619996;
59.47967148;100;80;304.5246582;0.6172063351;0;79.04840088;-1.620251656;0.2547483444;
59.62717819;100;80;302.9386597;0.6172063351;0;79.14848328;-1.631540775;0.2434592247;
59.78813934;100;80;301.2160034;0.6172063351;0;79.24842072;-1.640604734;0.2343952656;
59.94021988;100;80;299.6217041;0.6328318119;0;79.34841156;-1.64600873;0.228991285;
60.10630417;100;80;297.8899231;0.6328318119;0;79.44841766;-1.648633957;0.2263660282;
60.25982285;100;80;296.2871094;0.6328318119;0;79.54841614;-1.648186326;0.2268137336;
60.42609024;100;80;294.546051;0.6328318119;0;79.64842224;-1.644721389;0.2302785665;
60.57947922;100;80;292.9346619;0.6328318119;0;79.74842834;-1.639492869;0.2355071753;
60.7456398;100;80;291.1843872;0.6328318119;0;79.84844208;-1.632496953;0.2425030917;
60.89783478;100;80;289.5644836;0.6172063351;0;79.94844055;-1.625087738;0.2499122173;
61.05757523;100;80;287.8050232;0.6172063351;0;80.04844666;-1.616200566;0.2587994039;
61.20473099;100;80;286.1768188;0.6172063351;0;80.14845276;-1.607298136;0.267701894;
61.36418915;100;80;284.4084778;0.6172063351;0;80.24845123;-1.597072482;0.2779275477;
61.51119614;100;80;282.7720642;0.6172063351;0;80.34845734;-1.587242842;0.2877571285;
61.66825104;100;80;280.994873;0.578142643;0;80.44848633;-1.576997757;0.2980023026;
61.80015564;100;80;279.3504028;0.578142643;0;80.54846191;-1.568990588;0.3060093522;
61.94200897;100;80;277.5649414;0.5625171661;0;80.64846802;-1.562340856;0.3126591444;
62.06835175;100;80;275.9131775;0.5625171661;0;80.74847412;-1.558300138;0.3166998327;
62.20568085;100;80;274.1199646;0.578142643;0;80.84853363;-1.556361914;0.3186381161;
62.33686447;100;80;272.4611511;0.578142643;0;80.9485321;-1.556891561;0.3181084096;
62.47927475;100;80;270.6601563;0.578142643;0;81.04849243;-1.56001997;0.3149800003;
62.61055374;100;80;268.9940796;0.578142643;0;81.14848328;-1.565287113;0.3097129464;
62.75259399;100;80;267.1852722;0.578142643;0;81.24849701;-1.57358706;0.30141294;
62.87519455;100;80;265.5119629;0.523453474;0;81.34848785;-1.583656788;0.2913431823;
62.99484253;100;80;263.6956177;0.523453474;0;81.44850159;-1.597185969;0.2778140604;
63.10451508;100;80;262.0159607;0.523453474;0;81.54850769;-1.612095714;0.2629042864;
63.2238121;100;80;260.1930237;0.523453474;0;81.64852142;-1.63079524;0.2442047894;
63.33387375;100;80;258.5072937;0.523453474;0;81.74852753;-1.650300026;0.2247000188;
63.44782257;100;80;256.6778564;0.5000152588;0;81.848526;-1.673259616;0.2017403692;
63.55218506;100;80;254.9862518;0.5000152588;0;81.94851685;-1.695618153;0.1793818176;
63.66276932;100;80;253.1505585;0.5000152588;0;82.04852295;-1.720876098;0.1541238725;
63.76343155;100;80;251.4532623;0.5000152588;0;82.14853668;-1.745026708;0.1299732774;
63.87229538;100;80;249.6115112;0.5000152588;0;82.24853516;-1.772025108;0.1029749364;
63.99850082;100;80;247.9085999;0.5000152588;0;82.34857941;-1.797899008;0.07710102201;
64.13252258;100;80;246.059967;0.5000152588;0;82.44855499;-1.827403069;0.04759693891;
64.23852539;100;80;244.3502655;0.5000152588;0;82.5485611;-1.857459903;0.01754004508;
64.33575439;100;80;242.4951172;0.5000152588;0;82.64855194;-1.85371995;-0.02128010802;
64.39949799;100;80;240.7804108;0.523453474;0;82.74855804;-1.808711171;-0.0662888214;
64.45774841;100;80;238.9213409;0.484389782;0;82.84857178;-1.746093631;-0.1289063692;
64.50254822;100;80;237.204361;0.5000152588;0;82.94857025;-1.672142863;-0.2028571218;
64.54680634;100;80;235.3439331;0.5000152588;0;83.04857635;-1.571148872;-0.3038511276;
64.58203888;100;80;233.6268311;0.5000152588;0;83.14857483;-1.456171155;-0.418828845;
64.61442566;100;80;231.7675323;0.5000152588;0;83.24858856;-1.305631161;-0.5693688393;
64.6388092;100;80;230.0528107;0.5000152588;0;83.34858704;-1.140629768;-0.734370172;
64.66056824;100;80;228.1977539;0.5000152588;0;83.44861603;-0.9315793514;-0.9434206486;
64.67621613;100;80;226.4886322;0.5000152588;0;83.54860687;-0.7088857293;-1.166114211;
64.68983459;100;80;224.6416473;0.5000152588;0;83.64859772;-0.4338427484;-1.441157222;
64.70068359;100;80;222.9419098;0.5000152588;0;83.74860382;-0.1475918144;-1.727408171;
64.71157837;100;80;221.1072693;0.5000152588;0;83.84860229;0.1985491216;-2.073549032;
64.72327423;100;80;219.4209442;0.484389782;0;83.94863892;0.5518291593;-2.4268291;
64.72624969;100;80;217.60289;0.4218878746;0;84.0486145;0.9712999463;-2.846299887;
64.71417999;100;80;215.934021;0.4062623978;0;84.14863586;1.392166018;-3.267166138;
64.69615936;100;80;214.137558;0.4062623978;0;84.24862671;0;-3.759226322;
64.67980194;100;80;212.49086;0.4218878746;0;84.34862518;-0;-4.246805668;
64.66415405;100;80;210.7206573;0.3828241825;0;84.44862366;-0;-4.811069965;
64.6388092;100;80;209.1001587;0.3281350136;0;84.54866028;-0;-5.364791393;
64.60726929;100;80;207.3606415;0.3046967983;0;84.64866638;-0;-5.999762058;
64.59266663;100;80;205.7706146;0.3046967983;0;84.74864197;-0;-6.617625237;
64.59541321;100;80;204.0654144;0.3281350136;0;84.84864044;-0;-7.319164276;
64.61090851;100;80;202.5063934;0.3281350136;0;84.94864655;-0;-7.991722107;
64.63441467;100;80;200.831192;0.3437604904;0;85.04866028;-0;-8.740213394;
64.6580658;100;80;199.2945251;0.3437604904;0;85.1486969;-0;-9.44247818;
64.68148041;100;80;197.6368103;0.3281350136;0;85.24868774;-0;-10.20844555;
64.69759369;100;80;196.1103668;0.3046967983;0;85.34866333;-0;-10.91509438;
64.71103668;100;80;194.4585114;0.3046967983;0;85.44868469;-0;-11.67614365;
64.72107697;100;80;192.9340057;0.2890713215;0;85.54867554;-0;-12.37234402;
64.72795868;100;80;191.282074;0.2656331062;0;85.64868164;-0;-13.11845207;
64.72935486;100;80;189.7565613;0.2656331062;0;85.74868774;-0;-13.79905987;
64.727211;100;80;188.1031647;0.2500076294;0;85.84869385;-0;-14.52720356;
64.722435;100;80;186.5762634;0.2500076294;0;85.94869232;-0;-15.19065475;
64.71675873;100;80;184.9213867;0.2500076294;0;86.04869843;-0;-15.89987183;
64.71155548;100;80;183.3931427;0.2500076294;0;86.14870453;-0;-16.54567719;
64.70586395;100;80;181.7368469;0.2500076294;0;86.24871063;-0;-17.23566437;
64.70057678;100;80;180.2073364;0.2500076294;0;86.34873199;-0;-17.863657;
64.69208527;100;80;178.5497131;0.2265694141;0;86.44871521;-0;-18.53425217;
64.67818451;100;80;177.019043;0.2265694141;0;86.54871368;-0;-19.14402008;
64.65812683;100;80;175.3522797;0.2265694141;0;86.64872742;-0;-19.79399681;
64.63280487;100;80;173.8282013;0.1953184605;0;86.74873352;-0;-20.38258743;
64.58714294;100;80;172.1586304;0.1718802452;0;86.84873199;-0;-21.0049572;
64.53489685;100;80;170.6302795;0.1718802452;0;86.9487381;-0;-21.56240463;
64.47247314;100;80;168.9617615;0.1718802452;0;87.04873657;-0;-22.14413071;
64.40800476;100;80;167.4084015;0.1718802452;0;87.14875031;-0;-22.66020775;
64.32406616;100;80;165.7277527;0.1718802452;0;87.24874878;-0;-23.18792534;
64.23077393;100;80;164.1697693;0.1328165531;0;87.34875488;-0;-23.64642143;
64.10990906;100;80;162.4741974;0.1328165531;0;87.44879913;-0;-24.10861778;
63.98436737;100;80;160.9012909;0.1328165531;0;87.54876709;-0;-24.50004578;
63.83602524;100;80;159.1882477;0.1328165531;0;87.64877319;-0;-24.88242722;
63.69042206;100;80;157.5982361;0.1328165531;0;87.7487793;-0;-25.19395065;
63.52517319;100;80;155.8660583;0.1328165531;0;87.84877777;-0;-25.48364449;
63.370327;100;80;154.2583313;0.1328165531;0;87.94877625;-0;-25.704916;
63.20025253;100;80;152.5074463;0.1328165531;0;88.04878998;-0;-25.89291573;
63.03983307;100;80;150.8834229;0.1171910763;0;88.14880371;-0;-26.01793289;
62.85639572;100;80;149.1166382;0.1328165531;0;88.24880219;-0;-26.10030746;
62.67926788;100;80;147.4800568;0.1328165531;0;88.34880829;-0;-26.12714767;
62.48796082;100;80;145.7021637;0.1328165531;0;88.44882202;-0;-26.10239792;
62.30917358;100;80;144.0574799;0.1328165531;0;88.54880524;-0;-26.02883148;
62.11549759;100;80;142.2731934;0.1328165531;0;88.6488266;-0;-25.89379311;
61.93691635;100;80;140.6251068;0.1328165531;0;88.74881744;-0;-25.71802521;
61.74550629;100;80;138.8400879;0.1328165531;0;88.84881592;-0;-25.47243118;
61.5753746;100;80;137.1941528;0.1328165531;0;88.94882202;-0;-25.19524574;
61.39421844;100;80;135.414566;0.1328165531;0;89.04885864;-0;-24.84088516;
61.2314949;100;80;133.7766266;0.1171910763;0;89.1488266;-0;-24.46497536;
61.0711174;100;80;132.0088959;0.1328165531;0;89.24884033;-0;-24.00630951;
60.94394302;100;80;130.3845215;0.1328165531;0;89.34883881;-0;-23.53660965;
60.82603836;100;80;128.6338959;0.1328165531;0;89.44884491;-0;-22.97991943;
60.73075485;100;80;127.0271606;0.1328165531;0;89.54885101;-0;-22.42511368;
60.63999176;100;80;125.2971497;0.1328165531;0;89.64884949;-0;-21.78400612;
60.56398773;100;80;123.7103043;0.1328165531;0;89.74885559;-0;-21.15891266;
60.48701477;100;80;122.0023804;0.1328165531;0;89.84886169;-0;-20.44926643;
60.42076874;100;80;120.4363098;0.1328165531;0;89.94887543;-0;-19.76691818;
60.35403061;100;80;118.751297;0.1328165531;0;90.0488739;-0;-19.00032043;
60.29535294;100;80;117.206871;0.1328165531;0;90.14888;-0;-18.2688961;
60.23234558;100;80;115.5460281;0.1328165531;0;90.24889374;-0;-17.45227432;
60.17509079;100;80;114.0246658;0.1328165531;0;90.34888458;-0;-16.6772728;
60.11397552;100;80;112.38974;0.1328165531;0;90.44889069;-0;-15.81553745;
60.06141663;100;80;110.8933716;0.1328165531;0;90.54888916;-0;-15.00021362;
60.01110077;100;80;109.2867432;0.1328165531;0;90.64889526;-0;-14.09596539;
59.96773148;100;80;107.817482;0.1328165531;0;90.74889374;-0;-13.24288464;
59.92396545;100;80;106.2408218;0.1328165531;0;90.8489151;-0;-12.30086517;
59.88653564;100;80;104.7990646;0.1328165531;0;90.94891357;-0;-11.41666508;
59.84780121;100;80;103.2516937;0.1328165531;0;91.04891968;-0;-10.44475842;
59.81348419;100;80;101.8365402;0.1328165531;0;91.14891815;-0;-9.536233902;
59.77831268;100;80;100.317543;0.1328165531;0;91.24892426;-0;-8.541025162;
59.74698257;100;80;98.92832947;0.1328165531;0;91.34893036;-0;-7.613343716;
59.71376419;100;80;97.43724823;0.1328165531;0;91.44892883;-0;-6.599840164;
59.68390656;100;80;96.07357788;0.1328165531;0;91.54896545;-0;-5.657470703;
59.62251282;100;80;93.27169037;0.1328165531;0;91.74894714;1.801448107;-3.676448107;
59.59078979;100;80;91.83579254;0.1328165531;0;91.84895325;0.7632050514;-2.638205051;
59.56160736;100;80;90.52350616;0.1328165531;0;91.94895172;-0.1996678114;-1.675332189;
59.53004456;100;80;89.11660767;0.1328165531;0;92.04901123;-1.247494817;-0.6275051832;
59.50093842;100;80;87.8320694;0.1328165531;0;92.14896393;-1.53101182;0.3439881206;
59.46966553;100;80;86.45645142;0.1328165531;0;92.2489624;-0.474006176;1.400993824;
59.44185638;100;80;85.2019577;0.1328165531;0;92.34899902;0.5057376623;2.380737543;
59.41224289;100;80;83.86005402;0.1328165531;0;92.44898224;1.571196318;3.446196318;
59.38485336;100;80;82.63741302;0.1328165531;0;92.54898071;0;4.432462215;
59.35527802;100;80;81.32985687;0.1328165531;0;92.64898682;0;5.502390385;
59.32766724;100;80;80.13813782;0.1328165531;0;92.74898529;0;6.490249634;
59.29552078;100;80;78.86339569;0.1171910763;0;92.84901428;0;7.55941391;
59.26071548;100;80;77.70129395;0.09375286102;0;92.9489975;0;8.543954849;
59.21604156;100;80;76.45780945;0.07812738419;0;93.04901123;0;9.606884956;
59.16460419;100;80;75.32449341;0.05468916893;0;93.14900208;0;10.58418941;
59.09194183;100;80;74.11310577;0;0;93.24900818;0;11.63826942;
59.00234985;100;80;73.01084137;0;0;93.34902191;0;12.60649681;
58.90016174;100;80;71.8350296;0;0;93.44902039;0;13.6499176;
58.80240631;100;80;70.76708221;0;0;93.54902649;0;14.59766579;
58.68527222;100;80;69.64012909;0;0;93.64903259;0;15.62810898;
58.55519867;100;80;68.6065979;0;0;93.7490387;0;16.64799309;
58.42155075;100;80;67.50250244;0;0;93.84903717;0;17.57570839;
58.27823257;100;80;66.49452972;0;0;93.94904327;0;18.56129265;
58.14359665;100;80;65.41069031;0;0;94.04804993;0;19.44884109;
58.00607681;100;80;64.41497803;0;0;94.14805603;0;20.31258202;
57.85589981;100;80;63.340271;0;0;94.2480545;0;21.22010994;
57.7177887;100;80;62.35152435;0;0;94.34806824;0;22.03102112;
57.5684433;100;80;61.28387833;0;0;94.44812012;0;22.87995529;
57.43077087;100;80;60.30177689;0;0;94.54806519;0;23.63605881;
57.28240204;100;80;59.24187469;0;0;94.64807129;0;24.4251709;
57.14599228;100;80;58.26759338;0;0;94.74806976;0;25.12577629;
56.99850464;100;80;57.21699905;0;0;94.84807587;0;25.85454941;
56.86323929;100;80;56.25216293;0;0;94.9480896;0;26.49931717;
56.7172699;100;80;55.21277237;0;0;95.04808807;0;27.16748428;
56.5826416;100;80;54.25921249;0;0;95.14809418;0;27.75621414;
56.43538284;100;80;53.23313904;0;0;95.24819946;0;28.363657;
56.30290222;100;80;52.29301071;0;0;95.34810638;0;28.89636612;
56.15966797;100;80;51.28282547;0;0;95.44810486;0;27.61231613;
56.02756882;100;80;50.35895538;0;0;95.54811096;0;26.1907444;
55.88478088;100;80;49.36791992;0;0;95.64811707;0;24.64535332;
55.7536087;100;80;48.46275711;0;0;95.74816895;0;23.21440887;
55.61197281;100;80;47.49328995;0;0;95.84814453;0;21.6599884;
55.48176575;100;80;46.60933304;0;0;95.94815063;0;20.22175789;
55.21157074;100;80;44.80456543;0;0;96.14814758;0;17.21720314;
55.07196045;100;80;43.88752747;0;0;96.24813843;0;15.65158367;
54.94366837;100;80;43.05521011;0;0;96.34815216;0;14.20511723;
54.80500031;100;80;42.16990662;0;0;96.44818878;0;12.63729477;
54.67761993;100;80;41.3687973;0;0;96.54815674;0;11.18982029;
54.5401001;100;80;40.51947784;0;0;96.64816284;0;9.622002602;
54.41355515;100;80;39.75368118;0;0;96.74816132;0;8.17553997;
54.27787781;100;80;38.94500732;0;0;96.84819794;0;6.609892368;
54.15537643;100;80;38.21896744;0;0;96.94816589;0;5.166325092;
54.01956558;100;80;37.45589066;0;0;97.048172;1.729872346;3.604872227;
53.89454269;100;80;36.77409744;0;0;97.1481781;0.2912305593;2.16623044;
53.75984955;100;80;36.06101227;0;0;97.2481842;-1.263836145;0.6111638546;
53.63490677;100;80;35.42797089;0;0;97.34818268;-1.054388881;-0.8206111789;
53.49905014;100;80;34.77112961;0;0;97.44819641;0.492107749;-2.367107868;
53.37696075;100;80;34.19300842;0;0;97.54821777;0;-3.790076971;
53.24536133;100;80;33.59922028;0;0;97.64819336;-0;-5.326230526;
53.1238327;100;80;33.08286667;0;0;97.74823761;-0;-6.738800526;
52.99277878;100;80;32.55915833;0;0;97.8482132;-0;-8.262739182;
52.8724823;100;80;32.11000443;0;0;97.9482193;-0;-9.663181305;
52.74253082;100;80;31.66193199;0;0;98.04821777;-0;-11.17306137;
52.62652969;100;80;31.28520775;0;0;98.14821625;-0;-12.55975437;
52.50615692;100;80;30.91848564;0;0;98.24822235;-0;-14.05409145;
52.40007401;100;80;30.61952019;0;0;98.34828949;-0;-15.43314075;
52.2929039;100;80;30.33941269;0;0;98.44823456;-0;-16.90423012;
52.19942474;100;80;30.12714386;0;0;98.54824829;-0;-18.26156998;
52.10329437;100;80;29.94654846;0;0;98.64823914;-0;-19.72472;
52.01828766;100;80;29.82979965;0;0;98.74824524;-0;-21.07618523;
51.92898941;100;80;29.76094246;0;0;98.84825134;-0;-22.52686691;
51.84736633;100;80;29.75450516;0;0;98.94824982;-0;-23.86143494;
51.75889587;100;80;29.81245422;0;0;99.04828644;-0;-25.30329895;
51.67816925;100;80;29.92845726;0;0;99.14826202;-0;-26.63144684;
51.59057617;100;80;30.12367058;0;0;99.24826813;-0;-28.06799126;
51.50918579;100;80;30.3686409;0;0;99.3482666;0;28.81880951;
51.42140579;100;80;30.7031517;0;0;99.44827271;0;28.43261337;
51.34055328;100;80;31.07364273;0;0;99.54828644;0;28.07898521;
51.25252151;100;80;31.53880501;0;0;99.64829254;0;27.69819641;
51.17112732;100;80;32.02309418;0;0;99.74829102;0;27.34722328;
51.08315659;100;80;32.60231781;0;0;99.84829712;0;26.96572495;
51.00207901;100;80;33.18321609;0;0;99.94829559;0;26.61127472;
50.91429901;100;80;33.85886765;0;0;100.0483017;0;26.22433662;
50.83338547;100;80;34.52243423;0;0;100.1483078;0;25.864254;
50.74583435;100;80;35.28152084;0;0;100.2483063;0;25.47092819;
50.66515732;100;80;36.01680756;0;0;100.34832;0;25.10485268;
50.5778923;100;80;36.84819794;0;0;100.4483261;0;24.70502853;
50.49695206;100;80;37.64550781;0;0;100.5483475;0;24.33292961;
50.40638733;100;80;38.53908157;0;0;100.6483231;0;23.9262886;
50.32169724;100;80;39.38915634;0;0;100.7483368;0;23.54718208;
50.23064423;100;80;40.33435059;0;0;100.8483353;0;23.13056183;
50.14662933;100;80;41.22604752;0;0;100.9483643;0;22.73885727;
50.05580902;100;80;42.21025467;0;0;101.0483398;0;22.30612183;
49.97236633;100;80;43.13399124;0;0;101.1483459;0;21.89872742;
49.88243866;100;80;44.14970016;0;0;101.2483597;0;21.44867516;
49.79983521;100;80;45.09994888;0;0;101.3483582;0;21.02520561;
49.71126556;100;80;46.14196014;0;0;101.4483871;0;20.55780792;
49.6325798;100;80;47.1145668;0;0;101.5483704;0;20.11861038;
49.54965973;100;80;48.17916489;0;0;101.6483994;0;19.63487244;
49.47375107;100;80;49.17173004;0;0;101.7483826;0;19.18246841;
49.39471054;100;80;50.21108627;0;0;101.848381;0;18.70768929;
49.31159973;100;80;51.31528473;0;0;101.9483871;0;18.21285439;
49.23309708;100;80;52.34177399;0;0;102.048439;0;17.7575798;
49.14584732;100;80;53.46766281;0;0;102.1483917;0;17.26886177;
49.06352997;100;80;54.52039337;0;0;102.2484055;0;16.8243885;
48.97426987;100;80;55.67588425;0;0;102.3483963;0;16.35245323;
48.89247513;100;80;56.75647736;0;0;102.4484177;0;15.92737389;
48.80407333;100;80;57.94202805;0;0;102.5484085;0;15.47942829;
48.72272491;100;80;59.04943085;0;0;102.6484146;0;15.07784653;
48.63718796;100;80;60.26226044;0;0;102.7484207;0;14.65574551;
48.56192017;100;80;61.39302826;0;0;102.8484192;0;14.27788544;
48.48252106;100;80;62.6291275;0;0;102.9484253;0;13.88051701;
48.41003799;100;80;63.77908325;0;0;103.0484314;0;13.52316952;
48.33232498;100;80;65.03287506;0;0;103.1484375;0;13.14424038;
48.26190567;100;80;66.19634247;0;0;103.248436;0;12.80059242;
48.18650055;100;80;67.46234131;0;0;103.3484497;0;12.43381596;
48.11717987;100;80;68.63529205;0;0;103.4484711;0;12.09919357;
48.04235458;100;80;69.90969849;0;0;103.5484543;0;11.73932171;
47.97369003;100;80;71.08863068;0;0;103.6484604;0;11.40821362;
46.78965378;100;80;72.36742401;0;100;103.7484589;0;11.05233479;
44.20277405;100;80;73.51593781;0;100;103.848465;0;10.73958588;
