sep=;
unknown1; unknown2; currentSpeed; currentLimit; nextLimit; distance; gaspedal; brakepedal; timestamp


0.3417544961;100;80;512.0533447;0;0;0.1000114977;
0.50966537;100;80;512.0422974;0;0;0.1999839842;
0.6574826241;100;80;512.0284424;0;0;0.2999964952;
0.8084523678;100;80;512.0095825;0;0;0.3999890089;
0.9429250956;100;80;511.9882507;0;0;0.500005126;
1.085135102;100;80;511.960968;0;0;0.5999966264;
1.212842345;100;80;511.9321594;0;0;0.7000106573;
1.34761095;100;80;511.8970642;0;0;0.8000037074;
1.468875527;100;80;511.8611755;0;0;0.9000357389;
1.596795797;100;80;511.8186646;0;0;1.000020027;
1.711931825;100;80;511.776123;0;0;1.100016117;
1.833490491;100;80;511.726593;0;0;1.200018883;
1.942816019;100;80;511.6777344;0;0;1.300023198;
2.058231354;100;80;511.6214905;0;0;1.400063396;
2.162084579;100;80;511.5666504;0;0;1.500043631;
2.271683216;100;80;511.5040894;0;0;1.600039721;
2.370165825;100;80;511.4435425;0;0;1.700047612;
2.474046707;100;80;511.3749695;0;0;1.800037622;
2.567464828;100;80;511.309021;0;0;1.900039315;
2.665919065;100;80;511.2347717;0;0;2.000055313;
2.754350662;100;80;511.1636963;0;0;2.100049019;
2.84766221;100;80;511.0840149;0;0;2.200071812;
2.931440115;100;80;511.0081177;0;0;2.300051451;
3.01984477;100;80;510.9233398;0;0;2.400057793;
3.099276304;100;80;510.8428345;0;0;2.500062704;
3.183006048;100;80;510.7532349;0;0;2.600086451;
3.25831604;100;80;510.6683655;0;0;2.700087547;
3.33768034;100;80;510.5741577;0;0;2.800076485;
3.409047127;100;80;510.4851685;0;0;2.900074244;
3.484276295;100;80;510.3866272;0;0;3.000079632;
3.551908255;100;80;510.2937317;0;0;3.100080729;
3.623131275;100;80;510.19104;0;0;3.200120449;
3.687477827;100;80;510.0944519;0;0;3.300097704;
3.754608631;100;80;509.987854;0;0;3.400092125;
3.815228224;100;80;509.8872375;0;0;3.500100613;
3.879111528;100;80;509.776947;0;0;3.600099802;
3.936835289;100;80;509.6740417;0;0;3.700119972;
3.997077227;100;80;509.5597229;0;0;3.80011034;
4.051499844;100;80;509.4537048;0;0;3.900116205;
4.109136105;100;80;509.3360291;0;0;4.00011301;
4.160742283;100;80;509.2264709;0;0;4.100115776;
4.215143204;100;80;509.1062012;0;0;4.200145721;
4.264059067;100;80;508.9938354;0;0;4.300124168;
4.315690041;100;80;508.8706055;0;0;4.400128841;
4.362080574;100;80;508.7555237;0;0;4.50014782;
4.4110322;100;80;508.6294556;0;0;4.600133419;
4.454976082;100;80;508.5118408;0;0;4.700139046;
4.501331329;100;80;508.3830872;0;0;4.80013895;
4.542961121;100;80;508.2630615;0;0;4.900165558;
4.586797714;100;80;508.1317749;0;0;5.00018549;
4.626177788;100;80;508.009491;0;0;5.100148201;
4.667592049;100;80;507.8757935;0;0;5.200149536;
4.704742432;100;80;507.7513428;0;0;5.300158978;
4.743849754;100;80;507.615387;0;0;5.400160313;
4.778865814;100;80;507.4888916;0;0;5.50016737;
4.815757751;100;80;507.3507996;0;0;5.60016489;
4.848898411;100;80;507.2223816;0;0;5.70016861;
4.883832932;100;80;507.0822754;0;0;5.800170898;
4.91519928;100;80;506.9520569;0;0;5.900177002;
4.948235512;100;80;506.8100281;0;0;6.000180244;
4.977853775;100;80;506.6780701;0;0;6.100183487;
5.009109974;100;80;506.5342407;0;0;6.200212002;
5.037197113;100;80;506.4006653;0;0;6.300187111;
5.066761494;100;80;506.255127;0;0;6.400194645;
5.093299866;100;80;506.1200256;0;0;6.500201702;
5.108446598;100;80;506.0521851;0;0;6.550205231;
0;0;6.600205898;5.133812904;100;80;505.9046631;0;0;6.65019989;
5.160508633;100;80;505.7677612;0;0;6.750212669;
6.800205231;5.184385777;100;80;505.6187134;0;
5.209458828;100;80;505.4804688;0;0;
5.231888771;100;80;505.3300171;0;
5.255449295;100;80;505.1904907;0;0;7.150220394;
0;7.200247765;5.27647543;100;80;505.0386963;0;0;
5.298529625;100;80;504.8980103;0;0;7.350226879;
0;7.400228977;5.318301201;100;80;504.7449646;0;0;
5.33905983;100;80;504.6031494;0;0;7.550243855;
5.357640743;100;80;504.4489441;
5.377173901;100;80;504.3060608;0;0;7.750240326;
5.394690514;100;80;504.1507568;0;0;7.850243568;
5.413048267;100;80;504.006897;0;0;7.950242043;
5.429494381;100;80;503.8505554;0;
5.446770191;100;80;503.7057495;0;0;8.150263786;
5.462256908;100;80;503.5484314;0;0;8.250255585;
0;8.300258636;5.478487015;100;80;503.402771;0;0;8.35025692;
5.493026733;100;80;503.2445374;0;0;
5.508321762;100;80;503.098053;0;0;8.550263405;
0;8.600266457;5.522005081;100;80;502.9389648;0;0;8.650268555;
5.536380291;100;80;502.7917175;0;0;8.75026989;
5.549250126;100;80;502.6317749;0;
5.562781334;100;80;502.4838257;0;0;8.950285912;
5.57491827;100;80;502.3231201;0;
0;9.100307465;5.587658405;100;80;502.174469;0;0;9.150287628;
5.599071026;100;80;502.0130615;0;0;9.250286102;
5.61107111;100;80;501.8637695;0;0;9.350290298;
5.621848106;100;80;501.7016907;0;0;9.450297356;
9.500294685;5.633170605;100;80;501.5517578;0;0;9.550299644;
5.643309593;100;80;501.3890686;0;0;9.650307655;
5.653986931;100;80;501.2385559;0;0;9.750307083;
0;9.800314903;5.66357851;100;80;501.0752563;0;0;9.850305557;
0;9.900314331;5.673659325;100;80;500.9242249;0;0;9.950310707;
10.00031662;5.682695389;100;80;500.7603455;0;0;10.050313;
5.692204475;100;80;500.6087952;0;0;10.1503315;
5.700768948;100;
5.709765911;100;80;500.2923584;0;0;10.35032654;
0;10.40032959;5.717826366;100;80;500.1274414;0;0;
5.726320267;100;80;499.9749756;0;0;10.55033207;
5.73395443;100;80;499.8095398;0;
5.742005348;100;80;499.6566467;0;0;10.75034428;
0;10.80034161;5.749204159;100;80;499.4907837;0;0;
5.756784439;100;80;499.3374634;0;0;10.95034885;
11.00034618;5.763570309;100;80;499.1711731;0;0;11.05034637;
11.10035324;5.770733833;100;80;499.0174866;0;0;11.15035343;
5.777157307;100;80;498.8507996;0;0;
5.783887863;100;80;498.6967468;0;0;11.35037327;
0;0;11.40037632;5.789915085;100;80;498.5296631;0;0;11.45037651;
11.50036144;5.796264172;100;80;498.3752747;0;0;11.55036449;
5.801953316;100;80;498.2078552;0;0;11.65036583;
5.807914257;100;80;498.0531311;0;0;11.75037479;
5.813240528;100;80;497.885376;0;0;
5.81882906;100;80;497.7303467;0;0;11.95037556;
5.823836803;100;80;497.5622559;0;0;12.05038166;
5.829111576;100;80;497.4069824;0;0;12.150383;
5.833791256;100;80;497.2385864;0;0;12.25038719;
12.30038929;5.838703156;100;80;497.0830383;0;0;12.3503952;
12.40039444;5.843097687;100;80;496.9143677;0;
5.847695351;100;80;496.7585754;0;0;12.55039883;
5.851825237;100;80;496.5896606;0;0;12.65039921;
5.856124401;100;80;496.4335938;0;0;12.75040245;
5.859952927;100;80;496.2644348;0;0;12.8504076;
5.863976955;100;80;496.1081848;0;0;12.95042038;
13.00041676;5.8675704;100;80;495.9387817;0;0;13.05042076;
5.871328831;100;80;495.7823486;0;0;13.15041542;
5.870147228;100;80;495.6127319;0;3.967406273;13.25042439;
10.316782;13.30042076;5.744337082;100;80;495.4564209;0;21.03030396;13.35042572;
13.40045166;5.486727238;100;80;495.2910156;0;27.37968063;13.45042992;
29.76165009;13.50043297;5.159104824;100;80;495.1453552;0;30.55513191;13.55043125;
4.853663445;100;80;494.9962463;0;
4.624876976;100;80;494.8668823;0;9.523301125;13.7504406;
0;13.80047703;4.633213043;100;80;494.7324829;0;0;
4.6763134;100;80;494.6082153;0;0;13.95045185;
4.713179111;100;80;494.4730225;0;0;14.05044842;
14.10045147;4.75128603;100;80;494.3473206;0;0;14.15046406;
14.20045757;4.786354542;100;80;494.2098999;0;0;14.25045586;
0;0;14.30045605;4.823120117;100;80;494.0821838;0;0;14.3504715;
4.855865955;100;80;493.9429016;
14.50046539;4.890553951;100;80;493.8133545;0;0;14.55047035;
14.60047626;4.921765327;100;80;493.6720886;0;0;14.65048695;
0;14.70047092;4.95425415;100;80;493.5408325;0;0;14.75050545;
0;14.80048561;4.983674526;100;80;493.3991089;0;0;14.85047531;
5.014754772;100;80;493.2550964;0;0;14.95047951;
15.00048923;5.0426898;100;80;493.1213684;0;0;15.05048084;
5.07269907;100;80;492.986908;0.02343821526;0;15.14948463;
5.108810902;100;80;492.8403931;0.1796929836;0;15.24949265;
5.189282417;100;80;492.704071;0.2968840599;0;15.34949684;
5.326675415;100;80;492.5540161;0.3750114441;0;15.44952679;
5.577794552;100;80;492.4115601;0.4687643051;0;15.54949856;
5.978770256;100;80;492.2500305;0.9609668255;0;15.64950562;
6.915627956;100;80;492.0890808;1;0;15.74950981;
8.268377304;100;80;491.8870544;1;0;15.84951019;
9.75680542;100;80;491.6632385;1;0;15.94952011;
11.18716431;100;80;491.381134;1;0;16.04951859;
12.73342705;100;80;491.0819092;1;0;16.14952278;
14.12813187;100;80;490.7149353;1;0;16.24952316;
15.6462431;100;80;490.3376465;0.3906369209;0;16.34952354;
17.02859879;100;80;489.8867493;0.05468916893;0;16.44952965;
17.35240746;100;80;489.434906;0;0;16.54953575;
17.28110886;100;80;488.9391479;0;0;16.64953613;
17.14436722;100;80;488.4815063;0;0;16.74954987;
16.95908356;100;80;487.9872742;0;0;16.84955406;
16.75253105;100;80;487.5360413;0;0;16.94954681;
16.56007195;100;80;487.0527344;0;0;17.04958153;
16.35626411;100;80;486.6116028;0;0;17.14955902;
16.22526932;100;80;486.1392212;0;0;17.24955368;
16.18047714;100;80;485.7064209;0;0;17.34956169;
16.16747284;100;80;485.238739;0;0;17.44956398;
16.18313026;100;80;484.8075867;0;0;17.54956245;
16.20363426;100;80;484.3400269;0;0;17.64957047;
16.20309639;100;80;483.907959;0;0;17.74957466;
16.20065117;100;80;483.4400024;0;0;17.84960175;
16.19888687;100;80;483.0057983;0.02343821526;0;17.94958115;
16.21521378;100;80;482.5401306;0.1015655994;0;18.04958153;
16.29758072;100;80;482.1053772;0.3906369209;0;18.14958382;
16.4508667;100;80;481.6365967;0.5468916893;0;18.24959564;
16.67484093;100;80;481.195282;0.6953337193;0;18.34962082;
17.03983688;100;80;480.7132874;0.8166372776;0;18.4495945;
17.56285095;100;80;480.2579956;0.909285605;0;18.54961205;
18.25369835;100;80;479.752655;1;0;18.64961052;
19.13779831;100;80;479.2645874;1;0;18.74960709;
19.95139885;100;80;478.7116699;1;0;18.8496151;
20.83746719;100;80;478.1793213;1;0;18.94961166;
21.66289139;100;80;477.5751343;1;0;19.04962349;
22.563591;100;80;476.9971008;1;0;19.14962769;
23.39963531;100;80;476.3459473;1;0;19.24962425;
24.31127167;100;80;475.7217407;1;0;19.34962845;
25.15888214;100;80;475.0202026;1;0;19.44962692;
26.08319473;100;80;474.3490906;1;0;19.54963303;
26.94268036;100;80;473.596405;1;0;19.64964104;
27.88636398;100;80;472.8777466;1;0;19.74963951;
28.77222633;100;80;472.072937;1;0;19.84965515;
29.747715;100;80;471.3054199;1;0;19.94965935;
30.69880486;100;80;470.4466553;0.8000000119;0;20.04965782;
31.52755928;100;80;469.6279297;0.8000000119;0;20.1496563;
32.19214249;100;80;468.7187805;0.8815000057;0;20.24965668;
32.90097427;100;80;467.8608398;0.9854999781;0;20.34966087;
33.48400497;100;80;466.9113464;1;0;20.4496727;
34.08740616;100;80;466.0188904;1;0;20.54966927;
34.64794922;100;80;465.0351563;1;0;20.64967918;
35.25813675;100;80;464.1112976;1;0;20.74972534;
35.82208252;100;80;463.0935364;1;0;20.84968185;
36.43452835;100;80;462.1383972;1;0;20.94968224;
37.00167847;100;80;461.0865784;1;0;21.04968643;
37.61792374;100;80;460.0999451;1;0;21.14968872;
38.18822479;100;80;459.0139771;1;0;21.24969101;
38.80767441;100;80;457.995697;1;0;21.34969902;
39.38114166;100;80;456.8753662;1;0;21.44969368;
40.00418472;100;80;455.8253174;1;0;21.54969597;
40.58075714;100;80;454.6704712;1;0;21.64970589;
41.20703888;100;80;453.5884399;1;0;21.74970627;
41.78824234;100;80;452.3988342;1;0;21.84971428;
42.42257309;100;80;451.2846069;1;0;21.94977379;
43.01237106;100;80;450.0598755;1;0;22.04971695;
43.65558243;100;80;448.9129639;1;0;22.14972878;
44.25355911;100;80;447.6525574;1;0;22.24972916;
44.90593719;100;80;446.4724731;1;0;22.34972572;
45.51232147;100;80;445.1759033;1;0;22.44976425;
46.17827606;100;80;443.9622192;0.9325000048;0;22.54973221;
46.75107574;100;80;442.6287842;0.8000000119;0;22.64973831;
47.264534;100;80;441.3823547;0.8134999871;0;22.7497406;
47.71741486;100;80;440.0179138;0.9095000029;0;22.84975052;
48.22223663;100;80;438.7455444;1;0;22.94974899;
48.6431694;100;80;437.3531799;1;0;23.04975128;
49.09551239;100;80;436.0562439;1;0;23.14976692;
49.51528168;100;80;434.6385193;1;0;23.24978638;
49.97098923;100;80;433.3180847;1;0;23.34976196;
50.39163971;100;80;431.8749695;1;0;23.44976616;
50.84789276;100;80;430.5311584;1;0;23.54977226;
51.26972198;100;80;429.0626526;1;0;23.64977264;
51.72727585;100;80;427.6954041;1;0;23.74977493;
52.15019608;100;80;426.2015076;1;0;23.84978676;
52.60861206;100;80;424.8107605;1;0;23.94978333;
53.0320282;100;80;423.2913818;1;
53.4912796;100;80;421.8771057;1;0;24.14980316;
24.19979286;53.91584396;100;80;420.3322449;1;0;24.24978828;
54.37626648;100;80;418.8944397;1;0;24.34979248;
54.71495056;100;80;417.3240662;0.3906369209;
54.77865982;100;80;415.8657227;0;0;
0;24.59980583;54.70645142;100;80;414.2845764;0;0;24.64980507;
24.69981194;54.61198044;100;80;412.8266602;0;0;24.7498188;
24.79981041;54.5276413;100;80;411.2493896;0;0;
54.40921402;100;80;409.7958069;0;0;24.94981575;
54.29211044;100;80;408.2244873;
54.16608047;100;80;406.7772217;0;0;25.14982033;
54.05075836;100;80;405.2127991;0;0;25.24982262;
53.9295311;100;80;403.7719116;0;0;25.34982681;
53.84769058;100;80;402.2142029;0;0;25.44986916;
53.76918793;100;80;400.7785339;0;
53.69945526;100;80;399.2254639;0;0;25.64987564;
53.6247406;100;80;397.7938232;0;0;25.74993515;
53.54385757;100;80;396.2449951;0;0;25.84984398;
25.89984703;53.45293427;100;80;394.8175354;0;0;25.94984627;
25.99984932;53.36903763;100;80;393.2735901;
53.27847672;100;80;391.8507385;0;0;26.14984894;
53.1949234;100;80;390.3118286;0;0;26.24986076;
0;26.29986;53.10448837;100;80;388.8935852;0;0;26.34985733;
0;26.3998642;53.02116776;100;80;387.3596802;0;0;26.44986534;
26.49986649;52.93107224;100;80;385.9460754;0;0;26.54986954;
26.59990501;52.84801483;100;80;384.4171448;0;0;
26.69987488;52.75817871;100;80;383.0081482;0;0;26.74988174;
26.79987526;52.67537689;100;80;381.4841919;0;0;26.8498764;
26.89988136;52.58580017;100;80;380.0797729;0;0;26.94989395;
52.50326538;100;80;378.560791;
52.41399765;100;80;377.1609192;0;0;27.14988708;
0;27.19989014;52.33170319;100;80;375.6468811;0;0;27.24989319;
27.29989624;52.24268341;100;80;374.2515869;0;0;27.34989738;
27.39992714;52.16064072;100;80;372.7424927;0;
52.0719223;100;80;371.3517456;0;0;27.54990196;
0;27.59990692;51.99012375;100;80;369.8475647;0;0;27.64990425;
0;27.6999073;51.9016571;100;80;368.4613342;0;0;27.74990845;
51.82012558;100;80;366.9620667;0;
51.73192978;100;80;365.5803833;0;0;27.94991684;
27.99991798;51.6506424;100;80;364.085968;0;
51.5627327;100;80;362.7088013;0;0;28.14992332;
28.19994354;51.48168182;100;80;361.2192688;0;0;
51.39404297;100;80;359.8465881;0;0;28.34993362;
51.31324005;100;80;358.3619385;0;0;
51.22584915;100;80;356.9937134;0;0;28.54994202;
0;28.59993553;51.14532471;100;80;355.513916;0;
51.05818939;100;80;354.1501465;0;0;28.74994469;
50.97790527;100;80;352.6751709;0;0;28.84994888;
28.89994812;50.8910408;100;80;351.3158875;0;0;28.94994926;
50.81097412;100;80;349.8457336;
50.72441101;100;80;348.4908752;0;0;29.14995766;
50.64458466;100;80;347.0255127;0;0;29.24998474;
29.2999649;50.55825424;100;80;345.6750793;0;0;29.34996033;
50.4786911;100;80;344.2145081;0;0;29.44997406;
29.49998474;50.3926239;100;80;342.8684998;0;0;29.54997253;
50.31329346;100;80;341.4127197;0;
50.22749329;100;80;340.071106;0;0;29.74997902;
50.14857864;100;80;338.6200867;0;0;29.84998894;
0;29.89998436;50.06347656;100;80;337.2828674;0;0;29.9499836;
29.99998283;49.98529816;100;80;335.8365479;0;0;
0;30.09998894;49.90105057;100;80;334.5036621;0;0;30.14998817;
49.82368088;100;80;333.0620422;0;0;30.24999619;
49.74024963;100;80;331.73349;0;0;30.3500042;
30.39999771;49.66361618;100;80;330.2965088;0;0;30.44999886;
49.58103561;100;80;328.9721985;0;0;30.55000114;
0;0;30.6000042;49.5051651;100;80;327.5397949;0;0;30.65000534;
49.42338181;100;80;326.219696;0;0;30.75000763;
49.3482666;100;80;324.7918701;0;
0;30.90016937;49.26728058;100;80;323.4759521;0;0;30.95001411;
31.00001907;49.19291687;100;80;322.0526123;0;0;
31.10004425;49.11274338;100;80;320.7408447;0;0;31.15002251;
49.0390892;100;80;319.3219604;0;0;
48.95970917;100;80;318.0142822;0;0;31.35003471;
48.88678741;100;80;316.599823;0;
48.80817413;100;80;315.2962036;0;0;31.55003548;
48.73599243;100;80;313.8861084;0;0;31.65004539;
31.70003891;48.65815735;100;80;312.5865173;0;0;31.75004387;
48.58668137;100;80;311.1807556;0;0;
48.50960541;100;80;309.8851318;0;0;31.95007324;
32.00005722;48.43883133;100;80;308.4836731;
48.36253357;100;80;307.1919861;0;0;32.15005493;
48.29314804;100;80;305.7947693;0;0;32.25005722;
48.21761703;100;80;304.413147;0;0;32.35008621;
1.586962461;32.40007019;48.13886261;100;80;303.1273499;0;11.9037447;
47.79822159;100;80;301.7373657;0;43.65062332;
47.21265411;100;80;300.4641724;0;49.99847412;32.64907837;
46.52087021;100;80;299.2064819;0;56.64082718;32.74907684;
45.72878265;100;80;297.8625488;0;82.42286682;32.84908295;
44.61458588;100;80;296.6443787;0;96.48579407;32.94908142;
43.45782089;100;80;295.355896;0;100;33.04909515;
42.21007919;100;80;294.1979065;0;100;33.14910126;
41.06237793;100;80;292.9717102;0;100;33.2490921;
39.81887436;100;80;291.882782;0;100;33.34909439;
38.67191315;100;80;290.7313538;0;100;33.44912338;
37.4321022;100;80;289.7002869;0;100;33.54910278;
36.28352737;100;80;288.6176758;0;100;33.64910889;
35.04693985;100;80;287.6500854;0;100;33.74910736;
33.90684891;100;80;286.6314087;0;100;33.84914398;
32.67344666;100;80;285.7319336;0;100;33.94911575;
31.53626442;100;80;284.782135;0;100;34.04912186;
30.3056488;100;80;283.9412537;0;100;34.14912415;
29.17134476;100;80;283.0644836;0;96.48579407;34.24913788;
28.34945488;100;80;282.2863159;0;27.37968063;34.34912872;
28.2665081;100;80;281.4639282;0;0;34.44914246;
28.25289345;100;80;280.7071228;0;0;34.54914093;
28.23156548;100;80;279.8894958;0;0;34.64913559;
28.21553612;100;80;279.1365051;0;0;34.74914169;
28.20277023;100;80;278.3211365;0;0;34.8491478;
28.19198418;100;80;277.5688171;0.7187719345;0;34.9491539;
28.33411789;100;80;276.7538757;0.8000000119;0;35.04916382;
28.42576408;100;80;275.9978943;0.8464999795;0;35.14915848;
28.52374649;100;80;275.1767273;0.9424999952;0;35.24916077;
28.68221474;100;80;274.4159851;1;0;35.34920883;
28.85735512;100;80;273.5872192;1;0;35.44917297;
29.04724312;100;80;272.8174744;1;0;35.54916763;
29.2243576;100;80;271.9784851;1;0;35.64920044;
29.41937065;100;80;271.1990662;1;0;35.74917984;
29.58779144;100;80;270.3493042;0.8000000119;0;35.84919357;
29.74712181;100;80;269.5603943;0.8000000119;0;35.9491806;
29.95823669;100;80;268.7011719;0.8420000076;0;36.04918671;
30.2745018;100;80;267.901886;0.94599998;0;36.14919281;
30.69657326;100;80;267.0271301;1;0;36.24920654;
31.29948616;100;80;266.2077026;1;0;36.34919739;
31.85382462;100;80;265.3032837;1;0;36.44920349;
32.45335388;100;80;264.4535522;1;0;36.54920959;
33.00978088;100;80;263.516449;1;0;36.64920807;
33.61526489;100;80;262.6359253;1;0;36.74920654;
34.17502594;100;80;261.6653137;1;0;36.84922028;
34.78283691;100;80;260.7538452;1;0;36.94923019;
35.34576416;100;80;259.7495422;1;0;37.04922104;
35.95718765;100;80;258.8068848;1;0;37.1492424;
36.52316284;100;80;257.7686768;1;0;37.24923325;
37.13799286;100;80;256.7946472;1;0;37.34923553;
37.70703888;100;80;255.7223816;1;0;37.44924545;
38.32520676;100;80;254.7167816;1;0;37.5492363;
38.89749527;100;80;253.6102295;1;0;37.64925003;
39.51913452;100;80;252.5729065;1;0;37.74924088;
40.09451294;100;80;251.4318695;1;0;37.84924316;
40.71951675;100;80;250.3626404;1;0;37.94925308;
41.298172;100;80;249.1869507;1;0;38.04928589;
41.92906189;100;80;248.0856171;1;0;38.14925766;
42.51537704;100;80;246.8749847;1;0;38.24927521;
43.15526199;100;80;245.7412109;1;0;38.34925842;
43.74994659;100;80;244.4951782;1;0;38.44927597;
44.39875793;100;80;243.328476;1;0;38.54927826;
45.00198746;100;80;242.0465393;1;0;38.64929962;
45.65987015;100;80;240.8464661;1;0;38.74927902;
46.2832489;100;80;239.5281067;0.8372933269;0;38.84929276;
46.79051208;100;80;238.2940369;0.4609515667;0;38.94928741;
46.98371124;100;80;236.9438629;0.0859401226;0;39.04928589;
46.97024918;100;80;235.6926422;0;0;39.1493187;
46.87033844;100;80;234.3371429;0;0;39.2492981;
46.70985031;100;80;233.0883026;0;0;39.34929657;
46.55583191;100;80;231.7395325;0;0;39.44930649;
46.38972092;100;80;230.4985962;0;0;39.54931259;
46.23670197;100;80;229.1587372;0;0;39.64932632;
46.0874939;100;80;227.9261627;0;0;39.74930954;
46.04434586;100;80;226.5947113;0;0;39.84933472;
46.00948334;100;80;225.3668213;0;0;39.94931793;
45.97328568;100;80;224.0378418;0;0;40.04932022;
45.93126297;100;80;222.8121948;0;0;40.14933395;
45.87724686;100;80;221.4855804;0;0;40.24933243;
45.81487656;100;80;220.2625275;0;0;40.3493309;
45.75747681;100;80;218.9392853;0;0;40.44933319;
45.69603729;100;80;217.7194061;0;0;40.54933929;
45.63973618;100;80;216.3996124;0;0;40.64936829;
45.57899475;100;80;215.1829071;0;0;40.74934387;
45.52320099;100;80;213.8665009;0;0;40.84934998;
45.46305084;100;80;212.6529388;0;0;40.94935989;
45.40776443;100;80;211.33992;0;0;41.04935837;
45.34817505;100;80;210.1294403;0;0;41.14936066;
45.29341888;100;80;208.8197632;0;0;41.24935913;
45.234375;100;80;207.612381;0;0;41.34936142;
45.18012619;100;80;206.3060303;0;0;41.44936752;
41.49938965;45.12164688;100;80;205.1016846;0;0;41.54937363;
0;41.59937668;45.06790924;100;80;203.7986145;0;0;41.6493721;
0;41.69938278;45.00996399;100;80;202.5973053;0;0;41.7493782;
44.95673752;100;80;201.2975006;0;0;
41.89938736;44.89933395;100;80;200.0991821;0;0;41.9494133;
44.84658813;100;80;198.8026123;0;0;
44.78973007;100;80;197.6072693;0;0;42.14940262;
44.73748779;100;80;196.3139038;0;0;42.24941254;
42.29939651;44.68115616;100;80;195.1214905;0;0;42.34939575;
44.62939453;100;80;193.8313141;0;0;42.44940186;
44.57357788;100;80;192.6418304;0;0;42.54941177;
42.5994072;44.52231598;100;80;191.3547974;0;0;
44.4670372;100;80;190.1681976;0;0;42.74940872;
0;42.79941559;44.41624069;100;80;188.8842926;0;0;42.84941101;
42.89942551;44.36147308;100;80;187.7005768;0;0;42.94942093;
42.9994278;44.3111496;100;80;186.419754;0;0;
44.25688553;100;80;185.2388763;0;0;43.14942169;
44.20704269;100;80;183.9611359;0;0;43.24942398;
44.15329361;100;80;182.7830811;0;0;43.3494339;
0;0;43.39943695;44.10390472;100;80;181.5083771;0;0;43.44943619;
44.05065918;100;80;180.3331299;0;0;43.54943466;
43.59944153;44.00173187;100;80;179.0614471;0;0;43.64944077;
43.94897079;100;80;177.8889618;0;0;43.74944687;
43.90050888;100;80;176.6202698;0;0;43.84944534;
43.8482399;100;80;175.4505463;0;0;43.94948196;
43.80023956;100;80;174.1848145;0;0;44.04947662;
43.74846268;100;80;173.0178223;0;0;44.14945602;
43.70088577;100;80;171.7550354;0;0;44.24946213;
43.64958954;100;80;170.590744;0;0;44.34947586;
43.60242081;100;80;169.3308868;0;0;44.44946671;
44.49946976;43.55157089;100;80;168.1692657;0;0;44.54948425;
44.59949875;43.50490952;100;80;166.9123077;0;0;44.6494751;
0;44.69947433;43.45456314;100;80;165.7533569;0;0;44.74948502;
0;44.79950714;43.40827942;100;80;164.4992676;0;0;
44.89949417;43.35842514;100;80;163.3429718;0;0;44.94948578;
43.312603;100;80;162.0917206;0;0;45.04948807;
43.26319122;100;80;160.9380341;0;0;45.14949036;
0;45.19949341;43.21777725;100;80;159.689621;0;0;45.24950409;
0;45.29950333;43.16883469;100;80;158.5385437;0;0;45.34949875;
0;45.39953232;43.12386322;100;80;157.292923;0;0;
45.49950409;43.07537079;100;80;156.1444244;0;0;45.54950714;
45.59951019;43.03081894;100;80;154.9015961;0;0;45.64951324;
42.98278046;100;80;153.7556458;0;0;45.74951553;
0;45.79954147;42.93863678;100;80;152.5155792;0;0;
45.89952087;42.8910408;100;80;151.3721771;0;0;45.94952011;
45.99951935;42.84730911;100;80;150.1348572;0;0;
46.09952164;42.80016327;100;80;148.9939575;0;0;46.14952469;
42.75593185;100;80;147.7356415;0;0;46.24953842;
42.71282196;100;80;146.5972748;0;
42.66631317;100;80;145.3654022;0;0;46.44953537;
46.49953842;42.62358856;100;80;144.2295227;0;0;46.54954147;
42.57752991;100;80;143.0003357;0;0;46.64954376;
42.53521347;100;80;141.8669281;
42.48955917;100;80;140.6404114;0;0;46.84955215;
46.89955139;42.44764328;100;80;139.5094452;0;0;46.94955063;
42.40242386;100;80;138.2855682;0;0;47.04955292;
0;47.09955978;42.36088562;100;80;137.1570435;0;0;
42.31609344;100;80;135.935791;0;0;47.24956512;
42.27493668;100;80;134.8096924;
42.23055649;100;80;133.5910492;0;
47.49957275;42.18976593;100;80;132.4673462;0;0;
42.14580154;100;80;131.251297;0;0;47.64957428;
42.10539627;100;80;130.1299744;0;
42.06184006;100;80;128.9165192;0;0;
42.02181625;100;80;127.7975769;0;0;47.94958115;
41.97867966;100;80;126.5808563;
41.93902206;100;80;
41.89627457;100;80;124.2617416;0;0;48.24959564;
41.85699463;100;80;123.141716;0;0;
41.81464767;100;80;121.9416962;0;0;48.44960403;
41.77553177;100;80;120.8298035;0;
41.73377991;100;80;119.6265106;0;0;48.6496048;
0;48.69964218;41.69522858;100;80;118.5111694;0;0;48.74960709;
41.65346527;100;80;117.3104019;0;0;48.84961319;
41.61527252;100;80;116.2031479;0;
41.57409668;100;80;115.0048828;0;0;49.04962158;
41.53624344;100;80;113.8999405;0;
41.49545288;100;80;112.7041702;0;0;49.24962997;
41.45796967;100;80;111.6015244;
41.41756058;100;80;110.4082336;0;
41.38041306;100;80;109.3078842;0;
41.34036255;100;80;108.1170731;0;0;
41.30090714;100;80;107.0190048;0;0;49.74964523;
41.26429367;100;80;105.8420868;0;0;
49.89966965;41.22784042;100;80;104.7462845;0;0;49.94966125;
41.18852997;100;80;103.5604019;0;
41.15242767;100;80;102.4668808;0;0;50.14866638;
41.11348343;100;80;101.2834625;0;0;50.24866867;
41.07770538;100;80;100.192215;0;0;50.34866714;
41.03913116;100;80;99.01126099;0;0;50.44866943;
41.003685;100;80;97.92229462;0;0;50.54869843;
40.9654541;100;80;96.74380493;0;0;50.64867783;
40.93034363;100;80;95.65711212;0;0;50.74869156;
40.89247131;100;80;94.48109436;0;0;50.8486824;
40.85769653;100;80;93.39668274;0;0;50.94868469;
40.82016754;100;80;92.22314453;0;0;51.0486908;
40.78569794;100;80;91.14102173;0;0;51.14869308;
40.7485466;100;80;89.96996307;0;0;51.24869919;
40.71440125;100;80;88.89012909;0;0;51.34873199;
40.67756653;100;80;87.72156525;0;0;51.44871521;
40.64374161;100;80;86.6440506;0;0;51.54870605;
40.60726547;100;80;85.47799683;0;0;51.64871979;
40.57374954;100;80;84.40280151;0;0;51.74871445;
40.53761292;100;80;83.23927307;0;0;51.84871674;
40.50440598;100;80;82.16641998;0;0;51.94871902;
40.4685936;100;80;81.00543976;0;0;52.04872894;
40.43570328;100;80;79.93495178;0;0;52.14872742;
40.40023422;100;80;78.77654266;0;0;52.24873352;
40.36763763;100;80;77.70845032;0;0;52.34874725;
40.33249664;100;80;76.55265045;0;0;52.44874573;
40.30020142;100;80;75.48698425;0;0;52.54874039;
40.26538086;100;80;74.33383179;0;0;52.64874268;
40.23339844;100;80;73.27062225;0;0;52.74874878;
40.1988945;100;80;72.12017059;0;0;52.84877396;
40.16720581;100;80;71.05947113;0;0;52.94875336;
40.13302612;100;80;69.91175842;0;0;53.04876709;
40.10163879;100;80;68.85361481;0;0;53.14876175;
40.06776428;100;80;67.70870972;0;0;53.24875641;
40.03666687;100;80;66.65319824;0;0;53.34879303;
40.00310898;100;80;65.51117706;0;0;53.44878769;
39.97229767;100;80;64.45835876;0;0;53.54878998;
39.93906403;100;80;63.31930161;0;0;53.64877701;
39.908535;100;80;62.26926422;0;0;53.74879074;
39.87559128;100;80;61.13327408;0;0;53.8487854;
39.84533691;100;80;60.08612061;0;0;53.94879532;
39.81269455;100;80;58.95331573;0;0;54.04880524;
39.78264999;100;80;57.90916061;0;0;54.1487999;
39.75012589;100;80;56.77967834;0;0;54.24879456;
