sep=;
unknown1; unknown2; currentSpeed; currentLimit; nextLimit; distance; gaspedal; brakepedal; timestamp

0.2334990948;100;80;900;0;0;0.05000828952;3.643357923e-005;1.875036478;
0.4080142379;100;80;512.050415;0;0;0.15000844;8.386517584e-005;1.875083923;
0.5604082346;100;80;512.0379639;0;0;0.2500157952;0.0001367064688;1.875136733;
0.7170746922;100;80;512.0230103;0;0;0.3500148952;0.0001944933756;1.87519455;
0.8540880084;100;80;512.0028076;0;0;0.4500376582;0.0002476278751;1.875247598;
0.9984163642;100;80;511.9801941;0;0;0.5500305891;0.0003069526865;1.875306964;
1.128419995;100;80;511.9516296;0;0;0.6500307918;0.0003732013865;1.875373244;
1.265355945;100;80;511.9216614;0;0;0.7500442863;0.0004604746937;1.875460505;
1.388586044;100;80;511.8853455;0;0;0.8500336409;0.0005560507998;1.875555992;
1.51867497;100;80;511.8483582;0;0;0.9500409961;0.0006795934169;1.875679612;
1.63561523;100;80;511.8046875;0;0;1.050055504;0.0008194754482;1.875819445;
1.759163022;100;80;511.7611084;0;0;1.150043845;0.0009997040033;1.875999689;
1.870280743;100;80;511.7104797;0;0;1.250064492;0.001197820762;1.876197815;
1.987583637;100;80;511.6606445;0;0;1.350054979;0.001454029814;1.876453996;
2.093104124;100;80;511.603363;0;0;1.450070024;0.001733650803;1.876733661;
2.204535246;100;80;511.5475769;0;0;1.55007422;0.002085179789;1.877085209;
2.304692268;100;80;511.4840393;0;0;1.650069714;0.002459613141;1.877459645;
2.410313845;100;80;511.4226074;0;0;1.750081182;0.002927546389;1.877927542;
2.505304098;100;80;511.3531189;0;0;1.850086451;0.003423147136;1.878423095;
2.605469227;100;80;511.2863159;0;0;1.950086713;0.004030978307;1.879030943;
2.695402145;100;80;511.2112122;0;0;2.050087929;0.004665575456;1.879665613;
2.790295362;100;80;511.1393433;0;0;2.150093555;0.005438837223;1.880438805;
2.875557661;100;80;511.0588684;0;0;2.250092745;0.006234617904;1.881234646;
2.965412855;100;80;510.9822083;0;0;2.350125313;0.007193753961;1.882193804;
3.046197653;100;80;510.8966675;0;0;2.450110435;0.008172624744;1.883172631;
3.131363153;100;80;510.8154602;0;0;2.550111294;0.009339752607;1.884339809;
3.20790863;100;80;510.7250977;0;0;2.650124788;0.01052273531;1.885522723;
3.288673162;100;80;510.6395874;0;0;2.75011754;0.01192149706;1.886921525;
3.361207724;100;80;510.5446777;0;0;2.850121975;0.0133282356;1.888328195;
3.437754869;100;80;510.4550781;0;0;2.950124025;0.01498041302;1.889980435;
3.506500006;100;80;510.355896;0;0;3.050129414;0.01663023978;1.891630292;
3.578989983;100;80;510.2624207;0;0;3.150209665;0.018557759;1.893557787;
3.644076109;100;80;510.1591187;0;0;3.250142574;0.02047128044;1.895471334;
3.712718964;100;80;510.0619812;0;0;3.350142241;0.0226937905;1.897693753;
3.774345636;100;80;509.954834;0;0;3.450159311;0.02488931827;1.89988935;
3.839358091;100;80;509.8542175;0;0;3.550164461;0.02742815204;1.90242815;
3.897724867;100;80;509.7434387;0;0;3.650185347;0.0299239289;1.904923916;
3.959302187;100;80;509.6395264;0;0;3.750159264;0.03279796988;1.907797933;
4.014612198;100;80;509.5252686;0;0;3.850166082;0.03561234474;1.910612345;
4.072975636;100;80;509.4182434;0;0;3.950176954;0.03883998096;1.913839936;
4.125409603;100;80;509.3007202;0;0;4.050173759;0.04198984802;1.916989803;
4.18073082;100;80;509.1907654;0;0;4.150177479;0.04558927938;1.920589328;
4.230478287;100;80;509.0700989;0;0;4.25018549;0.04909096286;1.924090981;
4.282946587;100;80;508.9573669;0;0;4.35018301;0.05308039114;1.92808044;
4.353265762;100;80;508.7762146;0;0;4.500193119;0.05895061046;1.933950663;
4.402390957;100;80;508.6504822;0;0;4.600198746;0.06344670057;1.938446641;
4.446519375;100;80;508.5331726;0;0;4.700202942;0.06779132783;1.942791343;
4.493058205;100;80;508.4047546;0;0;4.800207138;0.07271274924;1.947712779;
4.534833431;100;80;508.2850342;0;0;4.900235653;0.07745746523;1.952457428;
4.578858376;100;80;508.1541138;0;0;5.000219822;0.08281882852;1.957818866;
4.618367672;100;80;508.0321045;0;0;5.10022974;0.08797667921;1.962976694;
4.659955978;100;80;507.8987732;0;0;5.200248241;0.09379293025;1.968792915;
4.697264671;100;80;507.7746277;0;0;5.300233841;0.09937568754;1.974375725;
4.736516953;100;80;507.6390381;0;0;5.400234222;0.105659321;1.980659366;
4.771676064;100;80;507.5128784;0;0;5.500234127;0.1116789058;1.986678958;
4.808696747;100;80;507.3857727;0;0;5.600248814;0.118441537;1.993441582;
4.842132568;100;80;507.2470703;0;0;5.700243473;0.1249435544;1.999943614;
4.877018452;100;80;507.1073608;0;0;5.800278664;0.1321624666;2.007162571;
4.908807755;100;80;506.9768066;0;0;5.900253773;0.1391228437;2.014122725;
4.943126202;100;80;506.8351746;0;0;6.000263691;0.146849975;2.021849871;
4.975557804;100;80;506.7035522;0.2812585831;0;6.100260258;0.1541551799;2.029155254;
5.08406353;100;80;506.559906;0.7422101498;0;6.200268269;0.1621774882;2.037177563;
5.464532375;100;80;506.4238892;0.9375286102;0;6.30027771;0.1698176265;2.044817686;
6.440383434;100;80;506.2763977;1;0;6.400270462;0.178914547;2.053914547;
7.802433491;100;80;506.0879822;1;0;6.500280857;0.1886576116;2.063657522;
9.29887867;100;80;505.8577271;1;0;6.600283623;0.2005534321;2.075553417;
10.73457336;100;80;505.6083984;1;0;6.700285435;0.2123685181;2.087368488;
12.27713203;100;80;505.2958069;1;0;6.800292969;0.2255645692;2.10056448;
13.67292213;100;80;504.967926;1;0;6.900293827;0.2375253886;2.112525463;
15.19288158;100;80;504.5708618;1;0;7.000301838;0.249633655;2.124633551;
16.61126709;100;80;504.1654053;0.8650000095;0;7.100310326;0.2594254911;2.134425402;
18.14006233;100;80;503.6833496;0.8000000119;0;7.200312138;0.2677371502;2.14273715;
19.47051048;100;80;503.1992493;0.8270000219;0;7.300320148;0.2723677456;2.147367716;
20.62773132;100;80;502.6362;0.9309999943;0;7.400315285;0.273416549;2.148416519;
21.592659;100;80;502.0872498;1;0;7.500321865;0.2705019712;2.14550209;
22.4891777;100;80;501.463562;1;0;7.600327492;0.2627010345;2.137701035;
23.32322502;100;80;500.8645935;1;0;7.700331211;0.2509306073;2.125930548;
24.2360878;100;80;500.190155;1;0;7.800335407;0.2329804152;2.10798049;
25.08388901;100;80;499.5441284;1;0;7.900337696;0.2114596665;2.086459637;
26.00663757;100;80;498.8189392;1;0;8.00036335;0.1827367544;2.057736874;
26.86482048;100;80;498.125946;1;0;8.100345612;0.1512978375;2.026297808;
27.80759239;100;80;497.3495483;1;0;8.200379372;0.1119124293;1.986912489;
28.69240379;100;80;496.6088257;1;0;8.300385475;0.07063562423;1.945635676;
29.66698265;100;80;495.7799377;1;0;8.400361061;0.02072194032;1.895721912;
30.62260818;100;80;494.9899597;0.8000000119;0;8.500389099;-0.0298943501;1.845105648;
31.46608353;100;80;494.1060486;0.8000000119;0;8.600371361;-0.08883015066;1.786169887;
32.13441086;100;80;493.2695313;0.8730000257;0;8.700371742;-0.1458870322;1.729112983;
32.84392166;100;80;492.3431091;0.9769999981;0;8.800380707;-0.2097456753;1.665254354;
33.43509674;100;80;491.4694519;1;0;8.900379181;-0.2700171769;1.604982853;
34.03835678;100;80;490.5055542;1;0;9.000390053;-0.3362037838;1.538796186;
34.59806061;100;80;489.6002808;1;0;9.100391388;-0.3978010416;1.477198958;
35.20742416;100;80;488.602417;1;0;9.200395584;-0.4644743204;1.41052568;
35.77101135;100;80;487.6656189;1;0;9.300429344;-0.5252261162;1.349773884;
36.38285446;100;80;486.6336975;1;0;9.400400162;-0.5896945;1.2853055;
36.94945526;100;80;485.6653137;1;0;9.500409126;-0.6478485465;1.227151513;
37.56512451;100;80;484.5990295;1;0;9.600414276;-0.7092638612;1.165736079;
38.13482285;100;80;483.598877;1;0;9.700414658;-0.7643820047;1.110617995;
38.75379562;100;80;482.4980774;1;0;9.800425529;-0.8222714663;1.052728534;
39.32662964;100;80;481.4659729;1;0;9.900432587;-0.8739249706;1.001075029;
39.94885254;100;80;480.3305054;1;0;10.00044155;-0.9278331995;0.9471668005;
40.52484131;100;80;479.2662964;1;0;10.10043812;-0.9756017327;0.8993982673;
41.15051651;100;80;478.0959473;1;0;10.20043945;-1.025067925;0.8499320745;
41.73110962;100;80;476.9994812;1;0;10.30044651;-1.068515897;0.8064841628;
42.36447906;100;80;475.7940369;1;0;10.40044689;-1.113066316;0.7619336247;
42.95327377;100;80;474.664978;1;0;10.50045013;-1.151759028;0.7232409716;
43.5586319;100;80;473.4240112;0.5078279972;0;10.6004591;-1.190913558;0.684086442;
43.70346451;100;80;472.2638245;0;0;10.70045948;-1.224201202;0.650798738;
43.61243439;100;80;471.0038757;0;0;10.80047321;-1.256846309;0.6181536913;
43.50649643;100;80;469.8426514;0;0;10.90049076;-1.283397675;0.5916022658;
43.4004364;100;80;468.5988159;0;0;11.00047588;-1.308683515;0.566316545;
43.26345825;100;80;467.4421082;0;0;11.10050678;-1.328502893;0.5464971662;
43.10416031;100;80;466.1931763;0;0;11.20048046;-1.346186757;0.5288133025;
42.95934677;100;80;465.0441284;0;0;11.29948521;-1.359049439;0.5159506202;
42.80413818;100;80;463.8034668;0;0;11.39949703;-1.369271755;0.5057282448;
42.66703796;100;80;462.6622314;0;0;11.49949551;-1.375319123;0.4996808469;
42.6182251;100;80;461.4295044;0;0;11.59950161;-1.378226757;0.4967733026;
42.58740616;100;80;460.2927551;0;0;11.69950008;-1.37754643;0.4974535704;
42.55122757;100;80;459.0624084;0;0;11.79953289;-1.373147964;0.5018520355;
42.52455902;100;80;457.9277039;0;0;11.89951515;-1.365718365;0.5092816353;
42.48306656;100;80;456.6992493;0;0;11.99951363;-1.354019761;0.5209801793;
42.44042969;100;80;455.5664368;0;0;12.09952164;-1.339864373;0.5351355672;
42.39400864;100;80;454.3405151;0;0;12.19952869;-1.320906878;0.5540931225;
42.35166168;100;80;453.2101135;0;0;12.29953003;-1.300071478;0.5749285817;
42.30611801;100;80;451.9868774;0;0;12.39953327;-1.273897529;0.6011024714;
42.26420975;100;80;450.8589478;0;0;12.49957466;-1.246420622;0.6285794377;
42.21900177;100;80;449.6383362;0;0;12.59954357;-1.213073373;0.6619266868;
42.1774826;100;80;448.5128784;0;0;12.69954967;-1.178995967;0.6960040331;
42.13275528;100;80;447.2949829;0;0;12.79955769;-1.138519049;0.7364810109;
42.09162521;100;80;446.1720276;0;0;12.89956188;-1.097880244;0.7771196961;
42.04727173;100;80;444.9568481;0;0;12.99956036;-1.050317883;0.8246820569;
42.00655365;100;80;443.8364258;0;0;13.09956646;-1.003157616;0.8718423247;
41.96263885;100;80;442.6239624;0;0;13.1995821;-0.9485502839;0.9264497161;
41.92226028;100;80;441.506073;0;0;13.2995739;-0.8949079514;0.9800920486;
41.87876892;100;80;440.2963867;0;0;13.39958096;-0.8333005309;1.041699409;
41.83880615;100;80;439.1810303;0;0;13.49958611;-0.7732144594;1.101785541;
41.79568481;100;80;437.9741516;0;0;13.59958744;-0.7046473026;1.170352697;
41.75608826;100;80;436.8613892;0;0;13.69960308;-0.6381579638;1.236842036;
41.71342087;100;80;435.6572876;0;0;13.79959488;-0.5626733303;1.31232667;
41.67418289;100;80;434.5471191;0;0;13.89960384;-0.489816159;1.385183811;
41.63188171;100;80;433.3458557;0;0;13.99961185;-0.4074558318;1.467544198;
41.59302139;100;80;432.2383118;0;0;14.09960842;-0.328271091;1.546728969;
41.55114746;100;80;431.0398865;0;0;14.19962311;-0.2390753627;1.635924578;
41.51263809;100;80;429.9349976;0;0;14.29963589;-0.1535995156;1.721400499;
41.471138;100;80;428.7394714;0;0;14.39962006;-0.05760936812;1.81739068;
41.43301392;100;80;427.6372375;0;0;14.49962616;0.03411913291;1.909119129;
41.39189911;100;80;426.4446106;0;0;14.59963512;0.1368641704;2.011864185;
41.35411072;100;80;425.3450623;0;0;14.69964218;0.2348089218;2.109808922;
41.31339264;100;80;424.155365;0;0;14.7996521;0.3442672491;2.219267368;
41.27598572;100;80;423.0585327;0;0;14.89964581;0.4483916759;2.323391676;
41.23562622;100;80;421.8717957;0;0;14.99964523;0.564524889;2.439524889;
41.19855881;100;80;420.77771;0;0;15.09966278;0.6747924089;2.54979229;
41.15858841;100;80;419.5939331;0;0;15.19965458;0.7975606322;2.672560692;
41.12184525;100;80;418.502594;0;0;15.29967594;0.9139338136;2.788933754;
41.08224106;100;80;417.3218384;0;0;15.39966488;1.043298602;2.918298721;
41.04587173;100;80;416.2333069;0;0;15.49967098;1.165741563;3.040741682;
41.0066452;100;80;415.0555725;0;0;15.59967136;1.301661372;3.176661491;
40.97061157;100;80;413.9698792;0;0;15.69970512;1.430137515;3.305137634;
40.9315834;100;80;412.885498;0;0;15.79974461;1.573268414;3.448268414;
40.89605713;100;80;411.7066956;0;0;15.89968872;1.707050085;3.582050085;
40.85757828;100;80;410.5407715;0;0;15.99969864;1.855966091;3.730966091;
40.82222366;100;80;409.4607544;0;0;16.09969521;0;3.871404648;
40.78390884;100;80;408.3821411;0;0;16.1997261;-0;4.027516842;
40.74869537;100;80;407.2039795;0;0;16.29971886;0;4.174669266;
40.71127701;100;80;406.0498962;0;0;16.39972115;0;4.334891796;
40.67657852;100;80;404.975708;0;0;16.49971771;0;4.487153053;
40.63896179;100;80;403.8080444;0;0;16.59980202;0;4.656098366;
40.6033287;100;80;402.8092957;0;0;16.69973564;0;4.820052624;
40.56895065;100;80;401.6280212;0;0;16.79974556;0;4.981937408;
40.53435135;100;80;400.5541687;0;0;16.89977074;0;5.148365974;
