sep=;
unknown1; unknown2; currentSpeed; currentLimit; nextLimit; distance; gaspedal; brakepedal; timestamp


0.4340183735;100;80;512.0487671;0;0;0.1500243545;-1.017601676e-006;1.874998927;
0.5838367939;100;80;512.0358276;0;0;0.2500116825;1.291869467e-005;1.875012875;
0.7390434742;100;80;512.0203247;0;0;0.3500143886;2.396368836e-005;1.875023961;
0.875385046;100;80;511.9995117;0;0;0.4500232637;2.983356353e-005;1.875029802;
1.019258618;100;80;511.9762878;0;0;0.5500280261;3.731122342e-005;1.875037313;
1.148758888;100;80;511.9471436;0;0;0.6500302553;4.776877904e-005;1.875047803;1.212180495;100;80;511.932312;0;0;0.6990326047;5.411706297e-005;1.875054121;
1.875061989;1.346969843;100;80;511.8972473;0;0;0.7990440726;
7.674137305e-005;1.875076771;1.468255281;100;80;511.8613892;0;
1.596193671;100;80;511.8188782;0;0;0.9990510345;
0.000118063901;1.875118017;1.711329222;100;80;511.7763672;0;0;1.099046588;
1.832899332;100;80;511.7268372;
1.875179052;1.942260742;100;80;511.6779785;0;
1.87522018;2.057668686;100;80;511.6217957;0;
0.0002655642456;1.875265598;2.161535263;100;80;511.566925;0;0;1.499086142;0.0002905507281;
2.271157265;100;80;511.5043945;
1.875383019;2.369657516;100;80;511.4438477;0;
2.473552942;100;80;511.3753052;0;0;1.799088717;
1.849093437;0.0005370274303;1.875537038;2.567006111;100;80;511.3093567;0;0;1.89908731;0.0005795552861;
2.665465593;100;80;511.2351074;
0.0007259098347;1.875725865;2.753910542;100;80;511.1640625;0;0;2.099091768;
0.000828144839;1.875828147;2.847247601;100;80;511.0844116;0;0;
0.0009233402088;1.875923395;2.931031704;100;80;511.0085144;0;0;
1.876030922;3.019430637;100;80;510.9237671;0;0;
0.001134027145;1.876134038;3.098887444;100;80;510.8432617;0;0;
3.182625294;100;80;510.7536621;0;
1.876358151;3.257947445;100;80;510.6687927;0;0;
1.876480341;3.337315798;100;80;510.5746155;0;0;2.799122572;
0.001596754766;1.876596808;3.408698797;100;80;510.4856262;0;0;2.899130344;0.001655634842;
3.483923674;100;80;510.387085;0;
1.876842022;3.554802895;100;80;510.2941895;0.1328165531;0;3.099132776;
3.663353443;100;80;510.1913757;0.2578203678;0;
1.877061725;3.816779613;100;80;510.0934753;0.335947752;
1.877149343;4.074097633;100;80;509.982605;0.4765770435;
0.002215129323;1.877215147;4.458506107;100;80;509.8733521;0.6406445503;0;3.499151468;
0.002266790019;1.877266765;5.178231716;100;80;509.7426758;0.8984649181;
0.002279024338;1.877279043;6.298544407;100;80;509.602417;0.9609668255;0;
7.811457157;100;80;509.4151611;0.9765923023;0;
0.002037093276;1.877037048;9.206171989;100;80;509.2043152;0.9765923023;0;3.899169922;
10.76141453;100;80;508.9353638;0.9765923023;
0.0008043115376;1.875804305;12.17062473;100;80;508.6475525;0.9765923023;
1.874607682;13.68396187;100;80;508.2935791;0.9765923023;0;4.199195862;
-0.001747533795;1.873252511;15.09296608;100;80;507.9281921;0.9765923023;0;4.299190521;
16.62794685;100;80;507.4899597;0.8176592588;
-0.005550210364;1.869449735;18.03579903;100;80;507.046051;0.8000000119;0;
19.47041893;100;80;506.5647278;0.8317866325;
0;4.649236679;-0.01258779783;1.862412214;20.5214386;100;80;506.0044861;0.92686373;0;4.699215889;
21.5378952;100;80;505.4117432;0.9922177792;
1.850709438;22.35614014;100;80;504.8383179;0.9922177792;0;
23.25196266;100;80;504.1921692;0.9922177792;0;
1.835713983;24.09086227;100;80;503.5722656;0.9922177792;0;5.099231243;
24.99462128;100;80;502.8754883;0.9765923023;0;5.199232578;
1.818075538;25.82281685;100;80;502.2090759;0.9765923023;
26.73254967;100;80;501.4620972;0.9922177792;0;5.399234295;
1.798983693;27.59248161;100;80;500.7491455;0.9922177792;0;5.499265671;
1.789570451;28.5436306;100;80;499.9507751;0.9922177792;
1.781225562;29.42607307;100;80;499.1855164;0.9922177792;
30.45556068;100;80;498.3339539;0.8000000119;0;5.799255848;
5.849257469;-0.1098108962;1.765189052;31.25256729;100;80;497.5259705;0.8000000119;0;5.899255276;-0.1134685352;
31.98793793;100;80;496.6228943;0.8556265831;0;5.9992733;-0.1211294308;
-0.1244951189;1.750504851;32.63759613;100;80;495.7661133;0.9403908849;0;6.099272251;
33.27988052;100;80;494.8226318;0.9922177792;0;6.199278355;
1.73765254;33.82649612;100;80;493.9355469;0.9765923023;0;
34.41525269;100;80;492.9580688;0.9765923023;0;6.399291515;
-0.1480759829;1.726924062;34.96205902;100;80;492.0404053;0.9765923023;
35.55545807;100;80;491.0297546;0.9765923023;0;
6.649321556;-0.1564092785;1.718590736;36.10402679;100;80;490.081665;0.9765923023;0;6.699307919;-0.1580251753;
36.70022202;100;80;489.0379639;0.9765923023;
-0.1621022671;1.712897778;37.25209808;100;80;488.0592346;0.9765923023;0;6.899302006;
37.85150528;100;80;486.9823303;
-0.1648991406;1.710100889;38.40614319;100;80;485.9728699;0.9765923023;0;
1.709850669;39.00859833;100;80;484.8626099;0.9765923023;0;7.199315548;-0.1650049835;
-0.1646754146;1.710324526;39.56617355;100;80;483.8222656;0.9765923023;0;
40.17189407;100;80;482.6784668;0.9765923023;0;7.399345398;-0.1629294306;1.712070584;
-0.1623187661;1.712681174;40.73236847;100;80;481.6070862;0.9765923023;0;7.499342918;
1.714041471;41.34134674;100;80;480.4295959;0.9765923023;0;7.599332809;-0.160312444;
-0.1596577168;1.715342283;41.90699005;100;80;479.3270264;0.9922177792;0;
42.54040909;100;80;478.1154785;1;
0;7.799342632;-0.1575383395;1.717461705;
43.08475494;100;80;476.9809265;0.7968993187;0;7.899372101;-0.1561639756;1.718836069;
43.46335983;100;80;475.7359009;0;0;7.999346733;-0.1546437293;1.720356226;
43.43497086;100;80;474.5783081;0;0;8.099379539;-0.1532220542;1.721777916;
43.32188416;100;80;473.3254395;0;0;8.199361801;-0.1516721845;1.723327756;
43.22389603;100;80;472.170929;0;0;8.299468994;-0.1502400935;1.724759936;
43.09102631;100;80;470.922699;0;0;8.399364471;-0.1486913711;1.726308584;
42.94655228;100;80;469.7740479;0;0;8.499370575;-0.1472660303;1.72773397;
42.79030609;100;80;468.533905;0;0;8.599387169;-0.1457291245;1.729270935;
42.64815521;100;80;467.3929749;0;0;8.699381828;-0.1443168819;1.730683088;
42.49448395;100;80;466.1612244;0;0;8.799387932;-0.1427939534;1.732205987;
42.42683792;100;80;465.0280151;0;0;8.899403572;-0.1413942128;1.733605742;
42.39437866;100;80;463.8020935;0;0;8.999403;-0.1398829669;1.735117078;
42.36226273;100;80;462.6714478;0;0;9.099414825;-0.1384906173;1.736509442;
42.33234787;100;80;461.4476929;0;0;9.199399948;-0.1369847059;1.738015294;
42.30026245;100;80;460.3188171;0;0;9.299431801;-0.1355952173;1.739404798;
42.2270546;100;80;459.0968628;0;17.85638046;9.399416924;-0.1340919584;1.740908027;
41.95452499;100;80;457.9713745;0;32.14209366;9.499420166;-0.1327079982;1.742292047;41.74583054;100;80;457.4112549;0;37.30124664;
41.48384857;100;80;456.8536987;0;37.30124664;9.599410057;-0.1312195212;1.743780494;
-0.1298617125;1.745138288;
40.36620712;100;80;454.4733887;0;49.2049942;9.799426079;-0.1284138709;1.746586084;
39.77862549;100;80;453.3974304;0;51.95318604;9.899437904;-0.1271035522;1.747896433;
39.08002472;100;80;452.2494812;0;61.32847214;9.999432564;-0.1257152706;1.749284744;
38.23930359;100;80;451.2080994;0;83.59477234;10.09943867;-0.1244656965;1.750534296;
37.04455566;100;80;450.1062622;0;100;10.19945145;-0.1231525242;1.751847506;
35.8984108;100;80;449.1197205;0;100;10.29948139;-0.1219859049;1.753014088;
34.66247177;100;80;448.0846252;0;100;10.39945221;-0.1207797304;1.754220247;
33.52373505;100;80;447.160553;0;100;10.49946594;-0.1198064834;1.755193472;
32.28892899;100;80;446.1937866;0;100;10.59990978;-0.1189724132;1.756027579;
31.1479702;100;80;445.3330078;0;100;10.69946671;-0.1188662797;1.756133676;
29.91017914;100;80;444.4347534;0;100;10.7994709;-0.1206772625;1.754322767;
28.766119;100;80;443.6373291;0;100;10.89947224;-0.125446856;1.749553204;
27.52454948;100;80;442.8078918;0;100;10.99948025;-0.135515064;1.739484906;
26.37699699;100;80;442.0741882;0;100;11.09949493;-0.1501850337;1.724815011;
25.13443184;100;80;441.3139648;0;100;11.19948578;-0.172356829;1.702643156;
23.99159813;100;80;440.6442871;0;100;11.29949093;-0.1988369524;1.676163077;
22.75871277;100;80;439.9534607;0;100;11.39949417;-0.2337971628;1.641202807;
21.62859535;100;80;439.3477173;0;100;11.49950218;-0.2709026933;1.604097366;
20.41213417;100;80;438.7257996;0;100;11.59950256;-0.3150071502;1.559992909;
19.2898674;100;80;438.183197;0;100;11.69952393;-0.357658267;1.517341733;
18.06994438;100;80;437.629364;0;100;11.79952145;-0.403421849;1.471578121;
16.94044495;100;80;437.1494141;0;100;11.89952278;-0.443133235;1.431866765;
15.71709442;100;80;436.663269;0;100;11.9995451;-0.4818247855;1.393175244;
14.59275723;100;80;436.245636;0;98.4389801;12.09952736;-0.5127863884;1.362213612;
13.54639626;100;80;435.8263245;0;73.82884979;12.19953537;-0.5412766933;1.333723307;
12.83254242;100;80;435.4650879;0;54.68764496;12.29954147;-0.563682735;1.311317325;
12.24402332;100;80;435.0944824;0;44.04736328;12.39953709;-0.5844225287;1.290577531;
