sep=;
unknown1; unknown2; currentSpeed; currentLimit; nextLimit; distance; gaspedal; brakepedal; timestamp


0.3951968253;100;80;512.0512085;0;0;0.149995178;
0.5481231809;100;80;512.0390625;0;0;0.250007689;
0.7055853605;100;80;512.024353;0;0;0.349997133;
0.8430869579;100;80;512.0045166;0;0;0.4500055313;
0.9877457619;100;80;511.9822083;0;0;0.5500149727;
1.118068576;100;80;511.9539185;0;0;0.6500167251;
1.255346417;100;80;511.9242554;0;0;0.7500246167;
1.378847718;100;80;511.8882141;0;0;0.8500166535;
1.509242535;100;80;511.8515015;0;0;0.9500260949;
1.6264503;100;80;511.8081055;0;0;1.050023198;
1.750268936;100;80;511.7647705;0;0;1.150059819;
1.861657143;100;80;511.714386;0;0;1.250038505;
1.979224801;100;80;511.6647949;0;0;1.350033045;
2.082795143;100;80;511.6088867;0;0;1.45003736;
2.194544077;100;80;511.5486145;0;0;1.550042152;
2.294999123;100;80;511.4901428;0;0;1.65005219;
2.400917053;100;80;511.4237366;0;0;1.750056505;
2.496165752;100;80;511.3597412;0;0;1.850051522;
2.596643209;100;80;511.2875366;0;0;1.950053215;
2.686834335;100;80;511.2183228;0;0;2.05005765;
2.782000303;100;80;511.1405945;0;0;2.150063515;
2.867515802;100;80;511.0664368;0;0;2.250089407;
2.957621813;100;80;510.9835205;0;0;2.3500669;
3.038651466;100;80;510.9046631;0;0;2.450079441;
3.124061823;100;80;510.816803;0;0;2.550080776;
3.200841188;100;80;510.7335205;0;0;2.650108576;
3.281840324;100;80;510.6409607;0;0;2.75009656;
3.354574203;100;80;510.5534668;0;0;2.850101709;
3.431354284;100;80;510.4564819;0;0;2.950099945;
3.500291586;100;80;510.3650208;0;0;3.050089359;
3.539722681;100;80;510.318573;0;0;3.100092649;
3.60586524;100;80;510.2164001;0;0;
510.1685486;0;0;3.250100136;3.675615072;100;80;510.1202698;0;0;3.300100088;
3.350107908;3.738256454;100;80;510.0141602;0;
3.804308414;100;80;509.9144897;0;0;3.500106812;
0;3.550109386;3.863628149;100;80;509.8046875;0;0;3.600135088;
3.650136232;3.926199198;100;80;509.7016602;0;0;3.700125694;
0;3.750122547;3.982394695;100;80;509.5883179;0;
4.041692257;100;80;509.4821472;0;0;3.900137901;
3.950122118;4.09496212;100;80;509.365448;0;0;4.000121593;
4.050124645;4.151173115;100;80;509.2562561;0;0;4.100130081;
0;0;4.150127888;4.201684475;100;80;509.1364136;0;0;4.200157642;
4.255023003;100;80;509.0243835;0;0;4.300145149;
4.302923679;100;80;508.9015198;0;
4.450137615;4.353483677;100;80;508.7868042;0;0;4.500142574;
4.398936272;100;80;508.6611023;0;0;4.60014677;
4.446828842;100;80;508.5437927;0;0;4.700148582;
4.750151634;4.489906311;100;80;508.4153748;0;
4.850149155;4.535252571;100;80;508.2956543;0;0;4.900204659;
4.950157166;4.575977325;100;80;508.1647034;0;0;5.000163555;
4.618891716;100;80;508.0426941;0;0;5.100157261;
0;5.150163174;4.657371521;100;80;507.9093018;0;0;
4.697881222;100;80;507.7851257;0;0;5.300180912;
4.734205246;100;80;507.6494446;0;0;5.400200844;
5.450170994;4.772393227;100;80;507.5232239;0;0;5.500173569;
4.806664944;100;80;507.3854065;0;0;5.600177288;
4.842776299;100;80;507.2572327;0;0;5.700184345;
0;0;5.750187874;4.875202656;100;80;507.1173706;0;0;5.800181389;
5.850189209;4.90941906;100;80;506.9873657;0;0;5.900212288;
5.95018816;4.940087795;100;80;506.8455811;0;0;6.000203133;
6.050199032;4.972382545;100;80;506.7138672;0;0;6.100195885;
0;0;6.150198936;5.001419067;100;80;506.5702515;0;0;
5.032011986;100;80;506.4368896;0;0;6.3002038;
0;6.350203991;5.059477806;100;80;506.2915649;0;0;
5.08840704;100;80;506.1566467;0;0;6.500229836;
5.114354134;100;80;506.0096741;0;0;6.60021162;
5.141623497;100;80;505.873291;0;0;6.700220108;
5.166183949;100;80;505.7247925;0;
6.850230217;5.191731453;100;80;505.5870361;0;0;6.900223255;
0;6.950239182;5.214691639;100;80;505.4371033;0;0;7.000236511;
5.238772869;100;80;505.2980347;0;0;7.100233555;
5.260319233;100;80;505.1467285;0;
5.283016205;100;80;505.0064392;0.007812738419;0;7.300232887;
7.350235939;5.30565691;100;80;504.8538513;0.06250190735;0;
5.34474659;100;80;504.7123413;0.1171910763;0;7.500246525;
7.550263882;5.401162148;100;80;504.5579224;0.1406292915;0;7.600254536;
5.4855299;100;80;504.4130249;0.1953184605;0;7.700279713;
0.2500076294;0;7.750254154;5.592181206;100;80;504.2544861;0.2734458447;0;7.800275326;
5.764019966;100;80;504.1051331;0.3281350136;0;7.900254726;
0.3593859673;0;7.950285435;5.994255066;100;80;503.938446;0.3828241825;0;8.000261307;
8.050266266;6.343207359;100;80;503.7780762;0.4375133514;0;8.100263596;
0;8.150259972;6.767026901;100;80;503.5945435;0.4687643051;0;8.200271606;
8.250267982;7.324979782;100;80;503.4133301;0.4687643051;0;8.300266266;
8.350269318;7.902005672;100;80;503.2015381;0.4687643051;0;
8.565768242;100;80;502.9901733;
8.550299644;9.196665764;100;80;502.7429199;0.4922025204;0;
9.903066635;100;80;502.4972534;0.4922025204;0;8.700285912;
10.56892967;100;80;502.2115173;0.4922025204;
502.0726624;0.4922025204;0;8.850287437;11.29559994;100;80;501.9293518;0.4922025204;0;8.900285721;
0;8.950312614;11.96542645;100;80;501.6035767;0.4922025204;0;9.000289917;
0;9.050290108;12.68582058;100;80;501.2843018;0.5156407356;0;9.100319862;
0;9.150304794;13.35628605;100;80;500.9184265;0.5156407356;0;9.200318336;
0;9.250330925;14.12176991;100;80;500.5620422;0.5156407356;0;
14.86310673;100;80;500.154541;0.5468916893;0;9.400303841;
15.65226936;100;80;499.757843;0.5156407356;0;9.500308037;
16.33110809;100;80;499.306488;0.5156407356;0;9.600308418;
0;9.650316238;17.38851357;100;80;498.8710632;0.5156407356;0;9.700313568;
498.6059875;0.4922025204;0;9.750314713;18.42401123;100;80;498.3679199;0.4687643051;0;9.800317764;
18.81021881;100;80;497.8769531;0.4687643051;0;9.900327682;
9.95032692;19.10849953;100;80;497.3371887;0.4687643051;0;10.00033855;
10.05032635;19.4688549;100;80;496.8282776;0.4687643051;0;10.10033035;
0;10.15035725;19.79373741;100;80;496.2661438;0.4687643051;0;
10.25034332;20.16090012;100;80;495.7387695;0.5156407356;0;10.30033684;
10.35033512;20.52807808;100;80;495.1569519;0.5156407356;0;10.40033627;
20.94345093;100;80;494.609436;0.5156407356;0;10.50035477;
10.55034542;21.30582619;100;80;494.0049744;0.5156407356;0;10.60034943;
10.65034676;21.72086525;100;80;493.4369202;0.5468916893;0;10.70035076;
22.12991333;100;80;492.8098145;0.5703299046;0;
0;10.85038185;22.60131454;100;80;492.2195435;0.6015808582;0;10.90035343;
0.6015808582;0;10.95037365;23.04720688;100;80;491.5670471;0.6015808582;0;11.00036049;
23.54238129;100;80;490.9523926;0.6250190735;0;11.10036278;
0;11.15036678;24.01270485;100;80;490.2727356;0.6250190735;0;11.20036316;
11.25036716;24.52225304;100;80;489.6323242;0.6250190735;0;11.30037022;
24.99248314;100;80;488.9244385;0.6250190735;0;
25.50292397;100;80;488.2579651;0.6250190735;0;11.50039196;
25.97476578;100;80;487.5217896;
11.65038967;26.49093246;100;80;486.8291626;0.6250190735;0;11.70038033;
0.6250190735;0;11.75039577;27.13786125;100;80;486.0637817;0.6250190735;0;11.80038738;
11.85038757;27.74139977;100;80;485.3396606;0.6250190735;0;11.90038872;
0;11.9504137;28.21229935;100;80;484.5392456;0.6562700272;0;12.00039101;
28.67816734;100;80;483.7874146;0.6562700272;0;12.10039711;
29.0094471;100;80;482.9599915;0.6562700272;0;12.2003994;
29.35473061;100;80;482.1869507;0.6562700272;0;12.30040741;
12.35042667;29.68223953;100;80;481.3396912;0.6562700272;0;12.40041924;
30.03792191;100;80;480.5483704;0.6562700272;0;12.50040913;
12.55042362;30.36567497;100;80;479.6812744;0.6562700272;0;
30.72875214;100;80;478.8717651;0.6797082424;0;12.70041466;
0;12.75042152;31.07308769;100;80;477.9846497;0.6797082424;0;12.80043316;
31.44983101;100;80;477.156189;0.7109591961;0;12.900424;
0;12.95042706;31.81619263;100;80;476.24823;0.7578356266;0;13.00042152;
32.25216675;100;80;475.3998718;0.7890865803;0;13.10044289;
0;13.15045261;32.66987991;100;80;474.4686584;0.8125247955;0;
33.15517807;100;80;473.5334167;0.8437757492;
13.35043526;33.61732483;100;80;472.649353;0.8672139645;0;13.40044785;
34.13670349;100;80;471.6777344;0.8984649181;0;13.5004425;
34.6301651;100;80;470.7675171;0.8984649181;0;13.5994482;
35.15631866;100;80;469.8441772;0.8672139645;0;13.69947243;
35.63187027;100;80;468.8293762;0.8672139645;0;13.79945374;
36.16141129;100;80;467.8793945;0.8984649181;0;13.89945889;
36.65922546;100;80;466.8354492;0.8984649181;0;13.99946022;
37.19873047;100;80;465.8580017;0.8984649181;0;14.09946346;
37.69749069;100;80;464.7841797;0.8984649181;0;14.19949245;
38.23952103;100;80;463.7790527;0.8984649181;0;14.29947376;
38.7418251;100;80;462.6751099;0.9219031334;0;14.39947891;
39.30757523;100;80;461.6420593;0.9219031334;0;14.49947643;
39.82768631;100;80;460.5072021;0.9219031334;0;14.59947968;
40.41905975;100;80;459.4451904;0.9531540871;0;14.69948864;
40.96422195;100;80;458.2781982;0.9765923023;0;14.79948902;
41.57117844;100;80;457.1858215;0.9531540871;0;14.8994894;
42.1217804;100;80;455.9856262;0.9531540871;0;14.99949169;
42.72510147;100;80;454.8624268;0.9765923023;0;15.09949589;
43.30021286;100;80;453.6288147;0.9765923023;0;15.1995182;
43.93168259;100;80;452.4740601;1;0;15.29950714;
44.52304459;100;80;451.2055664;0.9765923023;0;15.3995142;
45.15778732;100;80;450.0182495;0.9531540871;0;15.49951649;
45.74920654;100;80;448.714447;0.8000000119;0;15.59952354;
46.3039093;100;80;447.4945984;0.8000000119;0;15.6995163;
46.75640869;100;80;446.1578674;0.839820087;0;15.79952621;
47.24460602;100;80;444.9113464;0.9377419949;0;15.89952278;
47.68069458;100;80;443.5471191;0.9765923023;0;15.99953079;
48.11808777;100;80;442.2758179;0.9531540871;0;16.09953117;
48.51696777;100;80;440.8865051;0.9765923023;0;16.19956398;
48.95819092;100;80;439.5927734;0.9765923023;0;16.29955292;
49.3657341;100;80;438.1789246;0.9765923023;0;16.39953995;
49.8024826;100;80;436.8625183;0.9765923023;0;16.49955368;
50.21051788;100;80;435.4242859;0.9765923023;0;16.59955597;
50.65391922;100;80;434.0852661;1;0;16.69954872;
51.07195282;100;80;432.622345;0.9531540871;0;16.79955101;
51.50455475;100;80;431.2604065;0.9765923023;0;16.89956284;
51.91377258;100;80;429.7729187;0.9765923023;0;16.99956131;
52.35617447;100;80;428.3884583;0.9765923023;0;17.0995636;
52.76530838;100;80;426.8763428;0.9765923023;0;17.19956589;
53.21237564;100;80;425.4692078;1;0;17.29956627;
53.63294601;100;80;423.9323425;0.9765923023;0;17.39957237;
54.08796692;100;80;422.5020142;1;0;17.49957657;
54.51371765;100;80;420.9399109;1;0;17.59957695;
54.97061157;100;80;419.486084;1;0;17.69960403;
55.39733887;100;80;417.898468;1;0;17.79958534;
55.86161804;100;80;416.4211121;1;0;17.89959717;
56.29163361;100;80;414.8077393;1;0;17.99959755;
56.75902176;100;80;413.3065186;1;0;18.09960175;
57.19216156;100;80;411.6672363;1;0;18.19960213;
57.66315842;100;80;410.1419983;1;0;18.29962349;
58.09944534;100;80;408.476593;1;0;18.39963341;
58.57383347;100;80;406.9271851;1;0;18.49975777;
59.01560211;100;80;405.2354736;1;0;18.59965515;
59.4912262;100;80;403.6616821;1;0;18.69964981;
59.93385315;100;80;401.9434814;1;0;18.79961967;
60.41530228;100;80;400.3451538;1;0;18.89962006;
60.86116791;100;80;398.6002502;1;0;18.99964142;
61.34598923;100;80;396.9772034;1;0;19.09965134;
61.7951088;100;80;395.2054138;1;0;19.19964218;
62.27409363;100;80;393.5574036;0.8000000119;0;19.29963684;
62.62988281;100;80;391.7589111;0.8000000119;0;19.39967537;
62.98019791;100;80;390.0891113;0.8889999986;0;19.49964523;
63.31091309;100;80;388.2702332;0.9850000143;0;19.59964943;
63.64396286;100;80;386.5819397;1;0;19.69965744;
63.93704605;100;80;384.743866;1;0;19.79965401;
64.25579071;100;80;383.0389709;1;0;19.8996582;
64.55075073;100;80;381.1830139;1;0;19.99967194;
64.87002563;100;80;379.4616699;1;0;20.09967995;
65.1646347;100;80;377.5879822;1;0;20.19966507;
65.48397827;100;80;375.8502197;1;0;20.29967117;
65.77893829;100;80;373.9588013;1;0;20.39968491;
66.09853363;100;80;372.2046509;1;0;20.49967957;
66.39351654;100;80;370.2954407;1;
66.71327972;100;80;368.5249023;1;0;20.69968796;
67.00849915;100;80;366.5979309;1;0;20.79968834;
67.32836914;100;80;364.8109741;1;0;20.89969063;
20.94972038;67.62384796;100;80;362.8662415;1;
67.94392395;100;80;361.0628967;1;0;21.09971809;
0;21.14970779;68.23947144;100;80;359.1003723;1;0;
21.24973297;68.55974579;100;80;357.2805786;1;0;21.2997036;
21.34970474;68.85545349;100;80;355.300293;1;0;
69.17591095;100;80;353.4640808;1;0;21.49971962;
0;21.54971123;69.47173309;100;80;351.4659729;1;0;
0;21.64972115;69.77378845;100;80;349.574646;
70.0945282;100;80;347.5585632;1;
70.39056396;100;80;345.6893005;1;
70.71135712;100;80;343.6553955;1;0;21.99972916;
71.00762939;100;80;341.7696838;1;
71.33473206;100;80;339.8266907;1;
71.63261414;100;80;337.7760925;1;
22.34973907;71.95220947;100;80;335.855896;1;0;22.39974976;
72.24868774;100;80;333.7875671;1;0;
72.5699234;100;80;331.8508301;1;0;22.5997467;
72.86812592;100;80;329.7647095;1;0;22.6997509;
73.18948364;100;80;327.8215637;1;0;22.799757;
22.84976387;73.48620605;
73.80775452;100;80;323.7376709;1;0;22.99976158;
74.104599;100;80;321.6057739;1;0;23.09977341;
0;23.14976311;74.42627716;100;80;319.6296082;1;0;23.19976997;
74.72324371;100;80;317.4798279;1;0;23.29976845;
75.04540253;100;80;315.4871521;1;0;23.3997879;
0;23.44977951;75.34326935;100;80;313.3194885;1;0;23.49978447;
0;23.54978371;75.66638947;100;80;311.3103027;1;0;23.59977722;
80;310.134613;1;0;23.649786;75.965065;100;80;309.1247253;1;0;23.69978523;
76.28931427;100;80;307.098938;1;0;23.79981232;
76.58893585;100;80;304.8953552;1;0;23.89985466;
76.9140625;100;80;302.8529663;1;0;
77.21472168;100;80;300.6313477;1;0;24.0997982;
24.14980888;77.54084778;100;80;298.5722656;1;0;24.1998024;
1;0;24.24980736;77.84237671;100;80;296.33255;1;0;24.2998085;
77.99328613;100;80;295.2956543;1;0;24.34998512;78.16953278;100;80;294.2567444;1;0;24.39983749;
24.44980621;78.47195435;100;80;291.9988708;1;0;24.49984932;
78.80014038;100;80;289.9062805;1;0;24.59981155;
100;80;288.6818848;1;0;24.65001678;79.10349274;100;80;287.630188;1;0;24.69982338;
79.43267822;100;80;285.5207825;1;0;24.79982185;
24.849823;79.73693085;100;80;283.2264404;1;0;
80.06713104;100;80;281.1001282;1;0;24.99982834;
80.3722229;100;80;278.7874756;
80.70332336;100;80;276.6442566;1;0;25.19983101;
81.00937653;100;80;274.3132019;1;
81.34144592;100;80;272.1529541;1;0;25.39984322;
25.44984627;81.64842987;100;80;269.8034363;1;
25.5498848;81.98149109;100;80;267.6261292;1;0;25.5998497;
25.64985085;82.28942871;100;80;265.2581482;1;0;25.69984818;
0;25.74985886;82.6235733;100;80;263.0637207;1;0;25.79985809;
0;25.84985924;82.93242645;100;80;260.6771545;1;0;
83.26751709;100;80;258.4655762;1;0;25.99986267;
83.57736206;100;80;256.0603943;1;0;26.0999012;
83.91786194;100;80;253.8316345;0.8000000119;0;26.19987297;
0;26.24988174;84.18206024;100;80;251.4077759;0.8000000119;0;26.29986763;
26.34987068;84.42391968;100;80;249.1630859;0.8404999971;0;26.39987946;
84.64485168;100;80;246.7246399;0.9365000129;0;26.49989128;
26.54987907;84.89093018;100;80;244.467453;1;0;26.59987831;
26.64987946;85.09830475;100;80;242.0153961;1;0;26.69993973;
26.7498951;85.32093811;100;80;239.7462311;1;0;26.79990387;
26.84988976;85.52731323;100;80;237.2817078;1;0;26.89988899;
0;26.94992065;85.75080109;100;80;235.0009918;1;0;26.99988937;
85.95679474;100;80;232.5240173;1;
86.17988586;100;80;230.231842;1;0;27.19990158;
86.38573456;100;80;227.7424622;1;0;27.29990387;
0;27.34990692;86.60876465;100;80;225.4388428;1;0;27.39991188;
27.44992065;86.81452179;100;80;222.9370575;1;0;27.49993706;
87.03734589;100;80;220.6220093;1;0;27.59991646;
27.64992142;87.24295044;100;80;218.1078491;1;0;27.69994164;
87.4656601;100;80;215.7813568;1;0;27.79991913;
27.84992599;87.67113495;100;80;213.2548218;1;0;27.89992714;
1;0;27.94993782;87.89363861;100;80;210.9169312;1;0;27.99993134;
88.09899902;100;80;208.3780212;1;
88.32135773;100;80;206.028717;1;0;28.1999321;
88.52656555;100;80;203.4774628;1;0;
88.74878693;100;80;201.116745;1;0;28.3999424;
0;28.44996262;88.95380402;100;80;198.5531464;1;0;28.49995041;
89.17586517;100;80;196.1810455;1;0;28.59994888;
89.38076782;100;80;193.6051025;1;0;28.69995689;
1;0;28.75012398;89.60266113;100;80;191.2216187;1;0;28.79995728;
89.80744934;100;80;188.6333466;1;0;
90.02919769;100;80;186.2384949;1;0;28.99997139;
90.23182678;100;80;183.6379089;0.9453413486;0;29.09997749;
90.4370575;100;80;181.2317657;0.9453413486;0;29.19997406;
29.2499733;90.62346649;100;80;178.6194305;0.9219031334;0;29.29997826;
0;29.3499794;90.81789398;100;80;176.2028503;0.8828394413;0;29.39998436;
0;29.4499836;90.96873474;100;80;173.5795135;0.6875209808;0;29.49997902;
29.54998207;91.08698273;100;80;171.1538696;0.6875209808;0;29.6000061;
0;29.65000534;91.19094849;100;80;168.5228119;0.6640827656;
29.74998474;91.29347229;100;80;166.091156;0.5078279972;0;29.79998779;
29.84999084;91.34420776;100;80;163.454071;0.4453260899;0;
29.95000076;91.37408447;100;80;161.0184784;0.2890713215;0;30.00001717;
91.33275604;100;80;158.3790894;0;0;30.10000229;
91.20481873;100;80;155.9439392;0;0;30.20001411;
0;30.25000572;91.06143951;100;80;153.3094788;0;
90.90451813;100;80;150.8814545;0;0;30.40001488;
30.45001221;90.76045227;100;80;148.2553406;0;0;30.50001717;
30.55001831;90.6038208;100;80;145.8352509;0;0;30.6000309;
30.6500206;90.46059418;100;80;143.217804;0;0;
90.30430603;100;80;140.6299591;0;
90.16043854;100;80;138.2219696;0;
90.00478363;100;80;135.61763;0;
89.86134338;100;80;133.2176056;0;0;31.09903526;
89.70624542;100;80;130.8214111;0;0;31.19904709;
89.56336212;100;80;128.2298431;0;0;31.29903984;
89.40883636;100;80;125.8415909;0;0;31.39904594;
89.26644897;100;80;123.2586212;0;0;31.49904442;
89.11249542;100;80;120.8782883;0;0;31.59905052;
88.97063446;100;80;118.3038788;0;0;31.69905281;
88.81721497;100;80;115.9314499;0;0;31.79905701;
88.6758728;100;80;113.3655777;0;0;31.8990612;
88.52302551;100;80;111.0010147;0;0;31.99907684;
88.38218689;100;80;108.4436569;0;0;32.09908676;
88.22989655;100;80;106.0869293;0;0;32.19908142;
88.08955383;100;80;103.5380478;0;0;32.29907227;
87.93781281;100;80;101.1891403;0;0;32.39907837;
87.79798126;100;80;98.64871216;0;0;32.49909973;
87.64676666;100;80;96.30758667;0;0;32.59908676;
87.50745392;100;80;93.77558136;0;0;32.69909286;
87.35679626;100;80;91.4422226;0;0;32.79909134;
87.2179718;100;80;88.91861725;0;0;32.89909744;
87.06785583;100;80;86.59299469;0;0;32.99911499;
86.92950439;100;80;84.07775116;0;0;33.09910202;
86.77994537;100;80;81.75984192;0;0;33.19910431;
86.64211273;100;80;79.25294495;0;0;33.29911041;
86.49305725;100;80;76.94272614;0;0;33.3991127;
86.35570526;100;80;74.4441452;0;0;33.49911118;
86.20719147;100;80;72.1415863;0;0;33.59912491;
86.07032776;100;80;69.65129852;0;0;33.69915009;
85.92234039;100;80;67.35639191;0;0;33.79913712;
85.78598785;100;80;64.87437439;0;0;33.89913177;
85.63852692;100;80;62.58709717;0;0;33.99913025;
85.4994278;100;80;60.11333466;0;4.364146709;34.09915924;
85.19329071;100;80;57.83387375;0;52.34382248;34.19913483;
84.47625732;100;80;55.37425613;0;65.23484039;34.29916382;
82.4131012;100;80;53.12482071;0;100;34.39914703;
79.1734314;100;80;50.74905396;0;100;34.4991684;
75.42623901;100;80;48.64460373;0;100;34.59915543;
71.91648865;100;80;46.46403503;0;100;34.6991539;
68.32926178;100;80;44.5461998;0;100;34.79915619;
65.13009644;100;80;42.56791687;0;100;34.89915848;
61.67512512;100;80;40.83101273;0;100;34.99916077;
58.50878906;100;80;39.04546738;0;65.23484039;35.09918594;
55.14234543;100;80;37.48508072;0;30.55513191;35.19921875;
53.53711319;100;80;35.88797379;0;0;35.29917145;
53.48504639;100;80;34.45329285;0;0;35.39920425;
53.40357971;100;80;32.89982224;0;0;35.49920273;
53.25437546;100;80;31.47406006;0;0;35.59919739;
53.1882515;100;80;29.93634033;0;0;35.69920349;
53.1374588;100;80;28.51867104;0;0;35.79919434;
53.05859375;100;80;26.984478;0;0;35.89920044;
52.95672607;100;80;25.57099152;0;0;35.9991951;
52.86962128;100;80;24.04261971;0;0;36.0992012;
52.78216934;100;80;22.63431168;0;0;36.19922256;
52.7004509;100;80;21.11137962;0;0;36.29920959;
52.60990143;100;80;19.70818329;0;0;36.39921951;
52.52679825;100;80;18.1909256;0;0;36.49921417;
52.43773651;100;80;16.79310608;0;0;36.59923172;
52.35554123;100;80;15.28187847;0;0;36.69921875;
52.28678894;100;80;13.85369396;0;0;36.79922867;
52.21868896;100;80;12.35511398;0;0;36.89925003;
52.1095047;100;80;10.97060204;0;0;36.99922943;
52.00976944;100;80;9.554143906;0;0;37.09923553;
51.92234421;100;80;8.069173813;0;0;37.19923782;
51.83805847;100;80;6.701140881;0;0;37.29924011;
51.75899887;100;80;5.231227875;0;0;37.39924622;
51.67200851;100;80;3.894416094;0;0;37.4992485;
51.58918762;100;80;2.502506018;0;0;37.59926987;
51.50058365;80;60;1.411092997;0;0;37.69926071;
51.4200325;80;60;638.5591431;0;0;37.79925919;
51.3327179;80;60;637.1879272;0;0;37.8992691;
51.25181198;80;60;635.7049561;0;0;37.99929428;
51.16441345;80;60;634.3382568;0;0;38.09927368;
0;38.14927292;51.08402252;80;60;632.8601074;0;0;38.19927216;
38.24927139;50.99703979;80;60;631.4978638;0;0;38.29927444;
0;38.34928513;50.91680908;80;60;630.0245361;0;
50.83005524;80;60;628.6668091;0;0;38.49928284;
38.54928207;50.75009155;80;60;627.1983032;0;0;38.59928131;
0;38.64929199;50.66360855;80;60;625.8449707;0;0;38.69929123;
0;38.74929047;50.58390427;80;60;624.3812866;0;0;38.7992897;
0;38.84929657;50.49821854;80;60;623.0324097;0.007812738419;0;38.89929199;
38.94929886;50.42647552;80;60;621.5734863;0.04687643051;0;38.99930954;
0;39.04930496;50.3727417;80;60;620.2287598;0.1250038147;0;39.09933472;
50.34982681;80;60;618.7733765;0.14844203;
50.33914948;80;60;617.430603;0.2265694141;0;39.29931259;
39.34930801;50.34753036;80;60;615.9762573;0.3281350136;0;39.39932251;
39.44933701;50.38246536;80;60;614.6335449;0.3828241825;0;39.49931335;
39.54935837;50.42878723;80;60;613.1779785;0.4062623978;
50.485672;80;60;611.8330688;0.4453260899;0;39.69932556;
39.7493248;50.54777145;80;60;610.3745728;0.4687643051;
50.62401581;80;60;609.0265503;0.5078279972;0;39.89934158;
50.70146179;80;60;607.5640869;0.5625171661;0;39.99932861;
0.6484572887;0;40.04933548;50.80244446;80;60;606.2120361;0.6875209808;0;40.09935379;
50.92460251;80;60;604.7443848;0.7031464577;0;
40.24934006;51.07219696;80;60;603.3862305;0.7265846729;0;40.29938507;
51.23419571;80;60;601.9108276;0.7265846729;0;40.39934921;
0;40.44934845;51.42914581;80;60;600.5443726;0.6484572887;0;40.49934387;
40.54935837;51.59174347;80;60;599.0587158;0.6640827656;0;40.59934998;
51.76822281;80;60;597.6829224;0.6250190735;0;40.69936371;
0;40.7493782;51.91658401;80;60;596.187561;0.5859553814;0;40.79935455;
40.84937286;52.0703392;80;60;594.8031616;0.6015808582;0;40.89936829;
0;40.94938278;52.2151413;80;60;593.2990723;0.6015808582;0;40.99936676;
592.6033325;0.5859553814;0;41.0493927;52.37024307;80;60;591.9066162;0.6015808582;0;41.09937286;
52.51474762;80;60;590.3938599;0.6015808582;
41.2493782;52.67650604;80;60;588.9934692;0.6640827656;0;41.29937363;
0;41.34937668;52.8506813;80;60;587.4718018;0.7031464577;0;41.39937592;
41.44937515;53.04801178;80;60;586.0623779;0.7031464577;0;41.49938583;
53.23302841;80;60;584.5299683;0.7422101498;
53.44484711;80;60;583.1104126;0.7422101498;0;41.69940948;
41.74938965;53.64096832;80;60;581.5665894;0.7422101498;0;
0;41.84939957;53.85417557;80;60;580.1361084;0.765648365;0;41.89941025;
0;41.94940567;54.059021;80;60;578.5805054;0.765648365;0;
42.04940033;54.27682495;80;60;577.138855;0.7265846729;0;42.0994072;
54.4723587;80;60;575.571106;0.7812738419;0;
42.24940491;54.70986557;80;60;574.1184692;0.8281502724;0;42.29944611;
42.34941483;54.94156647;80;60;572.5380859;0.8672139645;0;42.39941025;
42.44943619;55.2026329;80;60;571.072876;0.8828394413;0;42.49942017;
55.45004654;80;60;569.4783325;0.8828394413;0;42.59941864;
42.64945221;55.71850204;80;60;567.9995728;0.8672139645;0;42.69942093;
0;42.74943924;55.96125031;80;60;566.3901978;0.8672139645;0;42.79942703;
42.8494339;56.22373581;80;60;564.8978271;0.8672139645;0;42.89943695;
564.024353;0.8672139645;0;42.94943619;56.46121597;80;60;563.3051758;0.8828394413;0;42.99943542;
56.72941589;80;60;561.6737061;0.8828394413;0;43.09944153;
80;60;560.9180908;0.8828394413;0;43.14943695;56.97785568;80;60;560.1608276;0.8828394413;0;43.19946289;
57.25196075;80;60;558.5144653;0.9062776566;0;43.29944611;
0.8828394413;0;43.34946823;57.50518799;80;60;556.9877319;0.8828394413;0;43.39947891;
57.77412796;80;60;555.3261108;
554.5565796;0.8828394413;0;43.54945755;58.02145004;80;60;553.7854614;0.8828394413;0;43.59945297;
58.28575897;80;60;552.1089478;0.8672139645;
58.52833176;80;60;550.5546265;0.8672139645;0;43.79946899;
58.79118729;80;60;
0.8672139645;0;43.94947433;59.03392029;80;60;547.2957153;0.8672139645;0;43.99946594;
59.3057518;80;60;545.5899658;0.8672139645;0;44.09948349;
0.8672139645;0;44.14948273;59.58857346;80;60;543.9746704;0.8672139645;0;44.19947815;
44.24948883;59.78905869;80;60;542.3861694;0.8672139645;0;44.29948807;
0;44.34947586;60.04653931;80;60;540.6268921;0.8672139645;0;
44.44950104;60.27597427;80;60;539.0237427;0.8672139645;0;
60.54300308;80;60;537.2819824;0.8672139645;
60.79163742;80;60;535.6679688;0.8672139645;
61.05540466;80;60;533.911377;0.8672139645;0;
61.29910278;80;60;532.2832031;0.8828394413;0;44.89950562;
61.56821442;80;60;530.512085;0.8828394413;
0;45.04950333;61.81776047;80;60;528.8701782;0.8828394413;0;45.09950638;
62.08732986;80;60;527.0839844;0.8828394413;0;
62.33584213;80;60;525.4283447;0.8672139645;0;45.29951096;
62.60199356;80;60;523.6271973;0.8828394413;0;
45.44951248;62.84719467;80;60;521.9577637;0.8828394413;0;45.49951553;
63.11610413;80;60;520.1418457;
63.36110687;80;60;
63.62475967;80;60;516.6279297;0.8828394413;0;45.79952621;
0;45.84954453;63.87342834;80;60;514.9312744;0.8828394413;0;
64.14335632;80;60;513.0856934;0.8828394413;0;
0;46.04955673;64.39227295;80;60;511.3751526;0.8828394413;0;
64.66091156;80;60;509.5145874;0.8828394413;0;
64.90984344;80;60;507.7902832;0.8828394413;0;
65.17970276;80;60;505.9147644;0.8828394413;0;46.39954758;
65.42877197;80;60;504.1766052;0.8828394413;0;46.49955368;
65.69850159;80;60;502.2861023;0.8828394413;0;
46.64955139;65.94754791;80;60;500.5341187;0.8828394413;
66.2179718;80;60;498.6286621;0.9062776566;0;46.79956436;
66.47563171;80;60;496.862793;0.9062776566;
66.75570679;80;60;494.9419861;0.9062776566;0;46.99956894;
0;47.04956818;67.01113892;80;60;493.1618042;0.8828394413;0;47.09957504;
67.27820587;80;60;491.2256165;0.8672139645;0;47.1995697;
0;47.24958801;67.51954651;80;60;489.4315186;0.8437757492;0;47.29957962;
67.77716064;80;60;487.4806519;0.8672139645;0;
0;47.44959259;68.01377106;80;60;485.6732483;0.8437757492;0;47.4995842;
68.26672363;80;60;483.7080994;0.8437757492;0;47.5995903;
68.50031281;80;60;481.8876343;0.8437757492;0;
68.75341034;80;60;479.9084167;0.8437757492;0;
47.849617;68.98701477;80;60;478.0749817;0.8437757492;0;47.89960098;
69.23999023;80;60;476.0816956;0.8437757492;
0;48.04962921;69.47370148;80;60;474.23526;0.8672139645;0;
69.73545074;80;60;472.2472534;0.8828394413;0;48.19960785;
0;48.24962616;70.01243591;80;60;470.3875427;0.9062776566;0;48.29961395;
0;48.34960938;70.27112579;80;60;468.3652039;0.9062776566;0;48.39961243;
48.44961929;70.52946472;80;60;466.4912415;0.9062776566;0;48.49861526;
70.80194092;80;60;464.4533691;0.8828394413;0;48.59862137;
71.0508728;80;60;462.5653076;0.8828394413;0;48.69861984;
71.30967712;80;60;460.5124207;0.8281502724;0;48.79862595;
71.53649139;80;60;458.6108704;0.8281502724;0;48.89862823;
71.78224182;80;60;456.5440063;0.8281502724;0;48.99864197;
72.00944519;80;60;454.6297913;0.8281502724;0;49.09863663;
72.25532532;80;60;452.5492249;0.8281502724;0;49.19864655;
72.48221588;80;60;450.6224365;0.8281502724;0;49.29864502;
72.71939087;80;60;448.5281982;0.765648365;0;49.39864731;
72.9340744;80;60;446.5890808;0.8437757492;0;49.49866486;
73.14517212;80;60;444.4818115;0.4687643051;0;49.59864807;
73.24610138;80;60;442.5314636;0.2265694141;0;49.69865417;
73.26726532;80;60;440.4158936;0.1250038147;0;49.79866028;
73.25473022;80;60;438.4625244;0.0859401226;0;49.89867783;
73.19995117;80;60;436.3466187;0;0;49.99866486;
73.0997467;80;60;434.3949585;0;0;50.09869003;
72.97541809;80;60;432.2837219;0;0;50.19867706;
72.86025238;80;60;430.3379211;0;0;50.29867554;
72.73618317;80;60;428.2333374;0;0;50.39867783;
72.62145996;80;60;426.2938232;0;0;50.49869919;
72.49710846;80;60;424.196106;0;0;50.59869003;
72.38262939;80;60;422.2629089;0;0;50.69869232;
72.25893402;80;60;420.1720276;0;0;50.7986908;
72.14491272;80;60;418.2451477;0;0;50.8986969;
72.02165985;80;60;416.1611633;0;0;50.99872208;
71.90837097;80;60;414.2406311;0;0;51.09870148;
71.79013062;80;60;412.1635132;0.07031464577;0;51.19870758;
71.71521759;80;60;410.249115;0.1250038147;0;51.29870605;
71.66526031;80;60;408.1773682;0.2500076294;0;51.39871597;
71.65436554;80;60;406.2662354;0.3437604904;0;51.49872589;
71.66772461;80;60;404.196167;0.3671987057;0;51.59872818;
71.69067383;80;60;402.2850037;0.3828241825;0;51.69872284;
71.72328186;80;60;400.2139282;0.429700613;0;51.79872894;
71.76747131;80;60;398.3013306;0.4687643051;0;51.89872742;
71.82788849;80;60;396.2280579;0.5078279972;0;51.99873352;
71.89212799;80;60;394.3027039;0.5078279972;0;52.0987587;
71.96485901;80;60;392.2358398;0.523453474;0;52.1987381;
72.03096771;80;60;390.3168945;0.4687643051;0;52.29877472;
72.08953094;80;60;388.2361145;0.4687643051;0;52.39874649;
72.14603424;80;60;386.303894;0.484389782;0;52.49874878;
72.20974731;80;60;384.2198181;0.484389782;0;52.59876633;
72.26876831;80;60;382.2944031;0.484389782;0;52.69876099;
72.33237457;80;60;380.2068176;0.484389782;0;52.79876328;
72.39485168;80;60;378.2781677;0.5078279972;0;52.89876175;
72.46665192;80;60;376.1869202;0.5078279972;0;52.99878693;
72.53298187;80;60;374.2546997;0.5078279972;0;53.09877396;
72.60381317;80;60;372.1595154;0.5078279972;0;53.19880676;
72.66914368;80;60;370.2236633;0.5078279972;0;53.29877472;
72.73989868;80;60;368.1245117;0.5078279972;0;53.39878082;
72.80727386;80;60;366.1850281;0.523453474;0;53.49878311;
72.88269043;80;60;364.0818787;0.5078279972;0;53.5987854;
72.94952393;80;60;362.1385803;0.5078279972;0;53.69878769;
73.0213623;80;60;360.031311;0.523453474;0;53.79879761;
73.0894165;80;60;358.0842896;0.5078279972;0;53.89879608;
73.16067505;80;60;355.9729614;0.5078279972;0;53.99879837;
73.2256012;80;60;354.0221863;0.5078279972;0;54.09880447;
73.29372406;80;60;351.9069214;0.4687643051;0;54.19881058;
73.34986877;80;60;349.9526062;0.4687643051;0;54.29881287;
73.40781403;80;60;347.8337402;0.4687643051;0;54.39883041;
73.46111298;80;60;345.8763733;0.4687643051;0;54.4988327;
73.51985168;80;60;343.7542419;0.484389782;0;54.59882355;
73.58026123;80;60;341.7938538;0.523453474;0;54.69883347;
73.65479279;80;60;339.6682129;0.5468916893;0;54.79882813;
73.72990417;80;60;337.7041626;0.5468916893;0;54.89883423;
73.81236267;80;60;335.5741882;0.5625171661;0;54.99884415;
73.89507294;80;60;333.6059265;0.5859553814;0;55.09883881;
73.99487305;80;60;331.4711304;0.6484572887;0;55.19884109;
74.10001373;80;60;329.4979553;0.6484572887;0;55.29884338;
74.21563721;80;60;327.3571777;0.6640827656;0;55.39884949;
74.3234787;80;60;325.3781433;0.6875209808;0;55.49885941;
74.45214081;80;60;323.230896;0.7265846729;0;55.59885406;
0;55.64886093;74.58213806;80;60;321.2454834;0.765648365;0;
74.73290253;80;60;319.0906982;0.7812738419;
55.84886169;74.87762451;80;60;317.0977783;0.8047120571;0;55.89891815;
75.04174042;80;60;314.9344482;0.8437757492;0;
75.20419312;80;60;312.9332886;
75.38990784;80;60;310.7604675;0.9062776566;
56.24887848;75.56988525;80;60;308.75;0.9062776566;
75.76591492;80;60;306.5666199;0.9062776566;
75.94495392;80;60;304.5461426;0.8437757492;0;56.49890518;
76.12280273;80;60;302.3519897;0.8437757492;0;56.5988884;
56.64889145;76.28533936;80;60;300.3220825;0.8672139645;
76.47393799;80;60;298.118042;0.9062776566;
76.6548996;80;60;296.0786743;0.9062776566;0;
76.85038757;80;60;293.8639526;0.9062776566;0;
57.04890442;77.03061676;80;60;291.8145752;
77.22608185;80;60;289.5889893;0.9062776566;0;
57.24891663;77.40647888;80;60;287.5296021;0.9062776566;0;57.29894638;
0;57.34891891;77.60174561;80;
77.78430939;80;60;283.2237549;
0.9062776566;0;57.54898834;77.97975159;80;60;280.9763794;0.9062776566;0;57.59892273;
57.64892197;78.16275787;80;60;278.8969116;0.9062776566;0;57.69892502;
78.35834503;80;60;276.6386108;0.9062776566;0;57.79892731;
0;57.84893417;78.53823853;80;60;274.5490417;0.9062776566;
78.73403931;80;60;272.2799072;
60;271.2307129;0.9219031334;0;58.04893494;78.91838837;80;60;270.1802979;0.9219031334;0;58.09894943;
79.11656189;80;60;267.900177;0.9062776566;
79.29531097;80;60;265.7903748;0.8672139645;
79.48213196;80;60;263.4994202;0.9219031334;
79.66474915;80;
79.86156464;80;60;259.078186;0.9219031334;
80.04233551;80;60;256.9484863;0.8437757492;
80.17396545;80;60;254.6360321;0.2890713215;0;58.79895782;
58.84896469;80.15916443;80;60;252.4984131;0;
80.04718018;80;60;250.1833954;0;0;
59.04898071;79.92209625;80;60;248.0492554;0;0;
79.78633118;80;60;245.7407837;0;0;59.19897842;
79.66105652;80;60;243.6132965;0;0;59.29901123;
79.52454376;80;60;241.3122711;0;0;
0;59.44898987;79.3985672;80;60;239.1917267;0;0;
79.26263428;80;60;236.8982086;0;0;59.59898758;
59.64899445;79.1374588;80;60;234.7846069;0;
79.00196075;80;60;232.4986115;0;0;
59.84899521;78.87689972;80;60;230.3919373;0;0;59.89899445;
78.74166107;80;60;228.1134491;0;0;59.99901199;
60.0490036;78.61695862;80;60;226.0137024;
78.48236084;80;60;223.7427216;0;
78.35834503;80;60;221.6498718;0;
78.22427368;80;60;219.3863525;0;0;60.39901733;
60.44901657;78.10070038;80;60;217.3003845;0;
77.96704102;80;60;215.0443115;0;0;
77.84384155;80;60;212.96521;0;0;
77.71064758;80;60;210.716568;0;0;
209.6800232;0;0;60.84918976;77.58792114;80;60;208.6443176;0;0;60.89903641;
77.45517731;80;60;206.4030609;0;0;
61.04903793;77.33286285;80;60;204.3376312;
77.20055389;80;60;202.1037445;0;
77.0786438;80;60;200.045105;0;0;
76.9467926;80;60;197.8185883;0;0;
76.82528687;80;60;195.7667236;0;0;
76.69793701;80;60;193.5475159;0.03125095367;
76.5960083;80;60;191.5022736;0.07031464577;0;61.69906616;
76.50526428;80;60;189.2895813;0.07031464577;0;
76.43013763;80;60;187.2494202;
76.35843658;80;60;185.0415344;
76.3030777;80;60;183.0052948;
76.25093079;80;60;180.8010101;0.14844203;0;
0;62.24907684;76.20397949;80;60;178.7676239;0.14844203;0;
76.15380859;80;60;176.5662384;0.14844203;0;
76.10953522;80;60;174.5354614;0.14844203;0;62.49908447;
76.06225586;80;60;172.336792;0.14844203;
76.01968384;80;60;170.3084564;0.187505722;0;62.69909286;
75.97984314;80;60;168.1123657;0.187505722;0;62.79909897;
62.84909439;75.94637299;80;60;166.0862122;0.2031311989;0;
75.91426849;80;60;163.8922272;0.2031311989;0;
63.04910278;75.88655853;80;60;161.8678284;0.2031311989;0;63.09911346;
75.85696411;80;60;159.6755676;0.2031311989;
75.82875824;80;60;157.65271;0.2031311989;0;63.29911041;
75.79821014;80;60;155.4621277;0.2031311989;0;63.39911652;
63.44911575;75.77351379;80;60;153.4408417;0.2265694141;0;
75.75060272;80;60;151.2518463;0.2500076294;0;
75.7333374;80;60;149.2318115;0.2031311989;
75.70730591;80;60;147.0439911;0.2265694141;0;63.79912949;
63.84913254;75.6807785;80;60;145.0251465;
75.64714813;80;60;142.8388824;0.2265694141;0;
64.04914093;75.62343597;80;60;140.8216553;
75.60038757;80;60;138.6370239;
64.24915314;75.57167053;80;60;136.621048;0.187505722;0;64.29914856;
75.53754425;80;60;134.4380035;0.187505722;0;64.39915466;
75.50785065;80;60;132.4237671;0.2265694141;0;64.49915314;
75.48377228;80;60;130.2425385;0.2265694141;
75.46369934;80;60;128.2297363;
75.44223022;80;60;126.0498505;0.2265694141;0;
64.84915924;75.42246246;80;60;
75.40106201;80;60;121.8596039;0.2265694141;
0;65.04917145;75.38188934;80;60;119.8491364;0.2500076294;0;65.0991745;
75.36750031;80;60;117.6717148;0.2500076294;0;65.1991806;
75.35507965;80;60;115.6621628;0.2500076294;
75.34138489;80;60;113.4855499;0.2500076294;0;65.39917755;
75.32865906;80;60;111.476738;0.2500076294;
75.31486511;80;60;109.3009186;0.2500076294;0;65.59919739;
65.64918518;75.30128479;80;60;107.3137589;0.2500076294;0;65.69918823;
65.74919128;75.28872681;80;60;105.1387253;0.2656331062;0;
75.28048706;80;60;103.1313705;0.3046967983;0;65.89920044;
75.28273773;80;60;100.956955;0.3437604904;0;65.99821472;
75.29499054;80;60;98.94973755;0.3671987057;0;66.09820557;
75.3184433;80;60;96.77488708;0.3828241825;0;66.1982193;
75.34420776;80;60;94.76674652;0.3828241825;0;66.29824066;
75.37351227;80;60;92.5905304;0.3828241825;0;66.39823914;
75.4016037;80;60;90.58098602;0.4062623978;0;66.49824524;
75.44177246;80;60;88.40314484;0.4453260899;0;66.59822845;
75.48584747;80;60;86.39179993;0.4453260899;0;66.69822693;
75.53544617;80;60;84.21155548;0.4687643051;0;66.7982254;
75.58601379;80;60;82.19778442;0.4687643051;0;66.89823914;
75.64420319;80;60;80.01470184;0.484389782;0;66.9982605;
75.70327759;80;60;77.98757172;0.484389782;0;67.09823608;
75.76855469;80;60;75.8116684;0.5078279972;0;67.19824982;
75.83149719;80;60;73.79180908;0.5078279972;0;67.29824829;
75.89916992;80;60;71.60179138;0.5078279972;0;67.39824677;
75.9617691;80;60;69.57853699;0.5078279972;0;67.49825287;
76.02973175;80;60;67.37428284;0.5078279972;0;67.59825134;
76.09210968;80;60;65.34758759;0.5078279972;0;67.69825745;
76.15962219;80;60;63.15013123;0.5078279972;0;67.79825592;
76.22186279;80;60;61.1199646;0.5078279972;0;67.89826965;
76.2891922;80;60;58.91872787;0.5078279972;0;67.99826813;
76.35138702;80;60;56.88507462;0.5078279972;0;68.09827423;
76.41869354;80;60;54.68006134;0.5078279972;0;68.19830322;
76.48079681;80;60;52.64292526;0.5078279972;0;68.29827881;
76.54800415;80;60;50.4341507;0.5078279972;0;68.3983078;
76.61000061;80;60;48.3935585;0.5078279972;0;68.49828339;
76.67709351;80;60;46.18105698;0.5078279972;0;68.59828949;
76.73902893;80;60;44.13703156;0.5078279972;0;68.69829559;
76.80524445;80;60;41.92082214;0.4453260899;0;68.7983017;
76.85462189;80;60;39.87343216;0.429700613;0;68.89830017;
76.85180664;80;60;37.65402985;0;0;68.99830627;
76.75836945;80;60;35.60569763;0;0;69.09830475;
76.62876892;80;60;33.38965988;0;0;69.19831848;
76.50773621;80;60;31.34726334;0;0;69.29830933;
76.37760925;80;60;29.13825226;0;0;69.39831543;
76.25700378;80;60;27.10258293;0;0;69.49832153;
76.12622833;80;60;24.90097809;0;0;69.59832764;
76.00598145;80;60;22.8721714;0;0;69.69832611;
75.87599182;80;60;20.67809296;0;0;69.79833984;
75.75603485;80;60;18.65640068;0;0;69.89833069;
75.62633514;80;60;16.47032928;0;0;69.99834442;
75.52828979;80;60;14.45641899;0;0;70.09833527;
75.40936279;80;60;12.40363026;0;0;70.198349;
75.26651001;80;60;10.19077301;0;0;70.29834747;
75.07527924;80;60;8.19142437;0;30.55513191;70.39835358;
74.50855255;80;60;6.039710999;0;48.01477051;70.49835968;
73.88247681;80;60;4.085141182;0;34.91927719;70.59835815;
73.40127563;80;60;2.051604033;0;21.82531166;70.69837189;
73.03980255;60;80;535.4067993;0;26.18945885;70.79837036;
72.63947296;60;80;533.2971191;0;26.18945885;70.89837646;
72.23690033;60;80;531.3603516;0;26.18945885;70.99836731;
71.81720734;60;80;529.2741089;0;21.82531166;71.09843445;
71.43807983;60;80;527.3588867;0;26.18945885;71.1984024;
71.00366211;60;80;525.2956543;0;30.55513191;71.29842377;
70.47467041;60;80;523.4025269;0;48.01477051;71.39838409;
69.77648163;60;80;521.368103;0;48.01477051;71.49838257;
69.13710022;60;80;519.5079346;0;43.65062332;71.59838867;
68.4957962;60;80;517.5112915;0;43.65062332;71.69839478;
67.91677094;60;80;515.6847534;0;39.28495026;71.79840088;
67.47048187;60;80;513.7232056;0;4.364146709;71.89839935;
67.31918335;60;80;511.9229126;0;0;71.99840546;
67.20366669;60;80;509.9771118;0;0;72.09840393;
67.09640503;60;80;508.1846313;0;0;72.19843292;
66.9803009;60;80;506.2463074;0;0;72.29841614;
66.87584686;60;80;504.460022;0;0;72.39841461;
66.76319885;60;80;502.5280457;0;0;72.49842072;
66.65846252;60;80;500.7476501;0;0;72.59841919;
66.54509735;60;80;498.822052;0;0;72.69842529;
66.44089508;60;80;497.0474854;0;0;72.7984314;
66.32819366;60;80;495.1282043;0;0;72.8984375;
66.22424316;60;80;493.359436;0;0;72.99846649;
0;0;73.04846191;66.11181641;60;80;491.4464417;0;0;73.09844208;
73.1484375;66.00822449;60;80;489.6834412;0;
65.89620209;60;80;487.7766724;0;0;73.29844666;
0;0;73.34848022;65.79297638;60;80;486.0194702;0;0;73.39846039;
65.68132019;60;80;
65.57839966;60;80;482.3674316;0;0;73.59845734;
65.46361542;60;80;480.473114;0;
64.33847809;60;80;478.728302;0;82.42286682;73.79846954;
61.04327393;60;80;476.8816223;0;82.42286682;
57.64141846;60;80;475.2623596;
53.82579422;60;80;473.6051025;0;
0;69.53184509;74.14859772;50.50125122;60;80;472.1696777;0;69.53184509;
47.10699081;60;80;470.7137146;0;30.55513191;74.2984848;
0;74.34848785;45.63986588;60;80;469.456665;0;
45.60931778;60;80;468.1297607;0;
0;74.54850769;45.55129623;60;80;466.9057617;0;
45.44777679;60;80;465.5877991;0;0;74.69849396;
74.74849701;45.40857697;60;80;464.375824;0;0;74.79849243;
45.37858582;60;80;463.0637512;0;0;74.89849854;
45.32589722;60;80;461.8535461;0;0;74.99851227;
45.25780869;60;80;460.5444641;0;
75.14851379;45.20060349;60;80;459.337738;0;0;75.19853973;
45.14390945;60;80;458.032135;0;0;
75.34851837;45.09084702;60;80;456.8284607;0;0;75.39851379;
45.03205109;60;80;
44.97813416;60;80;454.3255005;
44.92061615;60;80;453.0264587;
44.86766434;60;80;451.8287964;
44.8104744;60;80;450.5328979;0;
0;75.94854736;44.75793457;60;80;449.3381348;0;0;75.99853516;
44.70133209;60;80;448.0453796;0;
44.64932251;60;80;446.8534546;0;0;
44.59322357;60;80;445.5637817;0;0;
0;76.34857941;44.54170609;60;80;444.3747253;0;0;76.39855957;
44.48620605;60;80;443.0881042;0;
0;76.54859161;44.43535995;60;80;441.901886;0;0;76.59855652;
44.38047791;60;80;440.6182861;0;0;76.69855499;
0;76.74856567;44.33001328;60;80;439.434845;0;0;76.79856873;
44.27568436;60;80;438.1542969;0;
44.22576141;60;80;436.9736633;0;0;76.9985733;
44.17189026;60;80;435.696106;0;0;
0;77.14858246;44.12242889;60;80;434.518219;0;0;77.19859314;
44.06907654;60;80;433.2436523;0;0;77.29857635;
0;77.34858704;44.02007294;60;80;432.068512;0;0;77.39859009;
43.96720886;60;80;430.7969055;
43.9186554;60;80;429.6244507;0;0;
43.86629868;60;80;428.3557739;0;
43.81817245;60;80;427.1860046;0;
43.76630783;60;80;425.9202271;0;0;77.89859772;
77.9486084;43.71867371;60;80;424.7531128;0;
43.66728592;60;80;423.4902039;0;0;
0;78.14862061;43.62005234;60;80;422.3257446;0;
43.56916046;60;80;421.0656738;0;0;78.29862213;
78.34861755;43.5223732;60;80;419.9038391;0;0;
43.47195816;60;80;418.6465759;0;0;78.49862671;
78.54862213;43.42562485;60;80;417.4873352;0;0;78.59862518;
43.37567902;60;80;416.2328796;0;0;
43.32978439;60;80;415.0762024;
43.2802887;60;80;413.8245239;0;0;78.89863586;
0;78.94865417;43.23482513;60;80;412.6703796;
43.18583679;60;
43.14078903;60;80;410.2698059;
43.09223175;60;80;409.0235901;0;0;
43.04780197;60;80;407.8744507;0;0;79.39865112;
43.0033493;60;80;406.6309204;0.04687643051;
79.54866028;42.97576523;60;80;405.4841309;0.07031464577;0;79.5986557;
42.95506668;60;80;404.2425842;0.07031464577;0;79.6986618;
0;79.74867249;42.9397316;60;80;403.0970764;0.0859401226;0;
42.92627335;60;80;401.8565979;0.1093783379;0;79.89866638;
42.91925049;60;80;400.711853;0.1093783379;
42.91685486;60;80;399.4719238;0.187505722;
80.14868164;42.92675018;60;80;398.3274536;0.2265694141;0;
42.94564819;60;80;397.0872498;0.2500076294;0;80.29868317;
42.96606064;60;80;395.9419861;0.2656331062;
42.99195099;60;80;394.7006836;0.2890713215;0;
80.54871368;43.01963425;60;80;393.5541992;0.2890713215;0;
43.05174255;60;80;392.3113403;0.2890713215;
80.74873352;43.0800705;60;80;391.163269;0.2890713215;0;
43.1108551;60;80;389.9187012;0.2890713215;0;80.89870453;
80.94870758;43.13420105;60;80;388.7690735;0.2031311989;0;80.998703;
43.15091324;60;80;387.5229797;0.2890713215;0;
81.14871979;43.17507553;60;80;386.3722839;0.2656331062;0;81.19870758;
43.20270538;60;80;385.1249695;0.2890713215;
0;81.34871674;43.2306366;60;80;383.9728699;0.3046967983;0;81.39871979;
43.2634697;60;80;382.723938;0.3046967983;0;81.49873352;
43.29429626;60;80;381.5702515;0.3046967983;0;81.59872437;
43.3276825;60;80;380.319458;0.3046967983;
43.35782623;60;80;379.1640625;0.2890713215;0;
43.38811874;60;80;377.9114685;0.2890713215;0;81.89874268;
0;81.94875336;43.41577148;60;80;376.7544556;0.2890713215;0;
43.44578171;60;80;375.5001831;
43.47362137;60;80;374.3416443;0.2890713215;0;
43.50356674;60;80;373.0857239;0.2890713215;0;
43.53119278;60;80;371.9256287;0.2890713215;0;
43.56110001;60;80;370.6619873;0.2890713215;
82.54877472;43.5886879;60;80;369.5003662;0.2890713215;0;82.59876251;
43.61858368;60;80;368.2410889;
43.64612579;60;80;367.0779419;0.2890713215;
43.67593384;60;80;365.8170166;0.2890713215;0;
43.70353317;60;80;364.6523132;0.2890713215;0;82.9987793;
43.73329926;60;80;363.38974;0.3046967983;0;
83.14877319;43.76483917;60;80;362.2356873;0.2890713215;0;83.19877625;
83.24878693;43.79228973;60;80;360.9713745;0.2500076294;
43.81030273;60;80;359.8036194;0.2031311989;0;83.39878845;
43.82182693;60;80;358.5380554;0.2265694141;0;83.49778748;
43.83742523;60;80;357.3694763;0.2656331062;0;83.59780121;
43.86475372;60;80;356.1029968;0.3046967983;0;83.69779205;
43.89789581;60;80;354.9332581;0.3281350136;0;83.79779816;
43.93688965;60;80;353.6650085;0.3437604904;0;83.89779663;
43.9774704;60;80;352.4933472;0.3671987057;0;83.99780273;
44.02573776;60;80;351.2227783;0.3828241825;0;84.09780884;
44.07264709;60;80;350.0487366;0.4062623978;0;84.19781494;
44.13076782;60;80;348.7754211;0.4453260899;0;84.29781342;
44.19179153;60;80;347.5985718;0.484389782;0;84.39781952;
44.25553131;60;80;346.3218079;0.5078279972;0;84.49782562;
44.32892609;60;80;345.1416321;0.5468916893;0;84.5978241;
44.43496323;60;80;343.9101257;0.6640827656;0;84.6978302;
44.58924103;60;80;342.6260681;0.6875209808;0;84.79784393;
44.75513458;60;80;341.4367676;0.6015808582;0;84.89783478;
44.91081619;60;80;340.1435547;0.6015808582;0;84.99784088;
45.05981445;60;80;338.9458923;0.6250190735;0;85.09783936;
45.23163986;60;80;337.6438904;0.6640827656;0;85.19786072;
45.40602875;60;80;336.4375916;0.7031464577;0;85.29785156;
45.60948563;60;80;335.1255188;0.7422101498;0;85.39785767;
45.80410767;60;80;333.9091492;0.7422101498;0;85.49788666;
46.02163696;60;80;332.5856018;0.7812738419;0;85.59786224;
46.23569107;60;80;331.3582458;0.8193533421;0;85.69786835;
46.44778061;60;80;330.0222778;0.8000000119;0;85.79786682;
46.65206528;60;80;328.7836609;0.8090838194;0;85.89787292;
46.90862274;60;80;327.4355469;0.8937631845;0;85.99787903;
47.20878983;60;80;326.1843872;0.9844050407;0;86.0978775;
47.65060425;60;80;324.819458;0.9844050407;0;86.19788361;
48.06812286;60;80;323.5482483;1;0;86.29788971;
48.52013397;60;80;322.158844;1;0;86.39788818;
48.93889999;60;80;320.8648071;1;0;86.49789429;
49.39399719;60;80;319.4503174;1;0;86.59791565;
49.80440521;60;80;318.1329956;0.9219031334;0;86.69789124;
50.21536255;60;80;316.6937561;0.9219031334;0;86.79789734;
50.59340286;60;80;315.3547058;0.9062776566;0;86.89790344;
51.00445938;60;80;313.8926086;0.9453413486;0;86.99790955;
51.3980217;60;80;312.5323792;0.9453413486;0;87.09791565;
51.82416916;60;80;311.0469666;0.9453413486;0;87.19791412;
52.21304703;60;80;309.664917;0.9219031334;0;87.29792786;
52.62607193;60;80;308.1560364;0.9219031334;0;87.3979187;
53.02579498;60;80;306.7526245;1;0;87.4979248;
53.4857254;60;80;305.2200317;1;0;87.59793091;
53.91065598;60;80;303.7935791;1;0;87.69794464;
54.37104416;60;80;302.2355347;1;0;87.79794312;
54.79708862;60;80;300.785553;1;0;87.89793396;
55.25952911;60;80;299.2018738;1;0;87.99794769;
55.68730164;60;80;297.7282104;1;0;88.09794617;
56.15246201;60;80;296.1188354;1;0;88.1979599;
56.58343506;60;80;294.6213379;1;0;88.29795074;
57.05220413;60;80;292.986084;1;0;88.39795685;
57.48615265;60;80;291.4645996;0.9844050407;0;88.49795532;
57.94917297;60;80;289.8032837;0.9844050407;0;88.59796906;
58.37507248;60;80;288.2579041;0.9609668255;0;88.6979599;
58.82192612;60;80;286.5709534;0.9453413486;0;88.797966;
59.22984314;60;80;285.0023499;0.9219031334;0;88.89797211;
59.66062927;60;80;283.2907715;0.9219031334;0;88.99797821;
60.05917358;60;80;281.6997681;0.9219031334;0;89.09799957;
60.50544357;60;80;279.9641724;0.8121902943;0;89.19799042;
60.89339828;60;80;278.3506165;0.8000000119;0;89.29798889;
61.25278854;60;80;276.591156;0.8219425678;0;89.39801025;
61.5680275;60;80;274.9579773;0.8959252834;0;89.49798584;
61.8967514;60;80;273.1790161;0.9219031334;0;89.59802246;
62.16242981;60;80;271.5285645;0.9219031334;0;89.69799805;
62.44778442;60;80;269.7326355;0.9219031334;0;89.79801941;
62.71197128;60;80;268.0673828;0.9219031334;0;89.89800262;
62.99446487;60;80;266.2554016;0.9062776566;0;89.99800873;
63.25848007;60;80;264.575592;0.9609668255;0;90.09802246;
63.51573181;60;80;262.7477722;0.484389782;0;90.19801331;
63.6098938;60;80;261.0543213;0.1250038147;0;90.29801178;
63.58366394;60;80;259.2173767;0;0;90.39802551;
63.50870895;60;80;257.5223999;0;0;90.4980545;
90.54805756;63.42292023;60;80;255.6881714;0;0;90.59803009;
0;90.64806366;63.33190536;60;80;253.9971313;0;0;
63.22519302;60;80;252.1679077;0;0;90.79803467;
63.12593842;60;80;250.4820862;0;0;90.89803314;
0;90.94805908;63.01906204;60;80;248.6586914;0;
62.92067337;60;80;246.9782715;
62.81407547;60;80;245.1607819;0;
0;91.24807739;62.71582413;60;80;243.4858093;0;0;
62.60961533;60;80;241.6742096;0;
62.51174545;60;80;240.0046692;0;
62.40589905;60;80;238.1989594;0;
62.30832672;60;80;236.5348511;0;0;91.69806671;
62.20284653;60;80;234.7350006;0;0;
62.10559464;60;80;233.0762939;
62.00045776;60;80;231.2823029;
61.90353775;60;80;229.6289978;0;0;
61.79872131;60;80;227.8408508;0;
0;0;92.24808502;61.70212173;60;80;
61.59767914;60;80;224.4105835;0;0;
92.4480896;61.50138092;60;80;222.7680206;0;
61.39725876;60;80;220.9914856;
61.30130768;60;80;219.3542633;0;
61.19750595;60;80;217.5834961;0;0;92.79811096;
92.84809875;61.10187149;60;80;215.9516144;0;
60.99833298;60;80;214.186615;0;
60.90290833;60;80;212.5600281;
60.79964447;60;80;210.8007813;0;
93.24811554;60.7045517;60;80;209.1794891;0;
60.6016655;60;80;207.4259491;0;
60.50683212;60;80;205.8099365;0;0;
60.40426636;60;80;204.062088;0;0;93.5981369;
60.3097496;60;80;202.4513245;0;
60.20753098;60;80;200.7091827;0;
0;93.84815216;60.11337662;60;80;199.103653;0;0;93.89813995;
60.01158142;60;80;197.3671722;0;
94.04814148;59.91773224;60;80;195.7668762;0;0;94.09814453;
59.81626511;60;80;194.0360413;0;
59.72275162;60;80;192.4409637;
59.62161636;60;80;190.7157745;0;
94.44818115;59.52839661;60;80;189.125885;0;
59.42759705;60;80;187.406311;0;0;94.59815979;
94.64816284;59.33469391;60;80;185.8216095;0;
59.23421478;60;80;184.1076355;0;0;94.79816437;
0;94.84816742;59.1415863;60;80;182.5280914;0;
59.04141998;60;80;180.8197174;0;0;94.99817657;
0;95.0482254;58.94911957;60;80;179.2453156;0;
58.8492775;60;80;177.5424957;
58.757267;60;80;175.9732361;0;0;95.29818726;
58.65775681;60;80;174.2759705;0;0;
95.44818878;58.56601334;60;80;172.7118378;0;
58.46682739;60;80;171.0201111;0;
95.64820862;58.37539291;60;80;169.4610748;0;
58.27652359;60;80;167.7748718;0;0;95.79821014;
95.84820557;58.18540573;60;80;166.2209167;0;0;
58.08679581;60;80;164.5402069;0;
57.9959259;60;80;162.991333;
57.89758682;60;80;161.3161011;0;
96.24821472;57.80702209;60;80;159.7722626;0;
57.70905304;60;80;158.102478;0;0;96.39822388;
57.61873245;60;80;156.5636444;0;0;
57.52058029;60;80;154.8912811;
57.43054581;60;80;153.365448;0;0;
57.33316422;60;80;151.7064819;
57.24392319;60;80;150.1696777;0;
57.14684677;60;80;148.5161133;0;0;
57.05739594;60;80;147.0001678;0;0;97.09825134;
56.96020126;60;80;145.3519745;0;
56.87145996;60;80;143.8251495;0;
56.77455902;60;80;142.1823273;0;
56.68567276;60;80;140.6683502;0;
56.58954239;60;80;139.0308838;0;
56.50092697;60;80;137.5218353;0;
56.40518188;60;80;135.8897095;0;0;
56.31694031;60;80;134.3855743;0;0;
56.2214241;60;80;132.7587585;0;0;97.99828339;
98.04827881;56.13340378;60;80;131.2595367;0;0;
56.03827667;60;80;129.638031;0;0;
55.95060349;60;80;128.1436768;
55.85570526;60;80;126.5274506;0;
55.76827621;60;80;125.0379791;
55.67370605;60;80;123.4270096;0;
98.64832306;55.58654785;60;80;121.9423904;0;0;98.69829559;
55.49227142;60;80;120.3366776;0;0;
98.84830475;55.40537262;60;80;118.8568954;0;0;
55.31141663;60;80;117.2564087;0;0;98.99830627;
99.04831696;55.22480011;60;80;115.781456;0;0;
55.13115311;60;80;114.1861877;0;
0;0;99.24832153;55.04480743;60;80;112.7160339;0;0;99.29834747;
54.95144653;60;80;111.1259689;0;0;
99.44833374;54.86537933;60;80;109.660614;0;
54.77230072;60;80;108.075737;0;0;
99.64833069;54.68651199;60;80;106.6151505;0;0;99.69833374;
54.59373856;60;80;105.0354385;0;
54.50820923;60;80;103.5796204;0;0;99.89833832;
54.41569901;60;80;102.0050583;0;0;99.99833679;
100.0483398;54.33044434;60;80;100.5539932;0;0;
54.23826218;60;80;98.98456573;0;0;100.1983566;
0;0;100.2483521;54.15325165;60;80;97.53822327;0;0;100.2983551;
54.06131363;60;80;95.9739151;0;
53.97658157;60;80;94.53229523;0;
53.88585281;60;80;92.97309113;
53.7943573;60;80;91.5511322;0;0;100.6983871;
0;100.7483673;53.71001053;60;80;89.99698639;0;
53.61882401;60;80;88.56473541;0;0;100.8983841;
53.53476334;60;80;87.01566315;0;0;100.9973755;
53.45081711;60;80;85.58808899;0;0;101.0973816;
53.36000443;60;80;84.04407501;0;0;101.197403;
53.27633667;60;80;82.62115479;0;0;101.2973862;
53.18583679;60;80;81.08217621;0;0;101.3974075;
53.10240173;60;80;79.66390991;0;0;101.4973984;
53.01217651;60;80;78.12995911;0;0;101.5973969;
52.92900848;60;80;76.71631622;0;0;101.6973953;
52.83904648;60;80;75.18737793;0;0;101.7974014;
52.75615311;60;80;73.77835083;0;0;101.8974075;
52.66648483;60;80;72.25440979;0;0;101.9974289;
52.58383179;60;80;70.84999084;0;0;102.097435;
52.49443054;60;80;69.33101654;0;0;102.1974106;
52.41202164;60;80;67.93119049;0;0;102.2974472;
52.32291412;60;80;66.41718292;0;0;102.3974304;
52.2407608;60;80;65.02192688;0;0;102.4974289;
52.15190887;60;80;63.51287079;0;0;102.5974274;
52.07003403;60;80;62.12217331;0;0;102.6974335;
51.9814415;60;80;60.61805344;0;0;102.7974625;
51.8997879;60;80;59.23190308;0;0;102.897438;
51.81142426;60;80;57.73270035;0;0;102.9974518;
51.7299614;60;80;56.35108566;0;0;103.0974503;
51.64181519;60;80;54.85679245;0;0;103.1974487;
51.56061554;60;80;53.47970963;0;0;103.2974625;
51.47279358;60;80;51.99032593;0;0;103.3974838;
51.39182281;60;80;50.61776733;0;0;103.497467;
51.30424118;60;80;49.13328171;0;0;103.5974884;
51.22351837;60;80;47.76524353;0;0;103.697464;
51.13620377;60;80;46.28565216;0;0;103.7974701;
51.05573654;60;80;44.92212677;0;0;103.8974991;
50.96863556;60;80;43.44742203;0;0;103.9974747;
50.88849258;60;80;42.08840942;0;0;104.0974808;
50.801651;60;80;40.61859131;0;0;104.1974869;
50.72166443;60;80;39.26409531;0;0;104.2974854;
50.63518524;60;80;37.79916382;0;0;104.3974915;
50.55544662;60;80;36.4491806;0;0;104.4974899;
50.46917343;60;80;34.98914719;0;0;104.5975037;
50.38968277;60;80;33.64368439;0;0;104.697525;
50.30370331;60;80;32.18856049;0;0;104.7975006;
50.22438049;60;80;30.8476429;0;0;104.8975143;
50.13889313;60;80;29.39744949;0;0;104.9975128;
50.06031799;60;80;28.06109428;0;0;105.0975113;
49.97559357;60;80;26.61585426;0;0;105.1975479;
49.89777756;60;80;25.28408051;0;0;105.2975464;
49.8128891;60;80;23.84382629;0;0;105.397522;
49.7364006;60;80;22.51666641;0;0;105.4975281;
49.65302277;60;80;21.08145905;0;0;105.5975342;
49.57674789;60;80;19.75908661;0;0;105.6975327;
49.49443436;60;80;18.32909393;0;0;105.7975616;
49.41881561;60;80;17.01152992;0;0;105.8975372;
49.33730316;60;80;15.58690166;0;0;105.9975739;
49.29984665;60;80;14.2744751;0;0;106.0975494;
49.20812607;60;80;12.85467529;0;0;106.1975479;
49.11233902;60;80;11.54839325;0;0;106.297554;

48.94477081;60;80;8.862846375;0;0;106.4975815;
48.87546921;60;80;7.460848808;0;0;106.5975647;
48.79925537;60;80;6.173623085;0;0;106.6975708;
48.72772217;60;80;4.790293217;0;0;106.7975693;
48.64966202;60;80;3.534183979;0.007812738419;0;106.8975754;
48.58822632;60;80;2.232099056;0.04687643051;0;106.9975739;
48.55051804;80;50;1.249158978;0.1640675068;0;107.09758;
48.54835129;80;50;2045.601074;0.2656331062;0;107.1975861;
48.57177353;80;50;2044.532104;0.3281350136;0;107.2975845;
48.60769653;80;50;2043.374023;0.3671987057;0;107.3976135;
48.65781021;80;50;2042.304443;0.429700613;0;107.4976044;
48.71870422;80;50;2041.14502;0.4453260899;0;107.5976028;
48.79130936;80;50;2040.073608;0.4687643051;0;107.6976013;
48.86315536;80;50;2038.911621;0.5078279972;0;107.7976074;
48.94313812;80;50;2037.837036;0.523453474;0;107.8976059;
49.02289581;80;50;2036.671021;0.6640827656;0;107.9976273;
0;108.0476151;49.16309357;80;50;2035.592407;0.6484572887;0;108.0976181;
0;108.1476135;49.27304459;80;50;2034.420532;0.5859553814;0;108.1976166;
0;108.2476273;49.418293;80;50;2033.335938;0.6250190735;0;108.2976227;
49.57672119;80;50;2032.157349;0.6250190735;0;108.3976288;
108.4476242;49.74119949;80;50;2031.06543;0.6250190735;0;108.4976273;
49.89500809;80;50;2029.87854;0.6484572887;0;108.5976334;
108.6476288;50.07545853;80;50;2028.779419;0.7031464577;0;108.6976395;
0.7031464577;0;108.7476654;50.25597;80;50;2027.584351;0.7031464577;0;108.7976456;
0;108.847641;50.45492554;80;50;2026.477295;0.7265846729;0;108.8976364;
50.64486313;80;50;2025.27356;0.7265846729;0;108.9976501;
50.85548401;80;50;2024.158203;0.765648365;0;109.0976486;
0.8047120571;0;109.1476517;51.06811523;80;50;2022.945068;0.8281502724;0;109.1976624;
109.2476578;51.3167305;80;50;2021.820557;0.8672139645;0;
51.56700134;80;50;2020.596436;0.9609668255;0;109.3976593;
0;109.4476624;51.86933899;80;50;2019.460327;0.9609668255;0;109.4976654;
0;109.5476685;52.13978958;80;50;2018.222412;0.8828394413;0;
109.6476669;52.40496445;80;50;2017.073242;0.8672139645;0;109.69767;
52.65424728;80;50;2015.821777;0.9219031334;0;109.7976685;
0;109.8476715;52.93787384;80;50;2014.660522;0.9219031334;0;109.8976746;
109.9476852;53.19918823;80;50;2013.395386;0.9062776566;0;
53.46763992;80;50;2012.221313;0.8672139645;0;110.0976868;
0.8437757492;0;110.1476822;53.70560455;80;50;2010.942871;0.8437757492;0;110.1976852;
0;110.2476883;53.95706558;80;50;2009.756836;0.8281502724;0;110.2976913;
110.3476868;54.18458557;80;50;2008.46582;0.8281502724;0;110.3976974;
54.42956924;80;50;2007.268433;0.8281502724;0;110.4976959;
54.65676498;80;50;2005.96521;0.8281502724;
54.90322876;80;50;2004.756592;0.8281502724;0;110.6977005;
55.13067627;80;50;2003.441162;0.8281502724;0;
0;110.8477097;55.37756729;80;50;2002.221191;0.8437757492;0;110.8977051;
0.8672139645;0;110.9477234;55.61442947;80;50;2000.893555;0.8672139645;0;110.9977188;
55.88354492;80;50;1999.661987;0.9062776566;0;111.0977249;
111.1477203;56.14326096;80;50;1998.321289;0.9219031334;0;
56.43665695;80;50;1997.077271;0.9609668255;0;111.2977448;
56.71711731;80;50;1995.72229;0.9844050407;0;111.397728;
0;111.4477615;57.02726364;80;50;1994.464722;0.9609668255;0;111.4977264;
57.30246735;80;50;1993.094727;0.9453413486;0;111.5977402;
57.59635925;80;50;1991.823486;0.9453413486;0;111.6977386;
111.7477341;57.86978912;80;50;1990.432251;0.9453413486;0;
111.8477402;58.16326141;80;50;1989.154175;0.9453413486;0;111.8977432;
111.9477463;58.43658066;80;50;1987.755249;0.9453413486;0;111.9977417;
0.9453413486;0;112.0477676;58.72976685;80;50;1986.457275;0.9453413486;0;112.0977478;
0;112.1477509;59.00270081;80;50;1985.044556;0.9062776566;0;112.1977539;
0;112.247757;59.26965332;80;50;1983.727539;0.9062776566;0;112.2977524;
59.53575516;80;50;1982.30249;0.9609668255;0;112.3977585;
0;112.4477615;59.83313751;80;50;1980.981079;0.9219031334;0;112.4977646;
60.09274292;80;50;1979.543213;0.9062776566;0;112.5977707;
0;112.6477661;60.37116241;80;50;1978.210449;0.9062776566;0;112.6977768;
112.7477722;60.62348557;80;50;1976.760498;0.8672139645;0;112.7977676;
112.8477783;60.88663483;80;50;1975.416748;0.8672139645;0;112.8977814;
112.9477768;61.12933731;80;50;1973.955444;0.8672139645;0;112.9977798;
113.0477829;61.39248657;80;50;1972.601196;0.8672139645;0;113.0977783;
61.63537979;80;50;1971.128662;0.8672139645;0;113.1977844;
61.8984642;80;50;1969.76416;0.8672139645;0;113.2977829;
1968.965942;0.8672139645;0;113.3478317;62.14133072;80;50;1968.280396;0.8672139645;0;113.397789;
113.4477921;62.40445709;80;50;1966.90564;0.8672139645;0;113.4977951;
0.8672139645;0;113.5477982;62.64712524;80;50;1965.410645;0.8672139645;0;113.5978012;
0;113.6478043;62.91065979;80;50;1964.025513;0.8672139645;0;113.6977997;
63.15348434;80;50;1962.519409;0.8672139645;0;113.7978058;
63.41720581;80;50;1961.124146;0.8672139645;0;113.8978119;
63.66098404;80;50;1959.606934;0.8828394413;
63.92616653;80;50;1958.201294;0.8672139645;0;114.0978165;
64.16902924;80;50;1956.672852;0.8672139645;0;
64.43216705;80;50;1955.25708;0.8672139645;0;114.297821;
114.3478241;64.67527771;80;50;1953.717651;0.8672139645;0;114.3978271;
0;114.4478302;64.9383316;80;50;1952.291504;0.8672139645;0;114.4978333;
65.18122101;80;50;1950.741089;0.8672139645;
114.6478653;65.44463348;80;50;1949.304932;0.8672139645;0;114.6978378;
0;114.7478333;65.68747711;80;50;1947.74353;0.8672139645;0;114.7978363;
0;114.847847;65.95059204;80;50;1946.297119;0.8672139645;0;114.8978424;
114.9478683;66.19239044;80;50;1944.724731;0.8437757492;0;
115.0478745;66.44593048;80;50;1943.268311;0.8437757492;0;115.0978546;
0;115.1478653;66.67948914;80;50;1941.685303;0.8437757492;0;
0;115.247879;66.9327774;80;50;1940.219238;0.8437757492;0;115.2978668;
67.17140198;80;50;1938.625732;0.8672139645;0;115.3978577;
115.4478607;67.43035126;80;50;1937.150024;0.8437757492;0;115.4978561;
115.5478668;67.6638031;80;50;1935.545776;0.8281502724;0;
115.6478882;67.9125061;80;50;1934.060303;0.8281502724;0;115.6978683;
0;115.7478714;68.13994598;80;50;1932.445923;0.8281502724;0;
115.8479004;68.38637543;80;50;1930.95105;0.8281502724;0;115.8978729;
68.6085968;80;50;1929.32666;0.8281502724;0;115.997879;
116.0478897;68.85445404;80;50;1927.822876;0.8281502724;0;116.0978851;
0;116.1479034;69.08187103;80;50;1926.188843;0.8281502724;0;116.1978912;
69.30369568;80;50;1924.676514;0.5859553814;0;
116.3478928;69.45643616;80;50;1923.034546;0.5078279972;0;116.3979034;
116.4479065;69.558815;80;50;1921.516846;0.1250038147;0;116.4979019;
0;116.547905;69.54740906;80;50;1919.871826;0;0;116.5979004;
0;116.6479034;69.46864319;80;50;1918.354858;0;0;116.6979141;
116.7479019;69.3739624;80;50;1916.7146;0;
69.25819397;80;50;1915.203735;0;0;116.8979187;
116.9479218;69.14978027;80;50;1913.570923;0;0;116.9979172;
0;117.0479202;69.03209686;80;50;1912.067261;0;0;117.0979156;
117.1479187;68.9237442;80;50;1910.442017;0;0;
0;117.247963;68.80633545;80;50;1908.944458;0;0;117.2979202;
68.69831085;80;50;1907.324585;0;0;117.3979416;
0;117.447937;68.58127594;80;50;1905.831177;0;0;117.4979324;
0;117.5479279;68.47348785;80;50;1904.215454;0;0;117.5984039;
68.36373901;80;50;1902.694702;0;0;117.6983719;
50;1901.950439;0;0;117.7481003;68.25659943;80;50;
68.13850403;80;50;1899.565674;0;0;
68.0227356;80;50;1898.081543;0;0;117.9979553;
118.0479507;67.91721344;80;50;1896.476807;0;0;118.0979462;
67.80185699;80;50;1894.890991;0;
118.2479553;67.69525146;80;50;1893.416382;
67.57991791;80;50;1891.822632;0;0;118.3979568;
67.47357941;80;50;1890.355591;0;0;118.4969635;
67.35884857;80;50;1888.892944;0;0;118.5969925;
67.25334167;80;50;1887.313232;0;0;118.6969681;
67.13920593;80;50;1885.859741;0;0;118.7969742;
67.03398132;80;50;1884.289551;0;0;118.8969879;
66.92020416;80;50;1882.843994;0;0;118.9969788;
66.81551361;80;50;1881.28186;0;0;119.0969772;
66.70209503;80;50;1879.843262;0;0;119.1969833;
66.59760284;80;50;1878.288452;0;0;119.2969894;
66.48464966;80;50;1876.856567;0;0;119.3969955;
66.38056946;80;50;1875.308838;0;0;119.4970016;
66.26797485;80;50;1873.883423;0;0;119.5970001;
66.16422272;80;50;1872.342773;0;0;119.6970291;
66.05201721;80;50;1870.923828;0;0;119.7970047;
65.94862366;80;50;1869.390137;0;0;119.8970108;
65.83679199;80;50;1867.977661;0;0;119.9970093;
65.73381805;80;50;1866.45105;0;0;120.097023;
65.62226868;80;50;1865.044922;0;0;120.1970367;
65.51955414;80;50;1863.525269;0;0;120.29702;
65.40856171;80;50;1862.12561;0;0;120.3970413;
65.30614471;80;50;1860.612793;0;0;120.4970322;
65.19543457;80;50;1859.219482;0;0;120.5970306;
65.09345245;80;50;1857.713623;0;0;120.6970367;
64.98312378;80;50;1856.32666;0;0;120.7970352;
64.88143921;80;50;1854.827637;0;0;120.8970413;
64.77147675;80;50;1853.447021;0;0;120.9970474;
64.67015076;80;50;1851.954834;0;0;121.0970459;
64.56056213;80;50;1850.580566;0;0;121.197052;
64.45956421;80;50;1849.095215;0;0;121.2970505;
64.35033417;80;50;1847.727173;0;0;121.3970642;
64.24967957;80;50;1846.248657;0;0;121.4970627;
64.14072418;80;50;1844.886841;0;0;121.5970688;
64.04013062;80;50;1843.415161;0;0;121.6970673;
63.93158722;80;50;1842.059814;0;0;121.797081;
63.83142471;80;50;1840.595581;0;0;121.8970795;
63.72303772;80;50;1839.247803;0;0;121.9970779;
63.6231842;80;50;1837.792114;0;0;122.0971069;
63.51519775;80;50;1836.452271;0;0;122.1970901;
63.41567612;80;50;1835.005371;0;0;122.2970963;
63.3080368;80;50;1833.673828;0;0;122.3970947;
63.20884323;80;50;1832.235718;0;0;122.4971237;
63.1015625;80;50;1830.912231;0;0;122.5971069;
63.00283051;80;50;1829.483032;0;0;122.6971054;
62.89616394;80;50;1828.167725;0;0;122.7971039;
62.79782486;80;50;1826.746948;0;0;122.89711;
62.69141388;80;50;1825.438965;0;0;122.9971161;
62.59343719;80;50;1824.025024;0;0;123.0971146;
62.48746109;80;50;1822.722534;0;0;123.1971207;
62.39163208;80;50;1821.314087;0.007812738419;0;123.2971268;
62.2895813;80;50;1820.016357;0;0;123.3971329;
62.19271851;80;50;1818.613037;0.007812738419;0;123.4971313;
62.09058762;80;50;1817.319824;0.03125095367;0;123.5971375;
62.00695801;80;50;1815.921387;0.03125095367;0;123.6971588;
61.92702103;80;50;1814.632446;0.0859401226;0;123.797142;
61.8784523;80;50;1813.237915;0.1250038147;0;123.8971405;
61.84426498;80;50;1811.952026;0.187505722;0;123.9971466;
61.82775116;80;50;1810.559814;0.2265694141;0;124.0971451;
61.82258224;80;50;1809.275391;0.2500076294;0;124.1971512;
61.82336426;80;50;1807.884155;0.2265694141;0;124.2971573;
61.82124329;80;50;1806.600098;0.2500076294;0;124.3971558;
61.82361984;80;50;1805.209351;0.2656331062;0;124.4971619;
61.83435059;80;50;1803.925781;0.3046967983;0;124.597168;
61.85115433;80;50;1802.535156;0.3281350136;0;124.6971664;
61.87680054;80;50;1801.251221;0.3437604904;0;124.7971725;
61.9075737;80;50;1799.860107;0.3828241825;0;124.8971786;
61.95113373;80;50;1798.575562;0.4062623978;0;124.9971771;
61.99644852;80;50;1797.183105;0.429700613;0;125.0971832;
62.05182648;80;50;1795.897095;0.4453260899;0;125.1971893;
62.10688019;80;50;1794.50293;0.4453260899;0;125.2971954;
62.17279816;80;50;1793.214966;0.5078279972;0;125.3971939;
62.25080872;80;50;1791.818481;0.5859553814;
125.5471954;62.35702515;80;50;1790.527954;0.6250190735;0;125.5971985;
62.46210098;80;50;1789.127808;
62.57778931;80;50;1787.833374;0.6875209808;0;125.7972107;
62.70086288;80;50;1786.428711;0.7031464577;
62.84282684;80;50;1785.129761;0.7422101498;0;125.9972153;
126.0472183;62.98007202;80;50;1783.719727;0.765648365;
126.1472244;63.13487244;80;50;1782.415405;0.765648365;0;126.1972198;
126.2472229;63.27877045;80;50;1780.992554;0.7812738419;
0;126.3472366;63.44940948;80;50;1779.689453;0.8437757492;0;126.3972321;
63.61515045;80;50;1778.266846;0.8437757492;0;
126.5472336;63.79432678;80;50;1776.950317;0.8437757492;0;126.5972443;
63.95946503;80;50;1775.52063;0.8437757492;
64.13942719;80;50;1774.19751;0.8437757492;0;126.7972412;
126.8472519;64.30479431;80;50;1772.753784;0.8437757492;0;126.8972397;
64.479599;80;50;1771.43103;0.7812738419;0;126.9972534;
64.63064575;80;50;1769.980103;0.8281502724;
127.1472549;64.81052399;80;50;1768.644287;0.8672139645;0;127.197258;
64.98283386;80;50;1767.193481;
0;127.3472824;65.16866302;80;50;1765.85083;0.8672139645;0;127.3972626;
65.34249115;80;50;1764.392578;0.8828394413;0;
65.53338623;80;50;1763.043091;0.8828394413;0;127.5972672;
127.6472702;65.70942688;80;50;1761.577271;0.8828394413;
127.7472763;65.90005493;80;50;1760.220825;0.8828394413;0;127.7972717;
66.0761261;80;50;1758.747437;0.8828394413;
66.26869965;80;50;1757.384033;0.9062776566;0;127.9973068;
128.047287;66.45127869;80;50;1755.903198;0.9062776566;0;
0.9062776566;0;128.1472931;66.64737701;80;50;1754.532959;0.9062776566;0;128.1972961;
128.2473145;66.82917023;80;50;1753.045288;
67.02518463;80;50;1751.669067;
67.20487976;80;50;1750.175049;0.8047120571;0;
0;128.5473022;67.37968445;80;50;1748.792969;0.8672139645;0;128.5973053;
67.53992462;80;50;1747.292847;0.5625171661;
0;128.7473145;67.61332703;80;50;1745.905762;0.2265694141;0;128.7973022;
67.60934448;80;50;1744.402344;0.0859401226;0;
67.54038239;80;50;1743.015503;0;0;128.9973145;
0;129.0473328;67.43985748;80;50;1741.515381;0;0;129.0973358;
67.32568359;80;50;1740.133545;0;0;129.1973267;
129.2473297;67.22044373;80;50;1738.639771;0;
67.10654449;80;50;1737.263794;0;0;129.3973389;
67.00135803;80;50;1735.776489;0;
129.547348;66.88761902;80;50;1734.406738;0;0;129.5973511;
129.6473389;66.78289795;80;50;1732.925903;0;0;129.6973572;
66.6696167;80;50;1731.562134;0;0;129.797348;
66.56597137;80;50;1730.087891;0.03125095367;0;129.8973541;
0;129.9473572;66.48503876;80;50;1728.72998;0.14844203;0;129.997345;
130.0473633;66.44477081;80;50;1727.261475;0.187505722;0;130.0973511;
0;130.1473541;66.41884613;80;50;1725.907593;0.2031311989;0;130.1973572;
0;130.2473602;66.40532684;80;50;1724.442383;0.2656331062;0;130.2973633;
130.3473663;66.41053772;80;50;1723.09082;0.3671987057;0;130.3973694;
66.44277954;80;50;1721.627441;0.4687643051;
130.5473633;66.51048279;80;50;1720.276733;0.5625171661;0;130.5973663;
0;130.6473846;66.59668732;80;50;1718.812866;0.6875209808;
130.7473755;66.75049591;80;50;1717.460693;0.9062776566;0;130.7973785;
0.8437757492;0;130.8473816;66.92138672;80;50;1715.993286;0.7812738419;0;
67.08354187;80;50;1714.636108;0.8437757492;0;130.9973755;
131.0473938;67.24381256;80;50;1713.16333;
67.41807556;80;50;1711.80127;0.8281502724;0;131.1973877;
131.2473907;67.57865906;80;50;1710.322998;0.8281502724;
131.3473969;67.74016571;80;50;1708.955933;0.7031464577;0;131.3973999;
67.86578369;80;50;1707.472412;0.7031464577;0;131.4973907;
131.5474243;67.99440002;80;50;1706.101074;0.6640827656;0;131.5973969;
68.10778809;80;50;1704.613525;0.6640827656;
68.23416901;80;50;1703.238281;0.6875209808;0;131.7974091;
0.6640827656;0;131.8474121;68.35066223;80;50;1701.745361;0.6484572887;0;131.8974304;
0.6640827656;0;131.9474182;68.47009277;80;50;1700.364258;0.5859553814;0;131.9974213;
132.0474243;68.53895569;80;50;1698.865112;0.3437604904;0;132.0974274;
68.56793213;80;50;1697.479492;0.3437604904;0;132.1974335;
132.2474213;68.58355713;80;50;1695.977417;0.2890713215;0;
0.2656331062;0;132.3474426;68.58816528;80;50;1694.59021;0.2265694141;0;132.3974304;
68.57836151;80;50;1693.087158;0.0859401226;
68.5196991;80;50;1691.699829;0.007812738419;0;132.5974426;
132.6474457;68.42159271;80;50;1690.19812;0;
132.7474365;68.305336;80;50;1688.814209;0;0;132.7974396;
0;132.8474426;68.19875336;80;50;1687.317627;0;0;
132.9474487;68.08333588;80;50;1685.938843;0;0;132.9974518;
67.97645569;80;50;1684.447998;0;
133.1474609;67.86089325;80;50;1683.074585;0;0;133.1974487;
67.75458527;80;50;1681.589722;0;
0;133.3474579;67.63961792;80;50;1680.221802;0;0;133.3974609;
67.53359985;80;50;1678.742798;0;
67.41860199;80;50;1677.380371;0;0;133.5974731;
0;133.6474609;67.31208801;80;50;1675.907104;0;0;133.6974792;
0;133.747467;67.19680023;80;50;1674.549438;0;0;133.7974701;
0;133.8474884;67.09042358;80;50;1673.0802;0;0;
133.9474792;66.97528839;80;50;1671.724365;0;0;133.9974823;
0;134.0474854;66.86915588;80;50;1670.255737;0;0;134.0974884;
0;134.1474915;66.75430298;80;50;1668.899902;0;0;134.1974945;
0;134.2474976;66.6484375;80;50;1667.430786;0;0;134.2974854;
134.3474884;66.53394318;80;50;1666.074341;0;0;134.3974915;
66.42843628;80;50;1664.604492;0;
134.5475006;66.31388855;80;50;1663.247314;0;0;134.5975189;
134.6475067;66.20661163;80;50;1661.776489;0;
134.7475128;66.09011841;80;50;1660.418335;0;0;134.7975006;
65.9828186;80;50;1658.945801;0;0;134.8975067;
0;134.9475403;65.86637115;80;50;1657.584595;0;0;134.9975128;
65.75892639;80;50;1656.1073;0;0;
135.147522;65.6427002;80;50;1654.740845;0;0;135.197525;
65.53552246;80;50;1653.257568;0;
135.3475342;65.41960907;80;50;1651.885498;0;0;135.397522;
65.31278229;80;50;1650.395996;0;0;
135.5475311;65.19858551;80;50;1649.018188;0;0;135.5975647;
65.0925827;80;50;1647.536865;0;
64.97783661;80;50;1646.153564;0;0;
64.87225342;80;50;1644.652222;0;0;135.8975525;
64.75941467;80;50;1643.263794;0;0;135.9965515;
64.65608215;80;50;1641.757202;0;0;136.0965576;
64.5440979;80;50;1640.36438;0;0;136.1965485;
64.44112396;80;50;1638.853882;0;0;136.2965698;
64.33015442;80;50;1637.458618;0;0;136.3965607;
64.22875977;80;50;1635.946167;0;0;136.4965668;
64.11976624;80;50;1634.549438;0;0;136.5965729;
64.01934814;80;50;1633.036133;0;0;136.696579;
63.9107132;80;50;1631.640015;0;0;136.7965851;
63.81079865;80;50;1630.12915;0;0;136.8965759;
63.70278168;80;50;1628.736572;0;0;136.996582;
63.60314941;80;50;1627.230591;0;0;137.0965881;
63.49539566;80;50;1625.843018;0;0;137.1965942;
63.39613342;80;50;1624.342773;0;0;137.2966003;
63.28874207;80;50;1622.960571;0;0;137.3966064;
63.18964386;80;50;1621.466064;0;0;137.4965973;
63.08237076;80;50;1620.089111;0;0;137.5966339;
62.98341751;80;50;1618.599976;0;0;137.6966095;
62.87614822;80;50;1617.227417;0;0;137.7966003;
62.77706146;80;50;1615.742188;0;0;137.8966217;
62.66987991;80;50;1614.372437;0;0;137.9966278;
62.57104492;80;50;1612.889648;0;0;138.0966187;
62.46414185;80;50;1611.521606;0;0;138.1966248;
62.36561584;80;50;1610.040039;0;0;138.2966309;
62.25902176;80;50;1608.672852;0;0;138.396637;
62.16078949;80;50;1607.192139;0;0;138.4966278;
62.05455017;80;50;1605.825806;0;0;138.5966492;
61.95665741;80;50;1604.346069;0;0;138.6966553;
61.85043716;80;50;1602.980469;0;0;138.7966461;
61.75224686;80;50;1601.501465;0;0;138.896637;
61.64616013;80;50;1600.136597;0;0;138.9966583;
61.54832077;80;50;1598.657959;0;0;139.0966644;
61.44247437;80;50;1597.293091;0;0;139.1966553;
61.34493637;80;50;1595.814209;0;0;139.2966614;
61.23942184;80;50;1594.448853;0;0;139.3966675;
61.14219284;80;50;1592.969482;0;0;139.4966888;
61.03703308;80;50;1591.60376;0;0;139.5966644;
60.94012451;80;50;1590.123901;0;0;139.6966705;
60.83532333;80;50;1588.75769;0;0;139.7966766;
60.73874664;80;50;1587.277466;0;0;139.8966827;
60.6342926;80;50;1585.911011;0;0;139.9967041;
60.53774261;80;50;1584.43042;0;0;140.0966949;
60.43271637;80;50;1583.063599;0;0;140.1966858;
60.33602905;80;50;1581.582642;0;0;140.2966919;
60.23140335;80;50;1580.21521;0;0;140.396698;
60.13492203;80;50;1578.733032;0;0;140.4967041;
60.03055954;80;50;1577.364258;0;0;140.5966949;
59.93438339;80;50;1575.873535;0;0;140.696701;
59.83037567;80;50;1574.510376;0;0;140.7967224;
59.73450089;80;50;1573.025146;0;0;140.8967133;
59.63082123;80;50;1571.64624;0;0;140.9967194;
59.53533936;80;50;1570.166626;0;0;141.0967255;
59.43251419;80;50;1568.793579;0;0;141.1967316;
59.33779144;80;50;1567.30542;0;0;141.2967377;
59.23526764;80;50;1565.931274;0;0;141.3967285;
59.14088058;80;50;1564.435059;0;0;141.4967346;
59.03886032;80;50;1563.067383;0;0;141.5967255;
58.94480896;80;50;1561.577881;0;0;141.6967468;
58.84319305;80;50;1560.202759;0;0;141.7967377;
58.75014496;80;50;1558.705811;0;0;141.896759;
58.64965439;80;50;1557.330444;0;0;141.9967651;
58.55739594;80;50;1555.840698;0;0;142.0967712;
58.36584854;80;50;1552.978027;0;0;142.2967529;
58.26661682;80;50;1551.605469;0;0;142.396759;
58.17512131;80;50;1550.119995;0;0;142.4967957;
58.07616806;80;50;1548.750122;0;0;142.5967712;
57.9849968;80;50;1547.267456;0;0;142.6967773;
57.88637924;80;50;1545.900391;0;0;142.7967834;
57.79549408;80;50;1544.420776;0;0;142.8967896;
57.69719315;80;50;1543.056274;0;0;142.9967957;
0;143.0467834;57.6065979;80;50;1541.579712;0;0;
57.50861359;80;50;1540.218018;0;0;143.1967926;
57.41831589;80;50;1538.744507;0;0;
57.32065201;80;50;1537.38562;0;0;143.3968048;
0;0;143.4467926;57.23065186;80;50;1535.914917;0;0;143.4967957;
0;143.5468292;57.13326263;80;50;1534.558838;0;0;143.5968323;
0;143.6468048;57.04326248;80;50;1533.091187;0;0;
0;143.7468109;56.94585037;80;50;1531.737915;0;0;143.7968292;
143.846817;56.85608673;80;50;1530.273071;0;
143.9468231;56.75899124;80;50;1528.922119;0;0;143.9968109;
56.669487;80;50;1527.459473;0;0;144.096817;
0;0;144.1468201;56.57269669;80;50;1526.110352;0;0;144.1968231;
144.2468262;56.48347855;80;50;1524.649902;0;0;
56.38697815;80;50;1523.302612;0;0;144.3968353;
0;0;144.4468384;56.29804993;80;50;1521.843994;0;0;144.4968262;
0;144.5468445;56.20186996;80;50;1520.498535;0;0;144.5968323;
144.6468353;56.1132164;80;50;1519.041992;0;0;144.6968689;
144.7468414;56.01734543;80;50;1517.698364;0;0;144.7968445;
55.9289856;80;50;1516.243774;
55.8334198;80;50;1514.9021;0;0;144.9968567;
0;145.0468597;55.74534988;80;50;1513.449585;0;
55.65008545;80;50;1512.109863;0;0;145.1968536;
0;145.2468567;55.56229782;80;50;1510.659424;0;
55.46734619;80;50;1509.321533;0;0;145.3968658;
0;145.4468689;55.37982941;80;50;1507.873169;0;0;
55.28517914;80;50;1506.537231;0;0;145.5968781;
0;145.6468658;55.19794846;80;50;1505.091064;0;
145.7468872;55.10360718;80;50;1503.757202;0;0;145.796875;
0;145.8468781;55.01665115;80;50;1502.31311;0;0;145.8968811;
54.92261124;80;50;1500.981201;0;0;145.9968872;
54.8359375;80;50;1499.539429;0;0;
0;146.1468964;54.74219513;80;50;1498.209473;0;0;146.1968994;
54.65580368;80;50;1496.769897;0;0;146.2969055;
0;146.3469086;54.56235123;80;50;1495.442017;0;0;146.3968964;
0;146.4469147;54.47624207;80;50;1494.004639;0;0;146.4969025;
0;146.5469055;54.38309097;80;50;1492.678833;0;0;146.5969086;
54.29725266;80;50;1491.243774;0;0;146.6969147;
0;146.7469025;54.20439911;80;50;1489.920044;0;0;146.7969055;
54.11883545;80;50;1488.487183;0;0;146.8969116;
54.02629089;80;50;1487.165649;0;0;146.9969177;
0;147.046936;53.94100189;80;50;1485.735107;0;0;
53.84874725;80;50;1484.415771;0;0;147.1969299;
1483.646606;0;0;147.2469482;53.76372528;80;50;1482.987549;0;0;
0;147.3469391;53.67176437;80;50;1481.670288;0;0;147.3969269;
147.4469452;53.58701706;80;50;1480.244507;0;0;147.4969482;
0;147.5469513;53.49536514;80;50;1478.929443;0;0;147.5969391;
147.6469421;53.41087723;80;50;1477.505981;0;0;147.6969452;
53.31949615;80;50;1476.193237;0;0;147.7969513;
53.23528671;80;50;1474.772217;0;0;
0;147.9469757;53.14420319;80;50;1473.461548;0;0;147.9969482;
53.06026077;80;50;1472.042969;0;0;
52.96945572;80;50;1470.734619;0;0;148.1969757;
148.2469635;52.88577271;80;50;1469.318481;0;0;
148.3469696;52.79511261;80;50;1468.012451;0;0;148.3969574;
148.4469757;52.71096802;80;50;1466.598755;0;0;148.4969788;
148.5469666;52.61980057;80;50;1465.294922;0;0;148.5969696;
52.53586578;80;50;1463.883423;0;0;148.6969757;
148.7469788;52.44503403;80;50;1462.581299;0;0;148.7969818;
52.36129379;80;50;1461.171265;0;
52.27071762;80;50;1459.870361;0;0;148.996994;
0;149.0469818;52.18722534;80;50;1458.461548;0;0;149.0969849;
52.0969162;80;50;1457.161743;0;0;149.196991;
0;149.246994;52.01368713;80;50;1455.754272;0;0;149.2969971;
149.3470001;51.92366409;80;50;1454.455688;0;0;149.3970184;
149.4470062;51.84070206;80;50;1453.049438;0;0;149.4970093;
51.75095367;80;50;1451.752075;0;0;149.5970001;
51.66825485;80;50;1450.34729;0;0;
51.5788002;80;50;1449.05127;0;0;149.7970123;
51.49636078;80;50;1447.647827;0;0;149.8970184;
149.9470215;51.4071846;80;50;1446.353149;0;0;149.9970245;
51.32500458;80;50;1444.951416;0;0;
51.2361145;80;50;1443.658081;0;0;150.1970215;
51.15419006;80;50;1442.257935;0;0;150.2970276;
0;0;150.3470306;51.06557846;80;50;1440.966187;0;0;150.3970337;
50.98450089;80;50;1439.567627;0;0;150.4970703;
0;150.5470581;50.89726257;80;50;1438.277466;0;0;150.5970459;
50.81661224;80;50;1436.880737;
50.72941589;80;50;1435.592529;0;0;150.7970428;
50.64922333;80;50;1434.198486;0;0;
150.947052;50.56244659;80;50;1432.912964;0;0;150.9970551;
151.0470886;50.48239517;80;50;1431.521973;0;
50.39584732;80;50;1430.23938;0;0;151.197052;
151.2470703;50.31609344;80;50;1428.85144;
0;151.3471069;50.22982025;80;50;1427.571655;0;0;151.3970642;
50.15044403;80;50;1426.18689;0;0;151.4970703;
0;151.5470734;50.06486893;80;50;1424.910034;0;0;151.5970764;
0;151.6470795;49.98626709;80;50;1423.528442;0;0;151.6970825;
0;151.7470856;49.90154648;80;50;1422.254395;0;0;151.7970734;
151.8470917;49.8237381;80;50;1420.875854;0;0;
0;151.9470978;49.73985672;80;50;1419.604858;0;0;151.9970856;
0;152.0470886;49.66281128;80;50;1418.22937;0;0;
0;152.1470947;49.57976913;80;50;1416.96106;0;0;152.1970978;
49.50349045;80;50;1415.588623;0;
152.3471375;49.42127228;80;50;1414.323242;0;0;152.3970947;
152.4470978;49.34575272;80;50;1412.953857;0;0;152.4971008;
0;152.5471191;49.26435089;80;50;1411.691284;0;0;152.5971069;
0;152.64711;49.18958664;80;50;1410.324951;0;0;
152.7471161;49.10899353;80;50;1409.065186;0;0;152.7971191;
152.8471069;49.03495789;80;50;1407.701904;0;
0;152.947113;48.95516205;80;50;1406.444824;0;0;152.9971161;
153.0471191;48.88263702;80;50;1405.097534;0;0;153.0971375;
48.8036232;80;50;1403.843262;0;
48.73106384;80;50;1402.485962;
48.65283203;80;50;1401.234375;0;0;153.3961334;
48.58097839;80;50;1399.879883;0;0;153.4961395;
48.50353241;80;50;1398.631104;0;0;153.5961456;
48.43238831;80;50;1397.279663;0;0;153.6961517;
48.35570908;80;50;1396.033447;0;0;153.7961731;
48.28527451;80;50;1394.684937;0;0;153.8961487;
48.20935059;80;50;1393.441528;0;0;153.9961548;
48.13961411;80;50;1392.095825;0;0;154.0961609;
48.06444168;80;50;1390.855103;0;0;154.196167;
47.99539948;80;50;1389.512329;0;0;154.2961884;
47.9209671;80;50;1388.27417;0;0;154.3961639;
47.85260391;80;50;1386.934326;0;0;154.49617;
47.77890778;80;50;1385.698853;0;0;154.5961761;
47.7112236;80;50;1384.361816;0;0;154.6961823;
47.638237;80;50;1383.128906;0;0;154.7963562;
47.5710144;80;50;1381.7948;0;0;154.8961945;
47.498806;80;50;1380.564453;0;0;154.9961853;
47.4329834;80;50;1379.23291;0;0;155.0961914;
47.36236191;80;50;1378.005005;0;0;155.1961975;
47.29766846;80;50;1376.675781;0;0;155.2962036;
47.22797394;80;50;1375.449707;0;0;155.3961945;
47.16391373;80;50;1374.122681;0;0;155.4962158;
47.09506989;80;50;1372.89856;0;0;155.5962067;
47.03208542;80;50;1371.573608;0;0;155.6962128;
46.96404648;80;50;1370.351563;0;0;155.7962189;
46.90151978;80;50;1369.028809;0;0;155.8962097;
46.83418274;80;50;1367.80896;0;0;155.9962158;
46.77231598;80;50;1366.48877;0;0;156.0962524;
46.70557404;80;50;1365.27124;0;0;156.196228;
46.64426804;80;50;1363.953613;0;0;156.2962341;
46.57817078;80;50;1362.738525;0;0;156.3962555;
46.51713562;80;50;1361.416992;0;0;156.4962311;
46.45198059;80;50;1360.210571;0;0;156.5962372;
46.39183044;80;50;1358.897949;0;0;156.6962433;
46.32665253;80;50;1357.681152;0;0;156.7962494;
46.26707077;80;50;1356.371094;0;0;156.8962708;
46.20282745;80;50;1355.169189;0;0;156.9962616;
46.14380646;80;50;1353.855347;0;0;157.0962524;
46.08016586;80;50;1352.649536;0;0;157.1962585;
46.02170181;80;50;1351.344482;0;0;157.2962646;
45.95866013;80;50;1350.140869;0;0;157.3962708;
45.90073776;80;50;1348.838379;0;0;157.4962769;
45.83830261;80;50;1347.637085;0;0;157.596283;
45.78092575;80;50;1346.337036;0;0;157.6962738;
45.71906662;80;50;1345.138062;0;0;157.7962799;
45.66223526;80;50;1343.840454;0;0;157.896286;
45.60095596;80;50;1342.643677;0;0;157.9962921;
45.54465866;80;50;1341.348511;0;0;158.0962982;
45.48396301;80;50;1340.154175;0;0;158.1962891;
45.42819977;80;50;1338.86145;0;0;158.2962952;
45.36805725;80;50;1337.669312;0;0;158.3963318;
45.31281662;80;50;1336.379028;0;0;158.4963531;
45.25325012;80;50;1335.189087;0;0;158.5963135;
45.19852448;80;50;1333.901245;0;0;158.6963196;
45.13952637;80;50;1332.713623;0;0;158.7963104;
45.08531952;80;50;1331.428223;0;0;158.8963165;
45.0268631;80;50;1330.242798;0;0;158.9963226;
44.9731636;80;50;1328.959839;0;0;159.0963287;
44.91526031;80;50;1327.776611;0;0;159.1963348;
44.86206818;80;50;1326.495972;0;0;159.2963257;
44.80471802;80;50;1325.315063;0;0;159.396347;
44.75202179;80;50;1324.036865;0;0;159.4963684;
44.69521332;80;50;1322.858032;0;0;159.596344;
44.64300919;80;50;1321.582275;0;0;159.6963348;
44.58672714;80;50;1320.40564;0;0;159.7963409;
44.53502274;80;50;1319.132324;0;0;159.896347;
44.47926331;80;50;1317.957886;0;0;159.9963684;
44.42804337;80;50;1316.68689;0;0;160.0963593;
44.37281418;80;50;1315.514648;0;0;160.1963654;
44.32207489;80;50;1314.245972;0;0;160.2963562;
44.2673645;80;50;1313.075928;0;0;160.3963776;
44.21710205;80;50;1311.809692;0;
44.16290283;80;50;1310.641846;0;0;160.5963745;
0;160.6463928;44.1131134;80;50;1309.377808;0;0;160.6963806;
160.7463837;44.05942154;80;50;1308.212158;0;0;160.7963867;
44.0100975;80;50;1306.950562;0;0;160.8963928;
0;160.9463959;43.95691299;80;50;1305.786987;0;0;160.9963989;
43.90805054;80;50;1304.52771;0;0;161.0963898;
0;161.1463928;43.85536575;80;50;1303.366333;0;0;161.1963959;
0;161.2464142;43.80735016;80;50;1302.109375;0.007812738419;
43.76686859;80;50;1300.950073;0.1093783379;0;161.3963928;
161.4463959;43.75389862;80;50;1299.695068;0.1093783379;0;161.4964142;
43.74529648;80;50;1298.536621;0.1250038147;0;161.5964203;
161.6464081;43.73945999;80;50;1297.281616;0.14844203;0;161.6964111;
161.7464447;43.73785019;80;50;1296.123169;0.1640675068;0;161.7964172;
161.8464203;43.73931885;80;50;1294.86792;0.1640675068;0;
161.9464111;43.74127197;80;50;1293.708862;0.14844203;0;161.9964142;
43.74103928;80;50;1292.453003;0.14844203;0;162.0964203;
162.1464233;43.74078369;80;50;1291.293335;0.187505722;0;162.1964264;
0;162.2464294;43.7443924;80;50;1290.036743;0.187505722;
162.3464355;43.75090408;80;50;1288.876221;0.2031311989;0;162.3964386;
0;162.4464417;43.75901031;80;50;1287.61853;0.2031311989;
162.5464783;43.76883316;80;50;1286.456909;0.2031311989;0;
0;162.6464539;43.77868652;80;50;1285.197998;0.2031311989;0;162.6964417;
0;162.7464447;43.78932571;80;50;1284.035278;0.2031311989;0;162.7964478;
43.79909515;80;50;1282.775024;0.2031311989;
162.9464569;43.8066864;80;50;1281.611328;0.1640675068;0;162.99646;
0;163.0464478;43.80927277;80;50;1280.350098;0.1640675068;0;163.0964661;
43.81349945;80;50;1279.185669;0.187505722;0;163.1964569;
163.24646;43.81997681;80;50;1277.923706;0.187505722;0;163.296463;
0;163.3464813;43.82546616;80;50;1276.758545;0.2031311989;0;163.3964691;
43.83516693;80;50;1275.49585;
43.8541069;80;50;1274.329712;0.2500076294;0;163.5964661;
43.87319183;80;50;1273.065796;0.2500076294;0;
0;163.7464905;43.89371109;80;50;1271.898438;0.2265694141;0;163.7965088;
43.9066658;80;50;1270.632935;0.187505722;0;163.8964844;
163.9464874;43.9084549;80;50;1269.464233;0.03125095367;0;163.9965057;
43.8727417;80;50;1268.19812;0;
164.1464844;43.81988525;80;50;1267.030151;0;0;164.1965027;
164.2464905;43.77085495;80;50;1265.766113;0;0;164.2965088;
0;164.3465118;43.71863937;80;50;1264.600464;0;0;164.3964996;
0;164.4465027;43.67063904;80;50;1263.338989;0;0;164.4965057;
43.61875916;80;50;1262.175781;0;0;
43.57114792;80;50;1260.91687;0;0;164.6965179;
0;164.7465057;43.51986313;80;50;1259.755981;0;0;164.796524;
43.47271729;80;50;1258.499756;0;
43.42187881;80;50;1257.341309;0;0;164.996521;
0;165.046524;43.37516403;80;50;1256.087524;0;0;
165.1465302;43.32480621;80;50;1254.931519;0;0;165.1965332;
165.2465363;43.27853394;80;50;1253.68042;0;0;
0;165.3465271;43.22864532;80;50;1252.526733;0;0;165.3965302;
1251.85437;0;0;165.4465332;43.18280792;80;50;1251.27832;0;0;165.4965668;
165.5465393;43.1333847;80;50;1250.127075;0;0;165.5965424;
43.08798218;80;50;1248.881226;0;
43.03902054;80;50;1247.732422;0;0;165.7965546;
42.99402618;80;50;1246.489136;0;
42.94552231;80;50;1245.342773;0;0;165.996582;
42.90114212;80;50;1244.102173;0;0;
166.1465607;42.85378265;80;50;1242.95813;0;0;166.1965637;
0;166.2465668;42.81010437;80;50;1241.720093;0;0;
42.76296234;80;50;1240.578491;0;0;166.3965607;
