sep=;
unknown1; unknown2; currentSpeed; currentLimit; nextLimit; distance; gaspedal; brakepedal; timestamp


0.2195302397;100;80;900;0;0;0.05000010133;0.3158771992;100;80;512.0551758;
0.3951968253;100;80;512.050415;0;0;0.1500167251;
0.5481231809;100;80;512.0390625;0;0;0.2500148714;
0.7055853605;100;80;512.0230103;0;0;0.3500089347;
0.8430869579;100;80;512.0045166;0;0;0.4500219524;
0.9877457619;100;80;511.9801636;0;0;0.5500165224;
1.118068576;100;80;511.9539185;0;0;0.6500505805;
1.255346417;100;80;511.9216003;0;0;0.7500241399;
1.378847718;100;80;511.8882141;0;0;0.8500345945;
1.509242535;100;80;511.8482971;0;0;0.9500296712;
1.6264503;100;80;511.8081055;0;0;1.050116658;
1.750268936;100;80;511.7610168;0;0;1.150036693;
1.861657143;100;80;511.714386;0;0;1.25004673;
1.979224801;100;80;511.6605225;0;0;1.350043297;
2.084974527;100;80;511.6077576;0;0;1.450074792;
2.196663857;100;80;511.5474243;0;0;1.550061226;
2.297068596;100;80;511.4888916;0;0;1.650051594;
2.402924538;100;80;511.4224243;0;0;1.750056505;
2.498125792;100;80;511.3583679;0;0;1.850056648;
2.598547935;100;80;511.2861023;0;0;1.950064063;
2.688687563;100;80;511.2168579;0;0;2.050071955;
2.783806086;100;80;511.1390991;0;0;2.150066614;
2.869273186;100;80;511.0648804;0;0;2.250079632;
2.959328651;100;80;510.9819031;0;0;2.35007453;
3.046145201;100;80;510.9038391;0;0;2.450079918;
3.12486887;100;80;510.8159485;0;0;2.550082684;
3.207947493;100;80;510.7326355;0;0;2.650085449;
3.282608509;100;80;510.6400757;0;0;2.749089956;
3.355322361;100;80;510.5525513;0;0;2.849105597;
3.432080746;100;80;510.4555359;0;0;2.94909668;
3.501002789;100;80;510.3640442;0;0;3.049099445;
3.573716402;100;80;510.2628479;0;0;3.149106741;
3.638967991;100;80;510.1675415;0;0;3.249117851;
3.707807302;100;80;510.0623779;0;0;3.349119425;
3.769594669;100;80;509.963501;0;0;3.449113607;
3.83479023;100;80;509.8545532;0;0;3.549122572;
3.864238024;100;80;509.8036194;0;0;3.599117517;
3.926793814;100;80;509.700592;0;0;3.699125767;
3.982972145;100;80;509.5872192;0;0;3.799128771;
4.042255878;100;80;509.4810181;0;0;3.899130821;
4.095507622;100;80;509.3643188;0;0;3.99913168;
4.151707649;100;80;509.255127;0;0;4.09914732;
4.20220232;100;80;509.1352539;0;0;4.199143887;
4.255529404;100;80;509.0231934;0;0;4.29914093;
4.303415775;100;80;508.9003296;0;0;4.399155617;
4.353963375;100;80;508.7855835;0;0;4.499176502;
4.399403572;100;80;508.6598816;0;0;4.599152565;
4.447281361;100;80;508.542572;0;0;4.699151039;
4.490348339;100;80;508.4141541;0;0;4.799156189;
4.535683155;100;80;508.2944031;0;0;4.899164677;
4.57639122;100;80;508.1634521;0;0;4.999176979;
4.619298458;100;80;508.0414124;0;0;5.099179268;
4.657765388;100;80;507.90802;0;0;5.199173927;
4.698260784;100;80;507.7838135;0;0;5.299172878;
4.73458004;100;80;507.6481323;0;0;5.39918375;
4.772753239;100;80;507.5219116;0;0;5.499188423;
4.80701685;100;80;507.3840637;0;0;5.599183083;
4.843118668;100;80;507.2558899;0;0;5.699187756;
4.875538349;100;80;507.1160278;0;0;5.799190044;
4.909741879;100;80;506.9860229;0;0;5.899194241;
4.940403938;100;80;506.8442078;0;0;5.999211311;
4.972685814;100;80;506.7124939;0;0;6.099200249;
5.001717091;100;80;506.5688782;0;0;6.19920969;
5.032302856;100;80;506.4354858;0;0;6.299220085;
5.059761047;100;80;506.2901611;0;0;6.399224758;
5.088682175;100;80;506.1552429;0;0;6.499213696;
5.114621162;100;80;506.0082703;0;0;6.599219799;
5.141880512;100;80;505.8718872;0;0;6.699220181;
5.16631031;100;80;505.7233582;0;0;6.799225807;
5.191974163;100;80;505.5856018;0;0;6.899241924;
5.214925766;100;80;505.4356384;0;0;6.999228954;
5.239130974;100;80;505.2965698;0;0;7.099245548;
5.260579586;100;80;505.1445313;0;0;7.199250221;
5.28316021;100;80;505.0042419;0;0;7.299248695;
5.30334425;100;80;504.8516541;0;0;7.399244785;
5.324671268;100;80;504.7102356;0;0;7.499247074;
5.343690872;100;80;504.556427;0;0;7.599270821;
5.363654613;100;80;504.4139404;0;0;7.699263573;
5.381541252;100;80;504.2590027;0;0;7.799281597;
5.400324821;100;80;504.115509;0;0;7.899260044;
5.417155266;100;80;503.9595337;0;0;7.999265194;
5.434815884;100;80;503.8150635;0;0;8.099272728;
5.450628281;100;80;503.6580811;0;0;8.199274063;
5.46724844;100;80;503.5127258;0;0;8.299274445;
5.482128143;100;80;503.3548279;0;0;8.39927578;
5.497742653;100;80;503.2086182;0;0;8.499296188;
5.511732578;100;80;503.0498352;0;0;8.599287033;
5.526442528;100;80;502.902832;0;0;8.699286461;
5.539600372;100;80;502.7432251;0;0;8.799338341;
5.553432465;100;80;502.5954895;0;0;8.899295807;
5.565806866;100;80;502.4350891;0;0;8.999302864;
5.578843594;100;80;502.2866516;0;0;9.099304199;
5.590519905;100;80;502.1255188;0;0;9.199314117;
5.602779865;100;80;501.9764404;0;0;9.299318314;
5.613769054;100;80;501.8145752;0;0;9.399313927;
5.625337124;100;80;501.6648865;0;0;9.499337196;
5.635717392;100;80;501.5023804;0;0;9.599319458;
5.646614552;100;80;501.3521118;0;0;9.699323654;
5.656388283;100;80;501.1889954;0;0;9.799330711;
5.666684628;100;80;501.038147;0;0;9.899334908;
5.675931454;100;80;500.8744507;0;0;9.999332428;
5.685646057;100;80;500.723114;0;0;10.0993433;
5.694354534;100;80;500.5588684;0;0;10.19934177;
5.703536034;100;80;500.4070129;0;0;10.29935551;
5.711802959;100;80;500.2422485;0;0;10.39935684;
5.720469952;100;80;500.0899353;0;0;10.49934864;
5.728257179;100;80;499.9247131;0;0;10.59935379;
5.736448288;100;80;499.7719421;0;0;10.69936848;
5.743801117;100;80;499.6062317;0;0;10.79936123;
5.751568794;100;80;499.453064;0;0;10.89936161;
5.758506298;100;80;499.2869263;0;0;10.99936676;
5.765803337;100;80;499.1333618;0;0;11.0993681;
5.772351742;100;80;498.9667969;0;0;11.19937038;
5.779243946;100;80;498.8128662;0;0;11.29937744;
5.785421371;100;80;498.6459351;0;0;11.3993845;
5.791899681;100;80;498.4916687;0;0;11.49938488;
5.79770565;100;80;498.3243408;0;0;11.59940147;
5.803796291;100;80;498.1697388;0;0;11.69939613;
5.809276581;100;80;498.0020752;0;0;11.79939079;
5.814996719;100;80;497.847168;0;0;11.89940071;
5.82012558;100;80;497.6791687;0;0;11.99940205;
5.825483322;100;80;497.5239868;0;0;12.09940624;
5.830286026;100;80;497.3556824;0;0;12.19940758;
5.835346699;100;80;497.2002258;0;0;12.29941845;
5.839840889;100;80;497.0316467;0;0;12.39945602;
5.844550133;100;80;496.8759155;0;0;12.49942207;
5.848756313;100;80;496.7070923;0;0;12.59943295;
5.853168964;100;80;496.5511169;0;0;12.69944763;
5.857114792;100;80;496.3820496;0;0;12.79942608;
5.861237526;100;80;496.2258606;0;0;12.89945602;
5.864908218;100;80;496.0565186;0;0;12.99943256;
5.868754387;100;80;495.900116;0;0;13.0994339;
5.872178555;100;80;495.7305908;0;0;13.19943714;
5.875791073;100;80;495.5740051;0;0;13.29944038;
5.878983498;100;80;495.4042664;0;0;13.39944649;
5.882321358;100;80;495.2474976;0;0;13.49945831;
5.885294437;100;80;495.0775757;0;0;13.59946728;
5.888415337;100;80;494.9206238;0;0;13.69946384;
5.891211033;100;80;494.7505188;0;0;13.79945946;
5.894105911;100;80;494.5934143;0;0;13.89946461;
5.896677494;100;80;494.4231567;0;0;13.99946785;
5.899383068;100;80;494.2658997;0;0;14.09947014;
5.901772022;100;80;494.0954895;0;0;14.19948006;
5.904309273;100;80;493.9381104;0;0;14.29947376;
5.906533718;100;80;493.7675171;0;0;14.39947891;
5.908872604;100;80;493.6100159;0;0;14.49948406;
5.910933495;100;80;493.4393311;0;0;14.5994997;
5.913104534;100;80;493.2817078;0;0;14.69949913;
5.915051937;100;80;493.1108704;0;0;14.79949093;
5.917062759;100;80;492.9531555;0;0;14.89950371;
5.918839455;100;80;492.7822266;0;0;14.99951363;
5.920711994;100;80;492.6243896;0;0;15.09950638;
5.922365665;100;80;492.4533386;0;0;15.1995182;
5.924125671;100;80;492.2954102;0;0;15.29952526;
5.925658703;100;80;492.1242676;0;0;15.39951229;
5.92726326;100;80;491.9662476;0;0;15.49951839;
5.928688049;100;80;491.7950134;0;0;15.59951973;
5.930176735;100;80;491.6369324;0;0;15.69954872;
5.931530476;100;80;491.4656067;0;0;15.79953194;
5.932908058;100;80;491.3074341;0;0;15.8995285;
5.934129715;100;80;491.1360474;0;0;15.999547;
5.93541193;100;80;490.9778137;0;0;16.0995388;
5.936546326;100;80;490.8063354;0;0;16.199543;
5.93774271;100;80;490.6480103;0;0;16.29954338;
5.93880558;100;80;490.4765015;0;0;16.39956856;
5.939905643;100;80;490.3181152;0;0;16.49956131;
5.940875053;100;80;490.1465149;0;0;16.59955406;
5.941901684;100;80;489.9880981;0;0;16.69956589;
5.942815781;100;80;489.8164368;0;0;16.79956055;
5.943764687;100;80;489.6579895;0;0;16.89956093;
5.944594383;100;80;489.4862671;0;0;16.99956703;
5.945475101;100;80;489.3277588;0;0;17.09957123;
5.946249962;100;80;489.1559753;0;0;17.19957161;
5.947055817;100;80;488.9974365;0;0;17.29957581;
5.947793484;100;80;488.8256226;0;0;17.3996067;
5.948548794;100;80;488.6670227;0;0;17.49958801;
5.949203968;100;80;488.4951782;0;0;17.59959602;
5.949892998;100;80;488.3365173;0;0;17.69959259;
5.950519085;100;80;488.1646423;0;0;17.79960632;
5.951181412;100;80;488.0059509;0;0;17.89959908;
5.951742172;100;80;487.8340454;0;0;17.99960709;
5.952336788;100;80;487.6753235;0;0;18.09961319;
5.952859402;100;80;487.5033569;0;0;18.19966125;
5.953408241;100;80;487.344635;0;0;18.29962158;
5.953923702;100;80;487.1726379;0;0;18.39961433;
5.954424858;100;80;487.013855;0;0;18.49964905;
5.954870224;100;80;486.8418579;0;0;18.59962463;
5.955345631;100;80;486.6830444;0;0;18.69962692;
5.955750465;100;80;486.5110168;0;0;18.79965019;
5.956204414;100;80;486.3522034;0;0;18.89962959;
5.956604004;100;80;486.1801147;0;0;18.99964523;
5.956996918;100;80;486.0212708;0;0;19.09964752;
5.957355499;100;80;485.8491821;0;0;19.19966888;
5.957725048;100;80;485.6903381;0;0;19.29964256;
5.958058357;100;80;485.518219;0;0;19.39965248;
5.958427906;100;80;485.3593445;0;0;19.49965096;
5.958723068;100;80;485.1871948;0;0;19.59965324;
5.959042072;100;80;485.0282898;0;0;19.69966888;
5.959320068;100;80;484.8561401;0;0;19.79965782;
5.959614277;100;80;484.6972351;0;0;19.89967155;
5.959897518;100;80;484.5267334;0;0;19.99967384;
5.960169315;100;80;484.3545532;0;0;20.09967041;
5.96039772;100;80;484.1956177;0;0;20.1996727;
5.960654736;100;80;484.0366821;0;0;20.29868126;
5.960880756;100;80;483.8644714;0;0;20.39869499;
5.961116791;100;80;483.7055054;0;0;20.49869537;
5.961331844;100;80;483.5332947;0;0;20.59870911;
5.961552143;100;80;483.3743286;0;0;20.69868851;
5.961740017;100;80;483.2021179;0;0;20.79872513;
5.961930275;100;80;483.0431213;0;0;20.8986969;
5.962476254;100;80;482.5396729;0;0;21.1987114;
5.962113857;100;80;482.8709106;0;0;20.99870491;
5.96231842;100;80;482.7119141;0;0;21.09871483;
5.9626441;100;80;482.3806763;0;0;21.29871941;
5.962785244;100;80;482.2084045;0;0;21.39871788;
5.962954044;100;80;482.049408;0;0;21.49873161;
5.963107586;100;80;481.8771362;0;0;21.59872055;
5.963245869;100;80;481.7181396;0;0;21.69872856;
5.963373184;100;80;481.5458679;0;0;21.79874802;
5.963504791;100;80;481.3868408;0;0;21.89873505;
5.963628292;100;80;481.2137146;0;0;21.99874306;
5.963771343;100;80;481.0555115;0;0;22.09873581;
5.963877678;100;80;480.8824158;0;0;22.19876671;
5.963990211;100;80;480.7242126;0;0;22.29877281;
5.964080811;100;80;480.5510864;0;0;22.3987751;
5.96419239;100;80;480.3920288;0;0;22.4987545;
5.964303493;100;80;480.2197266;0;0;22.59875488;
5.964405537;100;80;480.0606995;0;0;22.69876289;
5.964488029;100;80;479.8883972;0;0;22.79876137;
5.964570999;100;80;479.7293396;0;0;22.89878273;
5.964655399;100;80;479.5570374;0;0;22.99877167;
5.96473217;100;80;479.3979797;0;0;23.09877586;
5.964830399;100;80;479.225647;0;0;23.19877815;
5.964904785;100;80;479.0665894;0;0;23.29878044;
5.964968204;100;80;478.8942566;0;0;23.39878273;
5.965034008;100;80;478.735199;0;0;23.49880219;
5.965105534;100;80;478.5628662;0;0;23.59879112;
5.965182781;100;80;478.4038086;0;0;23.69879341;
5.965242863;100;80;478.2314758;0;0;23.7987957;
5.965293884;100;80;478.0724182;0;0;23.89880371;
5.96534729;100;80;477.9000854;0;0;23.99881554;
5.965402603;100;80;477.7409973;0;0;24.09884262;
5.96546793;100;80;477.5686646;0;0;24.19881439;
5.965522289;100;80;477.4095764;0;0;24.29883766;
5.965559483;100;80;477.2372437;0;0;24.39881897;
5.965607166;100;80;477.078186;0;0;24.4988327;
5.965646267;100;80;476.9058228;0;0;24.59882927;
5.965696335;100;80;476.7467346;0;0;24.69882393;
5.965752602;100;80;476.5744019;0;0;24.79882813;
5.965788841;100;80;476.4153137;0;0;24.89886093;
5.96581459;100;80;476.242981;0;0;24.99884033;
5.965851784;100;80;476.0838928;0;0;25.09885025;
5.965882778;100;80;475.9115295;0;0;25.19887924;
5.965937614;100;80;475.7458191;0;0;25.29886818;
5.965969563;100;80;475.586731;0;0;25.39884949;
5.965996742;100;80;475.4143677;0;0;25.49885178;
5.966020584;100;80;475.2552795;0;0;25.59886169;
5.966041565;100;80;475.0829468;0;0;25.69887924;
5.966090202;100;80;474.9238281;0;0;25.79886436;
5.966117859;100;80;474.7514954;0;0;25.89888763;
5.966136456;100;80;474.5923767;0;0;25.99887085;
5.966157913;100;80;474.4200439;0;0;26.09887695;
5.966175079;100;80;474.2609253;0;0;26.19890404;
5.966209412;100;80;474.0885925;0;0;26.29894257;
5.966244221;100;80;473.9294739;0;0;26.39888573;
5.966263294;100;80;473.7571106;0;0;26.49888992;
5.966269493;100;80;473.5980225;0;0;26.59890366;
5.966292381;100;80;473.4256592;0;0;26.69891548;
5.966308594;100;80;473.266571;0;0;26.79892731;
5.966342926;100;80;473.0942078;0;0;26.89889908;
5.96635437;100;80;472.9350891;0;0;26.99890327;
5.966365337;100;80;472.7627258;0;0;27.09891701;
5.966385365;100;80;472.6036377;0;0;27.19890976;
5.966394901;100;80;472.4312744;0;0;27.29891205;
5.96642828;100;80;472.2721558;0;0;27.39896011;
5.966437817;100;80;472.0997925;0;0;27.49894714;
5.966445446;100;80;471.9407043;0;0;27.59892654;
5.966451168;100;80;471.7683411;0;0;27.69892502;
5.966467857;100;80;471.6092224;0;0;27.79896355;
5.966488838;100;80;471.4368591;0;0;27.89893532;
5.966506481;100;80;471.277771;0;0;27.99894142;
5.966512203;100;80;471.1054077;0;0;28.0989666;
5.966525555;100;80;470.9462891;0;0;28.19895363;
5.966522217;100;80;470.7739258;0;0;28.29895592;
5.966534615;100;80;470.6148071;0;0;28.39895439;
5.966562748;100;80;470.4424438;0;0;28.49897385;
5.966565609;100;80;470.2833252;0;0;28.59898949;
5.966568947;100;80;470.1109619;0;0;28.69895744;
5.966573238;100;80;469.9518738;0;0;28.7990036;
5.966575146;100;80;469.7795105;0;0;28.89898491;
5.966611862;100;80;469.6203918;0;0;28.99897385;
5.966609478;100;80;469.4480286;0;0;29.09897614;
5.966611385;100;80;469.2889099;0;0;29.19898415;
5.966616631;100;80;469.1165466;0;0;29.29900551;
5.966619492;100;80;468.957428;0;0;29.39898491;
5.967442989;100;80;468.7850647;0.03906369209;0;29.49898529;
5.987556458;100;80;468.6259155;0.4531388283;0;29.59901428;
6.141603947;100;80;468.4527588;0.8515884876;0;29.69901657;
6.730357647;100;80;468.2878723;0.8984649181;0;29.79899597;
7.733472824;100;80;468.0915527;0.8828394413;0;29.89899826;
9.188358307;100;80;467.8818665;0.8984649181;0;29.99900627;
10.58601856;100;80;467.6150208;0.8515884876;0;30.09901047;
12.13341904;100;80;467.3310852;0.6172063351;0;30.19900894;
13.53866577;100;80;466.9812927;0.6172063351;0;30.29902077;
14.94779205;100;80;466.6197205;0.6953337193;0;30.39904022;
16.28499222;100;80;466.1894531;0.6484572887;0;30.49902344;
17.82359314;100;80;465.7545776;0.5937681198;0;30.59903336;
18.95228004;100;80;465.2406006;0.578142643;0;30.69902802;
19.66294861;100;80;464.7371521;0.5625171661;0;30.79903412;
20.13677597;100;80;464.1725159;0.5625171661;0;30.899086;
20.54583359;100;80;463.6367798;0.4687643051;0;30.99905014;
20.86357117;100;80;463.0446777;0.4531388283;0;31.09904099;
21.18742943;100;80;462.4891663;0.4531388283;0;31.19904518;
21.4877758;100;80;461.8779907;0.4531388283;0;31.29904747;
21.9107132;100;80;461.3052063;0.4375133514;0;31.39905739;
22.28855515;100;80;460.6726074;0.2656331062;0;31.49905396;
22.43998909;100;80;460.0787354;0.02343821526;0;31.59906006;
22.4005127;100;80;459.4320068;0;0;31.69905853;
22.30163765;100;80;458.8356323;0;0;31.79906464;
22.17880821;100;80;458.191803;0;0;31.89908409;
22.04522705;100;80;457.600769;0;0;31.99907112;
21.92242241;100;80;456.9640503;0;0;32.09907913;
21.79078674;100;80;456.3796387;0;0;32.19909286;
21.67189789;100;80;455.7501221;0;0;32.29908371;
21.54605484;100;80;455.1723022;0;0;32.39910889;
21.43247414;100;80;454.5498047;0;0;32.49910355;
21.31214523;100;80;453.978302;0;0;32.59909821;
21.20356941;100;80;453.3625183;0;0;32.69911575;
21.08859444;100;80;452.7971191;0;0;32.79915619;
20.98480415;100;80;452.1878052;0;0;32.89910126;
20.87488937;100;80;451.6282043;0;0;32.99915695;
20.77570534;100;80;451.0250549;0;0;33.09912491;
20.67084885;100;80;450.4710388;0;0;33.19913101;
20.57699013;100;80;449.8737488;0;0;33.29914093;
20.47853088;100;80;449.3250122;0;0;33.39915848;
20.39032173;100;80;448.7333069;0;0;33.49912262;
20.29714775;100;80;448.1895447;0;0;33.59915924;
20.21335983;100;80;447.6030884;0;0;33.6991272;
20.12438202;100;80;447.0640564;0;0;33.79914856;
20.04397392;100;80;446.4825745;0;0;33.89915848;
19.96092224;100;80;445.9480896;0.007812738419;0;33.99913788;
19.90250015;100;80;445.3713074;0.05468916893;0;34.09916306;
19.86893082;100;80;444.8404236;0.05468916893;0;34.19915009;
19.84854507;100;80;444.2662964;0.07031464577;0;34.29918289;
19.84290314;100;80;443.736908;0.07031464577;0;34.39917374;
19.83291054;100;80;443.1636047;0.07031464577;0;34.4991684;
19.82090569;100;80;442.6347046;0.07031464577;0;34.59915543;
19.80162811;100;80;442.0620728;0.07031464577;0;34.69916534;
19.7969265;100;80;441.5339966;0.1015655994;0;34.79917145;
19.81295013;100;80;440.9620056;0.0859401226;0;34.89921188;
19.81945992;100;80;440.4335938;0.0859401226;0;34.99919128;
19.81868935;100;80;439.8610535;0.03906369209;0;35.09918976;
19.77361298;100;80;439.3326721;0.007812738419;0;35.19918823;
19.70643997;100;80;438.7615356;0.007812738419;0;35.29920197;
19.63335991;100;80;438.2361755;0.007812738419;0;35.39918518;
19.57620239;100;80;437.6689148;0.05468916893;0;35.49918747;
19.56920052;100;80;437.1468201;0.1015655994;0;35.59921265;
19.59263802;100;80;436.5785522;0.1171910763;0;35.69919968;
19.62757111;100;80;436.0586853;0.1796929836;0;35.79922104;
19.68839264;100;80;435.4915771;0.2187566757;0;35.89920425;
19.7720089;100;80;434.9663696;0.2343821526;0;35.99921036;
19.85606384;100;80;434.3951111;0.2500076294;0;36.09921646;
19.97032166;100;80;433.865509;0.3437604904;0;36.19921875;
20.12627411;100;80;433.2885132;0.4218878746;0;36.29924011;
20.36644936;100;80;432.7514343;0.6484572887;0;36.39922333;
20.69900703;100;80;432.1628113;0.8000000119;0;36.49922562;
21.12058449;100;80;431.6102905;0.8305000067;0;36.59923172;
21.58766174;100;80;430.9999695;0.9265000224;0;36.69923019;
22.26329613;100;80;430.4205627;1;0;36.79923248;
23.10522079;100;80;429.7797852;1;0;36.89923477;
24.02342033;100;80;429.1589661;1;0;36.99923706;
24.86683273;100;80;428.4686584;1;0;37.09924316;
25.78432274;100;80;427.8052368;1;0;37.19924164;
26.64251137;100;80;427.0572205;1;0;37.29926682;
27.5769062;100;80;426.2972717;1;0;37.39925003;
28.45774078;100;80;425.5577393;1;0;37.49925232;
29.42796516;100;80;424.7341309;1;0;37.59925461;
30.38313675;100;80;423.9490051;0.8000000119;0;37.69826126;
31.2760067;100;80;423.1386108;0.8000000119;0;37.79825974;
31.96029282;100;80;422.2364197;0.8475000262;0;37.89826965;
32.67113876;100;80;421.3847351;0.9514999986;0;37.99827576;
33.28767776;100;80;420.441803;1;0;38.09828186;
33.8912735;100;80;419.5544128;1;0;38.19828796;
34.45025253;100;80;418.5763855;1;0;38.29828262;
35.05981445;100;80;417.6577454;1;0;38.3982811;
35.62371445;100;80;416.6455994;1;0;38.49829102;
36.23566055;100;80;415.6956482;1;0;38.59829712;
36.80219269;100;80;414.6494751;1;0;38.69829559;
37.41789627;100;80;413.6680298;1;0;38.79831314;
37.98767853;100;80;412.587677;1;0;38.89830017;
38.6065979;100;80;411.574585;1;0;38.99830627;
39.17957306;100;80;410.4598694;1;0;39.09831238;
39.80208969;100;80;409.414978;1;0;39.1983223;
40.37809753;100;80;408.2657166;1;0;39.29833603;
41.00404739;100;80;407.1888428;1;0;39.39836121;
41.58413315;100;80;406.0048218;1;0;39.49838638;
42.21707916;100;80;404.8957825;1;0;39.59836197;42.51088333;100;
42.80561447;100;80;403.6767273;1;0;39.69836426;
43.44750977;100;80;402.5350952;1;0;39.79833221;
44.04411316;100;80;401.2805176;1;0;39.89834976;
44.69519043;100;80;400.105835;1;0;39.99833679;
45.3003006;100;80;398.8152161;1;0;40.09838104;
45.96055222;100;80;397.6070251;1;0;40.1983757;
46.56901169;100;80;396.2797852;0.8000000119;0;40.29834747;
47.10699463;100;80;395.0379944;0.8000000119;0;40.39834976;
47.55831909;100;80;393.6781006;0.8759999871;0;40.4984169;
48.06084061;100;80;392.4100342;0.9729959965;0;40.59836197;
48.45374298;100;80;391.0221863;0.7578356266;0;40.69836426;
48.70994568;100;80;389.7306519;0.5312662125;0;40.79837036;
48.86635971;100;80;388.324585;0.4687643051;0;40.89837265;
49.01308823;100;80;387.0219727;0.4531388283;0;40.99838257;
49.13816071;100;80;385.6064453;0.4218878746;0;41.09838867;
49.29972839;100;80;384.2962952;0.4062623978;0;41.1983757;
49.45848083;100;80;382.8723145;0.4062623978;0;41.29839325;
49.55393982;100;80;381.5534668;0;0;41.39838409;
49.50770187;100;80;380.1225281;0;0;41.4983902;
49.41174316;100;80;378.8029175;0;0;41.59839249;
49.30672073;100;80;377.3757324;0;0;41.69845581;
49.19296646;100;80;376.0610657;0;0;41.79840088;
49.08753586;100;80;374.6399841;0;0;41.8984108;
48.97323608;100;80;373.3311157;0;0;41.99840546;
48.88419342;100;80;371.9162903;0;0;42.09840775;
48.80993271;100;80;370.6126709;0;0;42.19843674;
48.74533844;100;80;369.2024841;0;0;42.29841995;
48.67740631;100;80;367.9026184;0;0;42.39841843;
48.61279678;100;80;366.4963074;0;0;42.49842072;
48.53623199;100;80;365.2000122;0;0;42.59842682;
48.46525955;100;80;363.7977905;0;0;42.69842911;
48.38882828;100;80;362.5054016;0;0;42.79844284;
48.31867218;100;80;361.1074219;0;0;42.89844513;
48.24298859;100;80;359.8189392;0;0;42.99843597;
48.17347717;100;80;358.4251709;0;0;43.09845734;
48.09853363;100;80;357.140564;0;0;43.19845963;
48.02972412;100;80;355.7509766;0;0;43.29845047;
47.95552826;100;80;354.4701843;0;0;43.39846039;
47.88738632;100;80;353.0847473;0;0;43.49845505;
47.81391907;100;80;351.8077393;0;0;43.59846878;
47.74645233;100;80;350.4263916;0;0;43.69846344;
47.67370224;100;80;349.1531677;0;0;43.79847717;
47.60694504;100;80;347.7758484;0;0;43.89850235;
47.53533936;100;80;346.5063171;0;0;43.99847412;
47.46997452;100;80;345.1330261;0;0;44.09848022;
47.3999176;100;80;343.867157;0;0;44.19848251;
47.33580017;100;80;342.4977417;0;0;44.2984848;
47.26683426;100;80;341.2354736;0;0;44.39848328;
47.20346069;100;80;339.8699036;0;0;44.49848938;
47.13510132;100;80;338.611145;0;0;44.59850693;
47.07229233;100;80;337.2493896;0;0;44.69849777;
47.00459671;100;80;335.9941406;0;0;44.7985611;
46.94239426;100;80;334.6361694;0;0;44.89850235;
46.87530136;100;80;333.3843689;0;0;44.99851227;
46.81368256;100;80;332.0301514;0;0;45.09853745;
46.74723434;100;80;330.7817688;0;0;45.19854355;
46.6861763;100;80;329.4312439;0;0;45.29851151;
46.62035751;100;80;328.1862793;0;0;45.39852142;
46.55987549;100;80;326.8394165;0;0;45.49853516;
46.49468613;100;80;325.5978088;0;0;45.59852219;
46.43477249;100;80;324.2545776;0;0;45.69852829;
46.37016678;100;80;323.0163269;0;0;45.79853439;
46.31082535;100;80;321.6766663;0;0;45.89854431;

46.18559265;100;80;319.1569824;0;0;46.09855652;
46.12708664;100;80;317.8226624;0;0;46.19854736;
46.06399536;100;80;316.5926208;0;0;46.29854965;
46.00601959;100;80;315.2618103;0;0;46.39856339;
45.94351196;100;80;314.0350037;0;0;46.49855804;
45.88609695;100;80;312.7076721;0;0;46.59855652;
45.8241806;100;80;311.4840698;0;0;46.69856644;
45.76728058;100;80;310.1601868;0;0;46.79857254;
45.70595169;100;80;308.9397278;0;0;46.8985672;
45.64960098;100;80;307.6192932;0;0;46.99857712;
45.5888176;100;80;306.4019775;0;0;47.09860229;
45.5329895;100;80;305.0848999;0;0;47.1985817;
45.47280502;100;80;303.870697;0;0;47.29859161;
45.41751099;100;80;302.5569763;0;0;47.39858627;
45.35786438;100;80;301.3458252;0;0;47.49858475;
45.30307007;100;80;300.0354309;0;0;47.59859467;
45.24400711;100;80;298.8273621;0;0;47.69864273;
45.18972397;100;80;297.5202637;0;0;47.79859924;
45.1312027;100;80;296.3152161;0;0;47.89860153;
45.07744598;100;80;295.0113525;0;0;47.99860764;
45.01944733;100;80;293.8092957;0;0;48.09860992;
44.96618652;100;80;292.508667;0;0;48.19861984;
44.90874863;100;80;291.3096008;0;0;48.29862595;
44.85598755;100;80;290.0121765;0;0;48.39862061;
44.79908752;100;80;288.8160095;0;0;48.49861908;
44.7468071;100;80;287.521759;0;0;48.59863663;
44.69044495;100;80;286.3285217;0;0;48.69864655;
44.63864899;100;80;285.0374146;0;0;48.79862976;
44.58281708;100;80;283.8470459;0;0;48.89863586;
44.53151321;100;80;282.5590515;0;0;48.99863815;
44.47618484;100;80;281.3715515;0;0;49.09864426;
44.42537689;100;80;280.0866089;0;0;49.19864273;
44.37055969;100;80;278.901947;0;0;49.29866028;
44.32020569;100;80;277.6200867;0;0;49.39865112;
44.26592255;100;80;276.4382019;0;0;49.49866867;
44.21604156;100;80;275.1593628;0;0;49.59865952;
44.1622467;100;80;273.9802856;0;0;49.69866562;
44.11284637;100;80;272.7044373;0;0;49.79866791;
44.05955505;100;80;271.5280762;0;0;49.89875412;
44.01059723;100;80;270.255188;0;0;49.99868393;
43.95781326;100;80;269.081604;0;0;50.0986824;
43.9093132;100;80;267.8116455;0;0;50.19868469;
43.85702515;100;80;266.6407471;0;0;50.29868698;
43.80897141;100;80;265.3737183;0;0;50.39868927;
43.75716782;100;80;264.2054749;0;0;50.49869156;
43.70957184;100;80;262.9413147;0;0;50.59869385;
43.65825272;100;80;261.7757263;0;0;50.69869232;
43.61109161;100;80;260.5144653;0;0;50.79872894;
43.56024933;100;80;259.3515015;0;0;50.89870834;
43.51353455;100;80;258.0930481;0;0;50.99872971;
43.46316528;100;80;256.9326782;0;0;51.09872055;
43.41664124;100;80;255.6770325;0;0;51.19872665;
43.36697769;100;80;254.5192566;0;0;51.29872131;
43.32112503;100;80;253.2663727;0;0;51.39874268;
43.27169418;100;80;252.1111603;0;0;51.49872971;
43.22628784;100;80;250.8610382;0;0;51.59872818;
43.17728806;100;80;249.7083435;0;0;51.69873047;
43.13228607;100;80;248.4609528;0;0;51.7987442;
43.08379364;100;80;247.3107605;0;0;51.89873505;
43.03918457;100;80;246.0660706;0;0;51.99875259;
42.9908905;100;80;244.912384;0;0;52.09874344;
42.94697189;100;80;243.6763458;0;0;52.19874573;
42.89911652;100;80;242.5310974;0;0;52.29874802;
42.85536575;100;80;241.2857819;0;0;52.39875412;
42.80818176;100;80;240.1429749;0;0;52.49876404;
42.76484299;100;80;238.90625;0;0;52.59876633;
42.71811295;100;80;237.7658539;0;0;52.69877243;
42.67515945;100;80;236.5317383;0;0;52.7987709;
42.62884521;100;80;235.3937378;0;0;52.89876938;
42.58630753;100;80;234.1621857;0;0;52.9987793;
42.54043579;100;80;233.0265656;0;0;53.09877777;
42.49829102;100;80;231.7975769;0;0;53.1987915;
42.45285416;100;80;230.6642914;0;0;53.29878998;
42.41108704;100;80;229.4378204;0;0;53.3987999;
42.36606979;100;80;228.3068695;0;0;53.49880219;
42.3246994;100;80;227.0829163;0;0;53.59880447;
42.28010559;100;80;225.9542694;0;0;53.69881821;
42.23912811;100;80;224.7327881;0;0;53.79881287;
42.19491577;100;80;223.6064301;0;0;53.8987999;
42.15433121;100;80;222.3874207;0;0;53.99881363;
42.11054611;100;80;221.2633057;0;0;54.0988121;
42.07033539;100;80;220.0467377;0;0;54.19881058;
42.02694702;100;80;218.9248657;0;0;54.2988205;
41.98710632;100;80;217.7107086;0;0;54.3988533;
41.9441452;100;80;216.5910645;0;0;54.4988327;
41.90465546;100;80;215.379303;0;0;54.59883118;
41.86209106;100;80;214.2618408;0;0;54.69883347;
41.82297516;100;80;213.0524597;0;0;54.79883194;
41.78121948;100;80;211.855896;0;0;54.89884186;
41.74246979;100;80;210.741745;0;0;54.99884033;
41.70067215;100;80;209.5359039;0;0;55.09884262;
41.66228485;100;80;208.4238892;0;0;55.19784546;
41.62089539;100;80;207.3128967;0;0;55.29787064;41.60184479;100;80;206.6652832;0;0;55.34788513;
41.58286667;100;80;206.1104736;0;0;55.39785385;
41.54184723;100;80;205.0016022;0;0;55.49786758;
41.50416565;100;80;203.8014679;0;0;55.59786224;
41.46353531;100;80;202.6946869;0;0;55.69786072;
41.42621613;100;80;201.4968109;0;0;55.79786682;
41.38593674;100;80;200.3921204;0;0;55.89788818;
41.34897614;100;80;199.1964874;0;0;55.99787521;
41.30908966;100;80;198.0938568;0;0;56.09792328;
41.27245331;100;80;196.9004364;0;0;56.19789124;
41.23294067;100;80;195.7998505;0;0;56.29788971;
41.19664383;100;80;194.6086426;0;0;56.397892;
41.15750504;100;80;193.5100708;0;0;56.49790192;
41.12152863;100;80;192.3210297;0;0;56.59790421;
41.08274841;100;80;191.2244568;0;0;56.69789505;
41.04712677;100;80;190.0375977;0;0;56.79790115;
41.00870895;100;80;188.9430084;0;0;56.8979187;
40.9733963;100;80;187.7582703;0;0;56.99790955;
40.93534851;100;80;186.6656494;0;0;57.09792709;
40.90037537;100;80;185.4830475;0;0;57.19791794;
40.86266708;100;80;184.3923645;0;0;57.29792786;
40.82802963;100;80;183.211853;0;0;57.39793015;
40.79065323;100;80;182.1231079;0;0;57.49794769;
40.75634766;100;80;180.9446869;0;0;57.59794998;
40.71931458;100;80;179.8578491;0;0;57.6979332;
40.68530655;100;80;178.6814728;0;0;57.79794693;
40.64865494;100;80;177.5965424;0;0;57.89794159;
40.61494827;100;80;176.4222107;0;0;57.99795151;
40.57862091;100;80;175.3391571;0;0;58.09794617;
40.54524612;100;80;174.1668396;0;0;58.1979599;
40.50925446;100;80;173.0856476;0;0;58.29795074;
40.47617722;100;80;171.9153442;0;0;58.39795685;
40.44052887;100;80;170.8359833;0;0;58.49795914;
40.40775681;100;80;169.6676636;0;0;58.59795761;
40.37242889;100;80;168.5901337;0;0;58.69796371;
40.33996964;100;80;167.4237823;0;0;58.79796982;
40.30497742;100;80;166.348053;0;0;58.89797211;
40.27281189;100;80;165.1836548;0;0;58.99800491;
40.23814392;100;80;164.109726;0;0;59.09798431;
40.20627594;100;80;162.9472504;0;0;59.19797897;
40.17191315;100;80;161.8750916;0;0;59.29798508;
40.14036942;100;80;160.7145386;0;0;59.39798737;
40.10632324;100;80;159.6441345;0;0;59.49799728;
40.0750618;100;80;158.4854736;0;0;59.59799576;
40.0413208;100;80;157.4168091;0;0;59.69799805;
40.0103569;100;80;156.260025;0;0;59.79803467;
39.97693253;100;80;155.1930847;0;0;59.89802933;
39.94623947;100;80;154.0381775;0;0;59.99801254;
39.91314316;100;80;152.9729462;0;0;60.09802628;
39.88272858;100;80;151.81987;0;0;60.19801712;
39.84991837;100;80;150.7563324;0;0;60.2980423;
39.81978607;100;80;149.6050873;0;0;60.39804459;
39.78723526;100;80;148.5432281;0;0;60.4980278;
39.75721359;100;80;147.3937836;0;0;60.59802628;
39.72471619;100;80;146.3336029;0;0;60.69803238;
39.69473267;100;80;145.1859741;0;0;60.79808044;
39.66230011;100;80;144.1274414;0;0;60.89804077;
39.63237;100;80;142.9816132;0;0;60.9980545;
39.5999794;100;80;141.9247589;0;0;61.09804535;
39.57009506;100;80;140.7807312;0;0;61.19804764;
39.53776169;100;80;139.7255402;0;0;61.29805374;
39.50794601;100;80;138.583313;0;0;61.39805984;
39.47568512;100;80;137.5297699;0;0;61.49805832;
39.44590759;100;80;136.389328;0;0;61.59807205;
39.4137001;100;80;135.3374481;0;0;61.69806671;
39.38398743;100;80;134.1988068;0;0;61.79807663;
39.35183334;100;80;133.1485596;0;0;61.89808273;
39.32217407;100;80;132.0117035;0;0;61.99807739;
39.29008484;100;80;130.9631195;0;0;62.09812546;
39.2604866;100;80;129.8280487;0;0;62.19809723;
39.22845459;100;80;128.7811127;0;0;62.29808807;
39.19891739;100;80;127.6478119;0;0;62.39809799;
39.16695786;100;80;126.6025162;0;0;62.49809265;
39.13746643;100;80;125.4710007;0;0;62.59811783;
39.10557556;100;80;124.4273376;0;0;62.69810104;
39.07615662;100;80;123.2975922;0;0;62.79811478;
39.04431915;100;80;122.2555695;0;0;62.89812851;
39.01496887;100;80;121.127594;0;0;62.99811935;
38.98319626;100;80;120.087204;0;0;63.09812164;
38.95389557;100;80;118.9609985;0;0;63.19812775;
38.92221451;100;80;117.9222336;0;0;63.29813004;
38.89297485;100;80;116.7977829;0;0;63.39812088;
38.86135101;100;80;115.7606506;0;0;63.49812317;
38.83219528;100;80;114.6379623;0;0;63.59812927;
38.80063248;100;80;113.6024399;0;0;63.69813156;
38.77153397;100;80;112.4815063;0;0;63.79813766;
38.74004364;100;80;111.4476089;0;0;63.89813995;
38.71101761;100;80;110.3284225;0;0;63.99814606;
38.67960739;100;80;109.2961349;0;0;64.09815979;
38.65064621;100;80;108.1787033;0;0;64.19815826;
38.61930847;100;80;107.1480255;0;0;64.29814911;
38.59041595;100;80;106.0323334;0;0;64.39815521;
38.55916214;100;80;105.0032578;0;0;64.49816132;
38.53035736;100;80;103.8893051;0;0;64.59815979;
38.49916458;100;80;102.8618393;0;0;64.69816589;
38.47040558;100;80;101.7496109;0;0;64.79821777;
38.43931198;100;80;100.7237473;0;0;64.89817047;
38.41064835;100;80;99.61325073;0;0;64.99819183;
38.3796196;100;80;98.588974;0;0;65.09819031;
38.35102081;100;80;97.48020172;0;0;65.19819641;
38.3200798;100;80;96.45751953;0;0;65.29821014;
38.29155731;100;80;95.3504715;0;0;65.39818573;
38.26070023;100;80;94.32937622;0;0;65.49822235;
38.23223495;100;80;93.22403717;0;0;65.5982132;
38.20147705;100;80;92.20452118;0;0;65.69819641;
38.17310333;100;80;91.10089874;0;0;65.79820251;
38.14241791;100;80;90.08296204;0;0;65.89820862;
38.11412048;100;80;88.98104858;0;0;65.99821472;
38.0835228;100;80;87.9646759;0;0;66.09822083;
38.05531693;100;80;86.86446381;0;0;66.1982193;
38.02479553;100;80;85.84967041;0;0;66.2982254;
37.99666977;100;80;84.7458725;0;0;66.39821625;
37.96623611;100;80;83.73791504;0;0;66.49822235;
37.93818283;100;80;82.64109039;0;0;66.59822845;
37.90784454;100;80;81.62941742;0;0;66.69824219;
37.87988663;100;80;80.53427887;0;0;66.79824066;
37.84949493;100;80;79.52416229;0;0;66.89826965;
37.82160187;100;80;78.42545319;0;0;66.99827576;
37.79159546;100;80;77.42214203;0;0;67.09825134;
37.7636528;100;80;76.32511139;0;0;67.19824982;
37.73356628;100;80;75.31809998;0;0;67.29825592;
37.70586014;100;80;74.22799683;0;0;67.39826965;
37.67588043;100;80;73.22251892;0;0;67.4982605;
37.64825439;100;80;72.13408661;0;0;67.5982666;
37.61836624;100;80;71.13014221;0;0;67.69826508;
37.59082031;100;80;70.04337311;0;0;67.79827118;
37.56102753;100;80;69.04096222;0;0;67.89827728;
37.53357315;100;80;67.95584869;0;0;67.9983139;
37.50387192;100;80;66.95497131;0;0;68.09828186;
37.47650146;100;80;65.87150574;0;0;68.19834137;
37.44688797;100;80;64.87214661;0;0;68.29828644;
37.41959763;100;80;63.79033661;0;0;68.39829254;
37.39009476;100;80;62.79249573;0;0;68.49829865;
37.36289215;100;80;61.71232224;0;0;68.59832001;
37.33346558;100;80;60.71599579;0;0;68.69831085;
37.30636215;100;80;59.6374588;0;0;68.7983017;
37.27703857;100;80;58.64263916;0;0;68.89831543;
37.25001144;100;80;57.56573486;0;0;68.99830627;
37.22076416;100;80;56.57241821;0;0;69.09831238;
37.19384003;100;80;55.49714279;0;0;69.19831848;
37.16470718;100;80;54.50532532;0;0;69.29833984;
37.13783264;100;80;53.43166733;0;0;69.39832306;
37.10878754;100;80;52.44134903;0;0;69.49833679;
37.08202744;100;80;51.36930847;0;0;69.59833527;
37.05306244;100;80;50.38047791;0;0;69.69832611;
37.02638245;100;80;49.31004715;0;0;69.79833984;
36.99751663;100;80;48.3227005;0;0;69.89834595;
36.97093201;100;80;47.25387955;0;0;69.99834442;
36.94215393;100;80;46.268013;0;0;70.09835815;
36.91564941;100;80;45.20079422;0;0;70.198349;
36.88695908;100;80;44.21640396;0;0;70.2983551;
36.86052322;100;80;43.15078354;0;0;70.39836884;
36.83195496;100;80;42.16786575;0;0;70.49835968;
36.80560684;100;80;41.10383224;0;0;70.59841156;
36.77709198;100;80;40.12238312;0;0;70.69837952;
36.75083923;100;80;39.05994034;0;0;70.79839325;
36.72244263;100;80;38.07995605;0;0;70.89838409;
36.69625854;100;80;37.01909637;0;0;70.99838257;
36.66793442;100;80;36.04056931;0;0;71.09838104;
36.64185333;100;80;34.9812851;0;0;71.19841003;
36.61362076;100;80;34.00421524;0;0;71.29838562;
36.58761978;100;80;32.9465065;0;0;71.39838409;
36.5594635;100;80;31.97089005;0;0;71.49839783;
36.53353119;100;80;30.91475296;0;0;71.59844208;
36.50548553;100;80;29.94058228;0;0;71.69841003;
36.47962952;100;80;28.88601494;0;0;71.79840088;
36.45166397;100;80;27.91328812;0;0;71.89842224;
36.42589188;100;80;26.86028481;0;0;71.99841309;
36.3980217;100;80;25.88900185;0;0;72.09841919;
36.37307358;100;80;24.83755875;0.2187566757;0;72.19842529;
36.40518188;100;80;23.86763;0.5000152588;0;72.29841614;
36.48176193;100;80;22.82598114;0.8000000119;0;72.39842224;
36.61579132;100;80;21.77172279;0.8514999747;0;72.4984436;
36.78341675;100;80;20.79514694;0.9474999905;0;72.59842682;
37.0440979;100;80;19.73200607;1;0;72.6974411;
37.32024765;100;80;18.74386024;1;0;72.79743958;
37.62070084;100;80;17.74850464;0.9609668255;0;72.89744568;
37.81866455;100;80;16.66213417;0.2343821526;0;72.99744415;
37.80286026;100;80;15.65435791;0;0;73.09745789;
37.72520447;100;80;14.56324673;0;0;73.19748688;
37.67259216;100;80;13.53678513;0;0;73.29745483;
37.59822083;100;80;12.44832993;0;0;73.39746094;
37.4923172;100;80;11.44761658;0;0;73.4974823;
37.43714523;100;80;10.42771053;0;0;73.5974884;
37.34899902;100;80;9.345767975;0;0;73.69747162;
37.2663765;100;80;8.349872589;0;0;73.79747009;
37.19688416;100;80;7.274877071;0;0;73.89752197;
37.12368011;100;80;6.284124851;0;0;73.99747467;
37.05376816;100;80;5.213194847;0;0;74.09750366;
36.97719955;100;80;4.227548122;0;0;74.19749451;
36.90922165;100;80;3.163407087;0;0;74.29749298;
36.83729172;100;80;2.186501026;0;0;74.39749908;
36.77090454;80;60;1.144472003;0;0;74.49749756;
36.69918442;80;60;639.3099365;0;0;74.59749603;
36.63373184;80;60;638.2496338;0;0;74.69750214;
36.56339645;80;60;637.2727661;0;0;74.79750061;
36.49887085;80;60;636.2164307;0;0;74.8975296;
36.42943573;80;60;635.2431641;0;0;74.99751282;
36.36585236;80;60;634.1906738;0;0;75.09754944;
36.29840088;80;60;633.2208862;0.1953184605;0;75.1975174;
36.35587692;80;60;632.1721802;0.8000000119;0;75.2975235;
36.61984253;80;60;631.2019043;0.8000000119;0;75.3975296;
36.85334778;80;60;630.1434326;0.8725000024;0;75.49752808;
37.16078186;80;60;629.1604004;0.9764999747;0;75.59753418;
37.53990936;80;60;628.086792;1;0;75.69754028;
37.97929382;80;60;627.085022;1;0;75.79753876;
38.38260651;80;60;625.9879761;1;0;75.89755249;
38.8202095;80;60;624.9642334;1;0;75.99754333;
39.22605133;80;60;623.8430786;1;0;76.09754944;
39.66640854;80;60;622.796875;1;0;76.19754791;
40.07332993;80;60;621.6513062;1;0;76.29756165;
40.5149765;80;60;620.5825806;1;0;76.39756012;
40.92353821;80;60;619.4124756;1;0;76.497612;
41.36696625;80;60;618.321106;1;0;76.5975647;
41.77694702;80;60;617.1264648;1;0;76.69757843;
42.22164154;80;60;616.0123291;1;0;76.7975769;
42.63273239;80;60;614.7929688;1;0;76.89758301;
43.07864761;80;60;613.6560059;1;0;76.99758148;
43.4908371;80;60;612.4119263;1;0;77.09759521;
43.93793488;80;60;611.2520752;1;0;77.19758606;
44.35126114;80;60;609.9832153;1;0;77.29759979;
44.7995224;80;60;608.800415;1;0;77.39759064;
45.2138443;80;60;607.5065918;1;0;77.49759674;
45.66331863;80;60;606.3008423;1;0;77.59759521;
46.07878494;80;60;604.9820557;1;0;77.69760132;
46.52948761;80;60;603.7532349;1;0;77.79760742;
46.94600677;80;60;602.4094849;1;0;77.89764404;
47.39782333;80;60;601.1574707;1;0;77.997612;
47.81542587;80;60;599.7886353;1;0;78.09761047;
48.2684288;80;60;598.5134888;1;0;78.19762421;
48.68707275;80;60;597.1195068;1;0;78.29763794;
49.1412468;80;60;595.821106;1;0;78.39762878;
49.56097794;80;60;594.4018555;1;0;78.49762726;
50.01625824;80;60;593.0801392;1;0;78.59763336;
50.4370842;80;60;591.6356812;1;0;78.69763184;
50.89356613;80;60;590.2905884;1;0;78.79767609;
51.3154068;80;60;588.8207397;1;0;78.89765167;
51.7730484;80;60;587.4522705;1;0;78.99764252;
52.19596863;80;60;585.9570313;1;0;79.09764862;
52.65471649;80;60;584.5650635;1;0;79.19776154;
53.07859039;80;60;583.0443115;1;0;79.2976532;
53.5385704;80;60;581.6287842;1;0;79.39766693;
53.96354675;80;60;580.0825806;1;0;79.49766541;
54.42453384;80;60;578.6434326;1;0;79.59766388;
54.85059738;80;60;577.0715942;1;0;79.69769287;
55.31278229;80;60;575.6088257;1;0;79.79766846;
55.74090958;80;60;574.0113525;1;0;79.89767456;
56.20628357;80;60;572.5248413;1;0;79.99770355;
56.63756943;80;60;570.9014893;1;0;80.09767914;
57.10639954;80;60;569.3910522;1;0;80.19768524;
57.54076385;80;60;567.7417603;1;0;80.29768372;
58.01303101;80;60;566.2072754;1;0;80.39768982;
58.45061111;80;60;564.5317383;1;0;80.49770355;
58.92631912;80;60;562.9729614;1;0;80.5976944;
59.36711121;80;60;561.2710571;1;0;80.6977005;
59.84627151;80;60;559.6878662;1;0;80.7977066;
60.29030609;80;60;557.9594116;1;0;80.89771271;
60.77301025;80;60;556.3515625;1;0;80.99771118;
61.22016525;80;60;554.5963135;1;0;81.09772491;
61.70641327;80;60;552.9636841;1;0;81.19773102;
62.16226578;80;60;551.1814575;0.8000000119;0;81.29772186;
62.56404114;80;60;549.5238647;0.8000000119;0;81.39772797;
62.88950348;80;60;547.7171631;0.8619999886;0;81.49772644;
63.22642899;80;60;546.0402832;0.9605000019;0;81.5977478;
63.6174469;80;60;544.1777954;1;0;81.69773865;
63.86545563;80;60;542.4815063;1;0;81.79773712;
64.17529297;80;60;540.736084;1;0;81.89774323;
64.45549774;80;60;538.8895874;1;0;81.99776459;
64.7800827;80;60;537.161438;1;0;82.09776306;
65.08152771;80;60;535.2909546;1;0;82.19775391;
65.40151978;80;60;533.5554199;1;0;82.29776001;
65.6934433;80;60;531.6663208;1;0;82.39775848;
66.01245117;80;60;529.9145508;1;0;82.49776459;
66.30834198;80;60;528.0078735;1;0;82.59778595;
66.62806702;80;60;526.239624;1;0;82.69776917;
66.92293549;80;60;524.3151245;1;0;82.7977829;
67.24280548;80;60;522.5304565;1;0;82.89777374;
67.53822327;80;60;520.5881958;1;0;82.99777985;
67.85832977;80;60;518.7871704;1;0;83.09777832;
68.15383911;80;60;516.8271484;1;0;83.19780731;
68.47405243;80;60;515.0096436;1;0;83.29779053;
68.76977539;80;60;513.0317993;1;0;83.39779663;
69.09015656;80;60;511.1979065;1;0;83.4977951;
69.38604736;80;60;509.2022705;1;0;83.59780121;
69.70661163;80;60;507.3519287;1;0;83.69781494;
70.00257111;80;60;505.338501;1;0;83.79782867;
70.32330322;80;60;503.4717102;1;0;83.89781952;
70.61946106;80;60;501.4404602;1;0;83.99781799;
70.94031525;80;60;499.557251;1;0;84.09781647;
71.23666382;80;60;497.5081482;1;0;84.19782257;
71.55767059;80;60;495.6084595;1;0;84.29782104;
71.85404968;80;60;493.5415649;1;0;84.39783478;
72.17527771;80;60;491.6253967;1;0;84.49783325;
72.4717865;80;60;489.5406494;1;0;84.59783173;
72.79308319;80;60;487.6080322;1;0;84.69783783;
73.08981323;80;60;485.5054321;1;0;84.79785919;
73.41122437;80;60;483.5563049;1;0;84.89784241;
73.70806122;80;60;481.4358521;1;0;84.99784851;
74.02960968;80;60;479.4702759;1;0;85.09784698;
74.32654572;80;60;477.3319397;1;0;85.19787598;
74.64827728;80;60;475.3498535;1;0;85.29786682;
74.94549561;80;60;473.1936646;1;0;85.39787292;
75.26807404;80;60;471.1950684;1;0;85.4978714;
75.56619263;80;60;469.0209656;1;0;85.59788513;
75.88967896;80;60;467.0058289;1;0;85.69787598;
76.18823242;80;60;464.8137817;1;0;85.79787445;
76.51138306;80;60;462.7820435;1;0;85.89788818;
76.81007385;80;60;460.5720215;1;0;85.99787903;
77.13382721;80;60;458.5236816;1;0;86.09789276;
77.43302917;80;60;456.2956543;1;0;86.19791412;
77.7575531;80;60;454.2307129;1;0;86.29790497;
78.05734253;80;60;451.9847412;1;0;86.39791107;
78.38296509;80;60;449.9032593;1;0;86.49789429;
78.68511963;80;60;447.6393738;1;0;86.59789276;
79.01370239;80;60;445.5413513;1;0;86.69789886;
79.31718445;80;60;443.2594604;1;0;86.7979126;
79.64646149;80;60;441.1447449;1;0;86.89792633;
79.95095825;80;60;438.8446655;1;0;86.99794006;
80.28102112;80;60;436.7130127;1;0;87.09791565;
80.58600616;80;60;434.3945313;1;0;87.19792175;
80.91697693;80;60;432.2458496;1;0;87.29793549;
81.22298431;80;60;429.908844;1;0;87.39792633;
81.55487061;80;60;427.7430725;1;0;87.49793243;
81.86159515;80;60;425.3875732;1;0;87.59793854;
82.19448853;80;60;423.2046814;1;0;87.69793701;
82.50221252;80;60;420.8305969;1;0;87.79795074;
82.83598328;80;60;418.6305542;1;0;87.89794922;
83.14459991;80;60;416.237854;1;0;87.99794769;
83.46008301;80;60;413.7660522;1;0;88.09799194;
83.79545593;80;60;411.5628662;0.9825000167;0;88.19798279;
84.07978821;80;60;409.328186;0.4375133514;0;88.297966;
84.13656616;80;60;406.8995056;0;0;88.39797211;
84.05953979;80;60;404.6567383;0;0;88.49797058;
83.94685364;80;60;402.2292175;0;0;88.59796143;
83.82743835;80;60;399.9909363;0;0;88.69797516;
83.68579102;80;60;397.5697632;0;0;88.79797363;
83.55217743;80;60;395.3384399;0;0;88.89797974;
83.40764618;80;60;392.9251404;0;0;88.99797821;
83.27482605;80;60;390.7012329;0;0;89.09799194;
83.13116455;80;60;388.2960205;0;0;89.19800568;
82.99925232;80;60;386.0795288;0;0;89.29799652;
82.85630798;80;60;383.6824036;0;0;89.39800262;
82.72229767;80;60;381.4734192;0;0;89.4980011;
82.57607269;80;60;379.0843811;0;0;89.59801483;
82.43998718;80;60;376.8828125;0;0;89.69802094;
82.29281616;80;60;374.5016785;0;0;89.79801941;
82.14361572;80;60;372.3301697;0;0;89.89801025;
82.00575256;80;60;369.9569702;0;0;89.99801636;
81.85838318;80;60;367.7700806;0;0;90.09801483;
81.72506714;80;60;365.4050598;0;0;90.197052;
81.592659;80;60;363.2258301;0;0;90.29705811;
81.44969177;80;60;360.8692017;0;0;90.39704132;
81.31829834;80;60;358.6977234;0;0;90.49703979;
81.17679596;80;60;356.3495178;0;0;90.59703064;
81.04762268;80;60;354.1858215;0;0;90.697052;
80.90852356;80;60;351.8459778;0;0;90.79703522;
80.78038025;80;60;349.6899719;0;0;90.89704132;
80.64188385;80;60;347.3583374;0;0;90.99705505;
80.51441193;80;60;345.2097778;0;0;91.09705353;
80.37647247;80;60;342.8861084;0;0;91.19705963;
80.24936676;80;60;340.7448425;0;0;91.29705811;
80.11193085;80;60;338.4290466;0;0;91.39707184;
79.98531342;80;60;336.2949524;0;0;91.49707031;
79.84835052;80;60;333.9869385;0;0;91.59706879;
79.72212219;80;60;331.8600159;0;0;91.69707489;
79.58561707;80;60;329.5597229;0;0;91.79707336;
79.45981598;80;60;327.4399414;0;0;91.8970871;
79.32378387;80;60;325.1473694;0;0;91.99708557;
79.19841003;80;60;323.0346985;0;0;92.09709167;
79.06282806;80;60;320.7498169;0;0;92.19709015;
78.93789673;80;60;318.6442261;0;0;92.29709625;
78.80276489;80;60;316.3670044;0;0;92.39710236;
78.67826843;80;60;314.2685242;0;0;92.49712372;
78.54360962;80;60;311.9989624;0;0;92.59711456;
78.41952515;80;60;309.9075012;0;0;92.69710541;
78.28530884;80;60;307.6455994;0;0;92.79711151;
78.16163635;80;60;305.5611877;0;0;92.89710999;
78.0279007;80;60;303.3068848;0;0;92.99712372;
77.9046402;80;60;301.2295227;0;0;93.09712219;
77.77134705;80;60;298.9828186;0;0;93.19712067;
77.64851379;80;60;296.9124451;0;0;93.29712677;
77.51566315;80;60;294.6733093;0;0;93.39713287;
77.39323425;80;60;292.6099243;0;0;93.49714661;
77.26084137;80;60;290.3783875;0;0;93.59714508;
77.13882446;80;60;288.3219604;0;0;93.69718933;
77.00688934;80;60;286.0979614;0;0;93.79714203;
76.88526154;80;60;284.0484924;0;0;93.89714813;
76.75377655;80;60;281.8320313;0;0;93.99715424;
76.63256073;80;60;279.7895203;0;0;94.09715271;
76.50150299;80;60;277.5805664;0;0;94.19716644;
76.37945557;80;60;275.5449829;0;0;94.29715729;
76.24234009;80;60;273.3435059;0;0;94.39717102;
76.11467743;80;60;271.3148193;0;0;94.49716949;
75.97107697;80;60;269.1205444;0;0;94.59716797;
75.81912994;80;60;267.098175;0;0;94.69717407;
75.64086151;80;60;264.9109497;0;0;94.79717255;
75.47663116;80;60;262.8954773;0;0;94.89720154;
75.30377197;80;60;260.7158203;0;0;94.99720764;
75.14736176;80;60;258.7074585;0;0;95.09719849;
74.97825623;80;60;256.5362549;0;0;95.19721222;
74.82382202;80;60;254.5366821;0;0;95.29724884;
74.66072083;80;60;252.3759308;0;0;95.39722443;
74.52089691;80;60;250.3867188;0;0;95.49720001;
74.3822403;80;60;248.2375946;0;0;95.59720612;
74.26262665;80;60;246.259201;0;0;95.69720459;
74.13619995;80;60;244.1215973;0;0;95.79721069;
74.0193634;80;60;242.153183;0;0;95.89720917;
73.89060211;80;60;240.0252533;0;0;95.99721527;
73.76205444;80;60;238.0645752;0;0;96.09722137;
73.6082077;80;60;235.9441223;0;0;96.19721985;
73.46279144;80;60;233.9898376;0;0;96.29724884;
73.31645203;80;60;231.8754578;0;0;96.39723206;
73.19005585;80;60;229.9155426;0;0;96.49723053;
73.05400085;80;60;227.8054199;0;0;96.59723663;
72.92961884;80;60;225.8700714;0;0;96.69723511;
72.79751587;80;60;223.7653046;0;0;96.79724121;
72.6763916;80;60;221.8252563;0;0;96.89724731;
72.54546356;80;60;219.7267303;0;0;96.99724579;
72.4245224;80;60;217.7826233;0;0;97.09726715;
72.29506683;80;60;215.6907806;0;0;97.19725037;
72.17578125;80;60;213.7630157;0;0;97.2972641;
72.04673004;80;60;211.6780853;0;0;97.39726257;
71.92790985;80;60;209.7568207;0;0;97.49726868;
71.79943848;80;60;207.6790771;0;0;97.59732056;
71.68107605;80;60;205.7645569;0;0;97.69728088;
71.55310059;80;60;203.6942444;0;0;97.79727936;
71.43519592;80;60;201.7867279;0;0;97.89727783;
71.30775452;80;60;199.7241364;0;0;97.99728394;
71.19028473;80;60;197.8238525;0;0;98.09729004;
71.06334686;80;60;195.7692719;0;0;98.19728851;
70.94632721;80;60;193.8765259;0;0;98.29729462;
70.81984711;80;60;191.830246;0;0;98.39729309;
70.70336151;80;60;189.9453278;0;0;98.49729919;
70.57739258;80;60;187.9076691;0;0;98.59731293;
70.46130371;80;60;186.0308685;0;0;98.69731903;
70.33581543;80;60;184.002182;0;0;98.79730988;
70.22019196;80;60;182.1338196;0;0;98.89731598;
70.09521484;80;60;180.1144714;0;0;98.99731445;
69.9800415;80;60;178.2548828;0;0;99.09733582;
69.85549927;80;60;176.2452393;0;0;99.19732666;
69.74082947;80;60;174.3948059;0;0;99.29732513;
69.61675262;80;60;172.3952637;0;0;99.39733124;
69.50255585;80;60;170.5543518;0;0;99.49734497;
69.37891388;80;60;168.5653687;0;0;99.59733582;
69.26517487;80;60;166.7344055;0;0;99.69736481;
69.14207458;80;60;164.756424;0;0;99.79734039;
69.02763367;80;60;162.9358521;0;0;99.89735413;
68.90489197;80;60;160.9693909;0;0;99.99738312;
68.79196167;80;60;159.1596832;0;0;100.0973587;
68.69239807;80;60;157.2052612;0.8515884876;0;100.1973572;
68.81653595;80;60;155.4059448;1;0;100.2973633;
69.04948425;80;60;153.4555359;1;0;100.3973923;
69.1887207;80;60;151.6525269;0;0;100.4973679;
69.11967468;80;60;149.6996918;0;0;100.597374;
69.00803375;80;60;147.9019165;0;0;100.6973724;
68.87867737;80;60;145.9598999;0;0;100.7973785;
67.82048035;80;60;144.1719971;0;100;100.8973846;
65.0451355;80;60;142.2744904;0;100;100.9973831;
62.39318466;80;60;140.5915833;0;100;101.0973892;
59.50861359;80;60;138.8394775;0;100;101.1973877;
56.99745941;80;60;137.2893982;0;100;101.2973938;
54.38870239;80;60;135.6799164;0;100;101.3973923;
51.99432373;80;60;134.2563019;0;100;101.4973984;
49.41035843;80;60;132.7810822;0;100;101.5974045;
47.05900574;80;60;131.4811249;0;100;101.6974106;
44.56233978;80;60;130.1392822;0;100;101.7974319;
42.30868149;80;60;128.9612885;0;100;101.8974075;
39.92889404;80;60;127.7498016;0;100;101.9974213;
37.79514313;80;60;126.6901093;0;100;102.0974197;
35.55338287;80;60;125.6042252;0;100;102.1974258;
33.55317307;80;60;124.6578598;0;100;102.2974243;
31.46021843;80;60;123.6916428;0;100;102.3974304;
29.59464073;80;60;122.8527145;0;100;102.4974518;
27.64298439;80;60;121.9995728;0;100;102.597435;
25.9023037;80;60;121.2619476;0;100;102.6974487;
24.07996368;80;60;120.5152359;0;100;102.7974396;
22.45335388;80;60;119.8728409;0;100;102.8974609;
20.74824524;80;60;119.2260895;0;100;102.9974518;
19.22487831;80;60;118.6730499;0;100;103.0974579;
17.62717628;80;60;118.1200104;0;100;103.197464;
16.20145607;80;60;117.6507111;0;100;103.2974701;
14.71420193;80;60;117.1853638;0;100;103.3974762;
13.39176369;80;60;116.7940826;0;100;103.497467;
12.01073456;80;60;116.4100723;0;100;103.5974808;
10.78100872;80;60;116.0910645;0;100;103.6975021;
9.49484539;80;60;115.7824631;0;100;103.7974701;
8.348944664;80;60;115.5305405;0;100;103.8974838;
7.151498795;80;60;115.2920074;0;100;103.9974823;
6.085771561;80;60;115.1024017;0;100;104.0974884;
4.973841667;80;60;114.928894;0;100;104.1975021;
3.982012272;80;60;114.797081;0;100;104.2975159;
2.967062712;80;60;114.6839294;0;100;104.3975143;
2.28343606;80;60;114.6047821;0;100;104.4974976;
1.797540426;80;60;114.5386505;0;100;104.5975037;
1.49895215;80;60;114.4899063;0;100;104.6975098;
1.275892019;80;60;114.4462738;0;91.01687622;104.7975082;
1.133317828;80;60;114.4118652;0;66.40675354;104.897522;
1.028502941;80;60;114.3789368;0;13.4907074;104.9975128;
1.117375135;80;60;114.3509064;0;0;105.0975189;
1.255830288;80;60;114.3178024;0;0;105.197525;
1.380007267;80;60;114.2841568;0;0;105.2975235;
1.510186434;80;60;114.2443161;0;0;105.3975296;
1.627715111;80;60;114.2042084;0;0;105.4975433;
1.751961946;80;60;114.1573105;0;0;105.5975571;
1.863573074;80;60;114.110939;0;0;105.6975403;
1.981398702;80;60;114.0574112;0;0;105.7975769;
2.087445021;80;60;114.0050278;0;0;105.8975525;
2.199358463;80;60;113.9451523;0;0;105.9975815;
2.299979687;80;60;113.8870544;0;0;106.0975571;
2.406082869;80;60;113.8211441;0;0;106.1975555;
2.501413584;80;60;113.7576294;0;0;106.2975693;
2.601982832;80;60;113.6859894;0;0;106.3975677;
2.692327738;80;60;113.6173248;0;0;106.4975662;
2.787541866;80;60;113.5402832;0;0;106.59758;
2.87310195;80;60;113.4667587;0;0;106.6975784;
2.963329792;80;60;113.3845749;0;0;106.7976074;
3.044351816;80;60;113.3064499;0;0;106.897583;
3.129841328;80;60;113.2194214;0;0;106.9975815;
3.206608534;80;60;113.13694;0;0;107.0975952;
3.287601948;80;60;113.0453262;0;0;107.1975937;
3.359612942;80;60;112.958725;0;0;107.2975998;
3.436378479;80;60;112.8637085;0;0;107.3975983;
3.511010885;80;60;112.7732315;0;0;107.4976044;
3.578006029;80;60;112.6732025;0;0;107.5976105;
3.643299103;80;60;112.5790482;0;0;107.6966095;
3.71208024;80;60;112.4751358;0;0;107.796608;
3.773880959;80;60;112.3775101;0;0;107.8966141;
3.838999033;80;60;112.2699432;0;0;107.9966125;
3.897534132;80;60;112.1690369;0;0;108.0966187;
3.959207773;80;60;112.0580215;0;0;108.1966324;
4.014619827;80;60;111.9540253;0;0;108.2966309;
4.073088646;80;60;111.8397522;0;0;108.3966293;
4.125598907;80;60;111.7328262;0;0;108.4966431;
4.180996418;80;60;111.6154785;0;0;108.5966339;
4.230788231;80;60;111.5057983;0;0;108.69664;
4.283337593;80;60;111.3855515;0;0;108.7966614;
4.330543995;80;60;111.2732697;0;0;108.8966827;
4.380342007;80;60;111.1502838;0;0;108.996666;
4.42508316;80;60;111.0355453;0;0;109.0966644;
4.47313118;80;60;110.9099731;0;0;109.1966705;
4.515478611;80;60;110.7904739;0;0;109.2966614;
4.560070515;80;60;110.6723404;0;0;109.3966675;
4.600082874;80;60;110.5431976;0;0;109.4966888;
4.642217159;80;60;110.4229584;0;0;109.5966797;
4.68000412;80;60;110.2916031;0;0;109.6966705;
4.719764233;80;60;110.1693802;0;0;109.7966766;
4.755387306;80;60;110.0359497;0;0;109.8966751;
4.792849541;80;60;109.9118729;0;0;109.9966812;
4.82649374;80;60;109.7765045;0;0;110.0967102;
4.861953259;80;60;109.6506958;0;0;110.1966934;
4.893795967;80;60;109.5135117;0;0;110.2966919;
4.927339554;80;60;109.3860779;0;0;110.396698;
4.957406044;80;60;109.2471848;0;0;110.4967041;
4.989080906;80;60;109.1182251;0;0;110.5967407;
5.017532825;80;60;108.9777451;0;0;110.6967087;
5.047507763;80;60;108.8473663;0;0;110.7967072;
5.074406147;80;60;108.7053986;0;0;110.8967133;
5.102723122;80;60;108.5736923;0;0;110.9967194;
5.128093243;80;60;108.4303284;0;0;111.0967178;
5.154874802;80;60;108.2973862;0;0;111.1967468;
5.178627014;80;60;108.1527328;0;0;111.2967453;
5.203680992;80;60;108.0186462;0;0;111.3967361;
5.226078033;80;60;107.8727951;0;0;111.4967499;
5.249700069;80;60;107.7369461;0;0;111.5967407;
5.270710945;80;60;107.5899963;0;0;111.6967468;
5.292631149;80;60;107.4545822;0;0;111.7967453;
5.312434673;80;60;107.3066254;0;0;111.8967438;
5.333156586;80;60;107.1688919;0;0;111.9967575;
5.35170269;80;60;107.0200043;0;0;112.096756;
5.371180058;80;60;106.8821716;0;0;112.1967545;
5.388609409;80;60;106.7324295;0;0;112.2967606;
5.4069314;80;60;106.5938416;0;0;112.3967667;
5.423323631;80;60;106.4433212;0;0;112.4967804;
5.440532684;80;60;106.3040466;0;0;112.5967712;
5.455943108;80;60;106.1528168;0;0;112.6967697;
5.472123146;80;60;106.0129242;0;0;112.7967834;
5.486606598;80;60;105.8610458;0;0;112.8967819;
5.50180769;80;60;105.7205811;0;0;112.996788;
5.515429974;80;60;105.5681305;0;0;113.0967865;
5.529730797;80;60;105.4271545;0;0;113.1968155;
5.542532444;80;60;105.2741776;0;0;113.2968292;
5.555994034;80;60;105.1327438;0;0;113.3967972;
5.568052292;80;60;104.9793015;0;0;113.4968109;
5.580709934;80;60;104.8374634;0;0;113.5968018;
5.592050076;80;60;104.6836014;0;0;113.6968307;
5.603976727;80;60;104.5413971;0;0;113.7968445;
5.614675999;80;60;104.3871689;0;0;113.896843;
5.625911713;80;60;104.2446518;0;0;113.9968185;
5.635983944;80;60;104.0900955;0;0;114.0968552;
5.64657259;80;60;103.9473038;0;0;114.1968384;
5.656087875;80;60;103.7924728;0;0;114.2968216;
5.666087627;80;60;103.6494446;0;0;114.3968353;
5.67504549;80;60;103.4943771;0;0;114.4968338;
5.684487343;80;60;103.3511505;0;0;114.5968475;
5.692967415;80;60;103.1958923;0;0;114.6968384;
5.701884747;80;60;103.0524979;0;0;114.7968521;
5.709876537;80;60;102.8970795;0;0;114.8968506;
5.718298435;80;60;102.7535477;0;0;114.9968491;
5.725848198;80;60;102.5980072;0;0;115.0968628;
5.733818054;80;60;102.4543839;0;0;115.1968613;
5.740945339;80;60;102.2987518;0;0;115.2968826;
5.748452187;80;60;102.1550598;0;0;115.3968658;
5.755177498;80;60;101.9993668;0;0;115.4968719;
5.762274265;80;60;101.8556442;0;0;115.5968933;
5.768603325;80;60;101.6999283;0;0;115.6968765;
5.775272369;80;60;101.5561905;0;0;115.796875;
5.781244278;80;60;101.4004822;0;0;115.896904;
5.787515163;80;60;101.2567673;0;0;115.9969025;
5.79314518;80;60;101.1010895;0;0;116.0969009;
5.79903698;80;60;100.9574203;0;0;116.1969452;
5.80432272;80;60;100.8018112;0;0;116.2968979;
5.809847355;80;60;100.6582184;0;0;116.396904;
5.814809322;80;60;100.5027008;0;0;116.4969025;
5.820012093;80;60;100.3592072;0;0;116.5969162;
5.82463789;80;60;100.2038116;0;0;116.6969147;
5.829507828;80;60;100.0604324;0;0;116.7969131;
5.833848476;80;60;99.90518951;0;0;116.8969193;
5.838412285;80;60;99.76196289;0;0;116.9969254;
5.842474461;80;60;99.60688782;0;0;117.0969467;
5.84672308;80;60;99.46382904;0;0;117.1969223;
5.850518703;80;60;99.30895233;0;0;117.2969437;
5.854512691;80;60;99.16609192;0;0;117.3969574;
5.858044147;80;60;99.01143646;0;0;117.4969482;
5.861755371;80;60;98.86878204;0;0;117.5969391;
5.865059376;80;60;98.71437073;0;0;117.6969376;
5.868516922;80;60;98.57196045;0;0;117.7969513;
5.871620655;80;60;98.41781616;0;0;117.8969498;
5.87484169;80;60;98.27565765;0;0;117.9969559;
5.877711773;80;60;98.12180328;0;0;118.0969543;
5.880705357;80;60;97.97991943;0;0;118.1969604;
5.883378506;80;60;97.82637024;0;0;118.2969666;
5.886185646;80;60;97.68478394;0;0;118.396965;
5.888667583;80;60;97.53156281;0;0;118.4969635;
5.89125824;80;60;97.39028931;0;0;118.5969772;
5.8935709;80;60;97.23741913;0;0;118.6969757;
5.895987988;80;60;97.09647369;0;0;118.7969971;
5.898152351;80;60;96.94396973;0;0;118.8969803;
5.900399208;80;60;96.80336761;0;0;118.9969864;
5.902387142;80;60;96.65124512;0;0;119.0970383;
5.904475212;80;60;96.51101685;0;0;119.1970062;
5.906347752;80;60;96.35929871;0;0;119.2969971;
5.908277512;80;60;96.21944427;0;0;119.3970032;
5.909995556;80;60;96.06814575;0;0;119.4970093;
5.911787987;80;60;95.92868042;0;0;119.5970078;
5.913378716;80;60;95.77781677;0;0;119.6970139;
5.915070534;80;60;95.63877106;0;0;119.7970123;
5.916543484;80;60;95.48835754;0;0;119.8970184;
5.91808033;80;60;95.34973145;0;0;119.9970322;
5.919460773;80;60;95.19979095;0;0;120.0970535;
5.9208951;80;60;95.06159973;0;0;120.1970367;
5.922183514;80;60;94.91213989;0;0;120.2970352;
5.923514843;80;60;94.77440643;0;0;120.3970413;
5.924689293;80;60;94.6254425;0;0;120.4970474;
5.925918579;80;60;94.48817444;0;0;120.5970383;
5.927017212;80;60;94.33972168;0;0;120.697052;
5.928170204;80;60;94.20293427;0;0;120.7970505;
5.929177761;80;60;94.05500793;0;0;120.897049;
5.930234432;80;60;93.9187088;0;0;120.9970779;
5.931171894;80;60;93.77132416;0;0;121.0970612;
5.932147503;80;60;93.63552856;0;0;121.1970749;
5.933033943;80;60;93.48870087;0;0;121.2971115;
5.933945656;80;60;93.35342407;0;0;121.3970642;
5.934754848;80;60;93.20716095;0;0;121.4970703;
5.935583115;80;60;93.07241058;0;0;121.597084;
5.936329365;80;60;92.92672729;0;0;121.6970749;
5.937132835;80;60;92.79251862;0;0;121.797081;
5.93781805;80;60;92.64742279;0;0;121.8970795;
5.938536167;80;60;92.51377106;0;0;121.9970932;
5.939172745;80;60;92.36928558;0;0;122.0970993;
5.939842701;80;60;92.23619843;0;0;122.1971054;
5.940446854;80;60;92.0923233;0;0;122.2970963;
5.941063404;80;60;91.95981598;0;0;122.3971024;
5.941605568;80;60;91.8165741;0;0;122.4971085;
5.942185402;80;60;91.68464661;0;0;122.5971069;
5.942687988;80;60;91.54205322;0;0;122.6971359;
5.943236351;80;60;91.41072083;0;0;122.7971191;
5.943701744;80;60;91.26878357;0;0;122.8971329;
5.944176197;80;60;91.13806152;0;0;122.9971695;
5.944626331;80;60;90.99678802;0;0;123.0971222;
