sep=;
unknown1; unknown2; currentSpeed; currentLimit; nextLimit; distance; gaspedal; brakepedal; timestamp

0.2052906305;100;80;900;0;0;0.04999573901;-7.203303085e-006;1.874992847;0.2888388932;100;80;512.0557861;0;0;0.09999456257;-8.953104953e-006;1.874991059;
0;0;0.1499923468;-6.687729183e-006;1.874993324;0.4596656561;100;80;512.0470581;0;0;0.2000024617;-9.991301795e-007;
0.2499961555;5.660921943e-006;1.875005603;0.6099124551;100;80;512.0333252;0;0;0.300000608;
0.3500137925;1.729710129e-005;1.875017285;0.7635267973;100;80;512.0172729;0;0;0.4000141621;
2.407394459e-005;1.87502408;0.8991453648;100;80;
1.042464495;100;80;511.9718018;0;
3.749864845e-005;1.875037551;1.171314716;100;80;511.9419861;0;
0.7500177026;4.864706352e-005;1.875048637;1.307154179;100;80;511.9108582;0;0;0.8000216484;5.588635759e-005;
0;0.8500214815;6.264226977e-005;1.875062585;1.429416656;100;80;511.8733215;0;0;0.9000254273;
0.9500253201;7.681237184e-005;1.875076771;1.558442116;100;80;511.8352661;0;0;1.000034332;8.690523828e-005;1.875086904;
0;0;1.05004096;9.676738409e-005;1.875096798;1.674444437;100;80;511.7904358;0;0;
1.150033951;0.0001196426892;1.875119686;1.797011137;100;80;511.7458191;0;0;1.200046659;0.0001343858166;
0.000148021034;1.875148058;1.907244563;100;80;511.6940918;0;0;1.300047278;
1.350044608;0.0001799882593;1.875180006;2.023608923;100;80;511.6432495;0;0;1.400043964;0.0002013263002;
1.450044751;0.0002212940599;1.875221252;2.128277779;100;80;511.5849609;0;0;1.500050783;
0.0002660980681;1.875266075;2.23879838;100;80;511.5282288;0;0;1.600053549;0.0002950513444;1.875295043;
0;1.650058508;0.0003219513746;1.875321984;2.338129282;100;80;511.4636841;0;0;1.700055361;0.0003505776403;1.875350595;
1.750060797;0.0003814062511;1.875381351;2.442872286;100;80;511.4013672;0;0;1.800061703;0.0004203123972;
0;0;1.850074887;0.0004561091482;1.875456095;2.537086725;100;80;511.3309326;0;0;1.900073647;
1.950064301;0.0005338815972;1.875533938;2.636387825;100;80;511.2633057;0;0;2.000065804;0.0005839309888;
0;2.050067663;0.0006286571734;1.87562871;2.724642038;100;80;511.1880188;0;0;
2.818793058;100;80;511.1092224;0;0;
0;2.250085354;0.0008485725266;1.875848532;2.90333724;100;80;511.0340576;0;0;2.300084352;
2.992462158;100;80;510.9501038;0;0;2.399082184;0.001050304039;1.876050353;
3.072616577;100;80;510.8703308;0;0;2.499088049;0.001194560202;1.876194596;
3.157074451;100;80;510.7884216;0;0;2.599103689;0.001366566285;1.876366615;
3.233030319;100;80;510.6973267;0;0;2.699094057;0.001540378318;1.876540422;
3.313091278;100;80;510.6111145;0;0;2.799101353;0.001745862886;1.87674582;
3.385089397;100;80;510.5155029;0;0;2.899107695;0.001952336403;1.876952291;
3.460980892;100;80;510.4252625;0;0;2.999104977;0.002194534522;1.877194524;
3.529201746;100;80;510.3253784;0;0;3.099113941;0.002436409472;1.877436399;
3.601099968;100;80;510.2312622;0;0;3.199112415;0.002718530362;1.877718568;
3.665646791;100;80;510.1273499;0;0;3.299128056;0.002998535754;1.87799859;
3.733739138;100;80;510.0296021;0;0;3.399121761;0.003323412966;1.878323436;
3.794867039;100;80;509.9218445;0;0;3.499125481;0.003644185374;1.878644228;
3.8593328;100;80;509.8206482;0;0;3.599130392;0.004014695063;1.87901473;
3.917251348;100;80;509.7092285;0;0;3.699131489;0.00437888829;1.879378915;
3.978318453;100;80;509.6047974;0;0;3.799144983;0.004797841422;1.879797816;
4.033208847;100;80;509.4899292;0;0;3.899137974;0.005207926501;1.880207896;
4.091112137;100;80;509.3824158;0;0;3.999152184;0.005674547981;1.880674601;
4.143164158;100;80;509.2642822;0;0;4.099155903;0.006126881111;1.881126881;
4.198043823;100;80;509.1538086;0;0;4.199155807;0.006628788076;1.881628752;
4.247411251;100;80;509.0326233;0;0;4.299155235;0.007099819835;1.882099867;
4.299471378;100;80;508.9193726;0;0;4.399163246;0.007622594479;1.8826226;
4.346273422;100;80;508.7952271;0;0;4.499166012;0.008117956109;1.883117914;
4.395658493;100;80;508.6793213;0;0;4.59916687;0.008667553775;1.883667588;
4.440000057;100;80;508.5523987;0;0;4.699176311;0.009185916744;1.88418591;
4.486794472;100;80;508.434021;0;0;4.799181938;0.009760467336;1.884760499;
4.528782368;100;80;508.3044739;0;0;4.899188042;0.01030276623;1.885302782;
4.573582172;100;80;508.1836853;0.06250190735;0;4.999185085;0.01090310141;1.88590312;
4.626698017;100;80;508.0516052;0.1406292915;0;5.099205971;0.01147014741;1.886470199;
4.716625214;100;80;507.9281616;0.3046967983;0;5.199200153;0.01210165303;1.88710165;
4.873957634;100;80;507.7917786;0.429700613;0;5.299402237;0.01270738523;1.887707353;
5.17398119;100;80;507.6613159;0.4609515667;0;5.399209023;0.01340423804;1.88840425;
5.585168839;100;80;507.5114136;0.5547044277;0;5.499209404;0.01410669833;1.88910675;
6.213610172;100;80;507.3615723;0.6484572887;0;5.599211216;0.01494455617;1.889944553;
7.002013683;100;80;507.1813965;0.6484572887;0;5.699214458;0.01583149657;1.89083147;
8.033626556;100;80;506.9930725;0.6640827656;0;5.79924345;0.01694434695;1.891944289;
9.110882759;100;80;506.760498;0.6640827656;0;5.899216652;0.01814008318;1.893140078;
10.35342312;100;80;506.5161438;0.6484572887;0;5.999220848;0.01964560151;1.894645572;
11.5184288;100;80;506.2172546;0.6328318119;0;6.099226475;0.02124831267;1.896248341;
12.76095581;100;80;505.9093628;0.6250190735;0;6.199231148;0.02324235439;1.898242354;
13.85199738;100;80;505.5418396;0.6250190735;0;6.29923296;0.02529866807;1.900298715;
15.00226498;100;80;505.1703186;0.6250190735;0;6.399268627;0.02781549469;1.902815461;
16.04433441;100;80;504.7380676;0.6093935966;0;6.499242306;0.03038613126;1.90538609;
17.14655685;100;80;504.3100586;0.6093935966;0;6.599254608;0.03346572816;1.908465743;
18.0993309;100;80;503.815918;0.6093935966;0;6.699249268;0.03655955568;1.911559582;
19.05142975;100;80;503.3335571;0.6093935966;0;6.799259663;0.04015107825;1.915151119;
20.20888519;100;80;502.7844238;0.5937681198;0;6.899255753;0.04356151074;1.918561459;
21.50076103;100;80;502.2437134;0.5937681198;0;6.999268055;0.047359135;1.922359109;
21.9864769;100;80;501.6243286;0.5937681198;0;7.099275589;0.05080686882;1.92580688;
22.43469238;100;80;501.0413513;0.5937681198;0;7.199269295;0.05446331948;1.929463267;
22.88755035;100;80;500.3947754;0.5937681198;0;7.299274445;0.05776837841;1.932768345;
23.37214851;100;80;499.7843018;0.5937681198;0;7.399275303;0.06124426425;1.936244249;
23.8052063;100;80;499.1101074;0.5937681198;0;7.499279022;0.06434243172;1.93934238;
24.27768135;100;80;498.475647;0.5937681198;0;7.59927845;0.06757094711;1.942570925;
24.72620201;100;80;497.7748718;0.6093935966;0;7.699287891;0.0704240799;1.94542408;
25.23085976;100;80;497.115509;0.6250190735;0;7.799293518;0.07336768508;1.948367715;
25.70820999;100;80;496.387146;0.6328318119;0;7.899297237;0.07594002038;1.950940013;
26.22816086;100;80;495.7015381;0.6328318119;0;7.999307156;0.07855823636;1.953558207;
26.72264099;100;80;494.9443359;0.6484572887;0;8.099305153;0.08080855757;1.95580852;
27.44533539;100;80;494.2309265;0.6484572887;0;8.199309349;0.0830604881;1.958060503;
28.02381516;100;80;493.4382019;0.6484572887;0;8.299315453;0.08495716751;1.959957123;
28.55917931;100;80;492.6911316;0.6797082424;0;8.399313927;0.08679438382;1.961794376;
28.99511719;100;80;491.8670654;0.6640827656;0;8.499332428;0.08827497065;1.963274956;
29.36689186;100;80;491.0942688;0.6797082424;0;8.599327087;0.08962380886;1.964623809;
29.70816422;100;80;490.2467041;0.6797082424;0;8.699328423;0.09062284231;1.965622783;
30.07995224;100;80;489.4545898;0.6797082424;0;8.79932785;0.09142509103;1.966425061;
30.42388153;100;80;488.5860901;0.6875209808;0;8.899333;0.09189533442;1.966895342;
30.80124855;100;80;487.7748108;0.6875209808;0;8.999343872;0.09210538119;1.967105389;
31.15028381;100;80;486.885437;0.6875209808;0;9.099340439;0.09201025218;1.96701026;
31.5287323;100;80;486.0547485;0.6875209808;0;9.199343681;0.09158373624;1.966583729;
31.87828255;100;80;485.1443176;0.6875209808;0;9.299360275;0.09088476002;1.965884805;
32.25731659;100;80;484.2941895;0.6875209808;0;9.399355888;0.08978286386;1.964782834;
32.60739517;100;80;483.3626709;0.6875209808;0;9.499367714;0.08843694627;1.963436961;
32.98693848;100;80;482.493103;0.6875209808;0;9.599409103;0.08661384135;1.961613894;
33.33749008;100;80;481.5405273;0.6875209808;0;9.69940567;0.08458523452;1.95958519;
33.71759415;100;80;480.6514587;0.6875209808;0;9.799369812;0.08199571073;1.956995726;
34.06856155;100;80;479.6777649;0.6875209808;0;9.899374008;0.07923927158;1.954239249;
34.44919968;100;80;478.7692261;0.6875209808;0;9.99938488;0.0758421272;1.950842142;
34.80075455;100;80;477.7743835;0.6875209808;0;10.09938145;0.07231564075;1.947315693;
35.18188095;100;80;476.8463135;0.6875209808;0;10.19939423;0.06806134433;1.943061352;
35.53391647;100;80;475.8303223;0.6875209808;0;10.29939842;0.0637241751;1.93872416;
35.91550446;100;80;474.8826904;0.6875209808;0;10.39939308;0.05856799334;1.933568001;
36.27608109;100;80;473.8454895;0.7031464577;0;10.49939919;0.05337428674;1.92837429;
36.68114853;100;80;472.8780518;0.7343974113;0;10.59940243;0.04726385698;1.922263861;
37.07015228;100;80;471.8186951;0.7422101498;0;10.69940662;0.04116271064;1.916162729;
37.49384689;100;80;470.8300476;0.7422101498;0;10.79940605;0.03404510021;1.9090451;
37.88800049;100;80;469.7472839;0.7578356266;0;10.89943504;0.0270408988;1.902040958;
38.32456589;100;80;468.7368469;0.7578356266;0;10.99941826;0.01903263479;1.894032598;
38.72795868;100;80;467.6300659;0.7578356266;0;11.09942245;0.0115255164;1.886525512;
39.16504288;100;80;466.5972595;0.7578356266;0;11.19944954;0.00360439159;1.878604412;
39.56705856;100;80;465.4662476;0.7578356266;0;11.29943085;-0.003428255441;1.871571779;
40.00534439;100;80;464.4110413;0.7578356266;0;11.39942837;-0.01073180232;1.864268184;
40.41035461;100;80;463.2557678;0.7578356266;0;11.49943829;-0.0171646364;1.857835412;
40.84956741;100;80;462.1780701;0.7578356266;0;11.59944725;-0.02378195897;1.851217985;
41.25504684;100;80;460.9984131;0.7422101498;0;11.69944954;-0.02955618873;1.845443845;
41.69182587;100;80;459.8982239;0.7578356266;0;11.79944801;-0.03543807939;1.839561939;
42.10010529;100;80;458.6942139;0.7422101498;0;11.89945126;-0.04051285237;1.8344872;
42.55996323;100;80;457.5715027;0.7578356266;0;11.99947929;-0.04561255127;1.829387426;
43.03491592;100;80;456.3422241;0.7422101498;0;12.09945869;-0.04994908348;1.82505095;
43.49108887;100;80;455.1944275;0.7422101498;0;12.19946575;-0.05422511324;1.820774913;
12.29946423;-0.05777232349;1.817227721;44.04285431;100;80;453.3551331;0.7578356266;0;12.349473;
1.813834906;44.3771553;100;80;452.08255;0.7578356266;0;12.44946957;
12.49947929;-0.06388121098;1.811118841;44.66440964;100;80;450.8993835;0.7578356266;0;12.54950047;-0.06508559734;
1.808634758;44.97821045;100;80;449.6088562;0.7422101498;
-0.06832116842;1.806678772;45.26198196;100;80;448.4094543;0.7422101498;0;12.74948215;
1.80483079;45.56892014;100;80;447.101593;0.7578356266;0;
-0.07162849605;1.803371549;45.85921478;100;80;445.8864136;0.7578356266;0;12.94948959;
-0.07294458151;1.802055478;46.17544937;100;80;444.5611877;0.7578356266;0;
-0.07391532511;1.801084638;46.46722794;100;80;443.329834;0.7578356266;0;
-0.07469853759;1.800301433;46.78332138;100;80;441.9870605;0.7578356266;
0;13.29950809;-0.07516705245;1.79983294;47.07529831;100;80;440.7394714;0.7578356266;0;
-0.07539749891;1.799602509;47.39179611;100;80;439.3790894;0.7578356266;0;13.44952774;
-0.07539322972;1.7996068;47.68397903;100;80;438.1152649;0.7578356266;0;13.54953671;
1.799797654;48.00062561;100;80;436.7373352;0.7578356266;
13.69952488;-0.07511280477;1.79988718;48.28678513;100;80;435.4572754;0.7422101498;
1.799443722;48.59459686;100;80;434.0619507;0.7422101498;0;13.84952736;
0;13.89953041;-0.07656657696;1.798433423;48.87915802;100;80;432.7660828;0.7422101498;0;13.94952774;-0.07730086148;
-0.07836026698;1.796639681;49.19310379;100;80;431.3536072;0.7422101498;
14.09956264;-0.08069520444;1.794304848;49.48057556;100;80;430.041748;0.7578356266;0;
1.791022182;49.79576111;100;80;428.611908;0.7422101498;0;
-0.08771430701;1.787285686;50.08605576;100;80;427.2839661;0.7578356266;
1.782460928;50.40368271;100;80;425.8366394;0.7578356266;0;
14.4995594;-0.09772152454;1.777278423;50.69550705;100;80;424.4924927;0.7578356266;0;
-0.1041370258;1.770862937;51.01063538;100;80;423.0275574;0.7422101498;0;14.64955711;-0.1073829085;1.767617106;
0;14.69956207;-0.1108098179;1.764190197;51.29563522;100;80;421.6672668;0.7422101498;0;14.74956703;-0.1144187972;
-0.1188633889;1.756136656;51.61162949;100;80;420.1849976;0.7578356266;0;14.84956169;
-0.1270704418;1.747929573;51.9054718;100;80;418.8086548;0.7578356266;0;
52.22350311;100;80;417.3087769;0.7578356266;
-0.1466039568;1.728396058;52.51714706;100;80;415.9161377;0.7578356266;0;15.14957523;
52.83552551;100;80;414.3986206;0.7578356266;
-0.1695017666;1.705498219;53.12559509;100;80;412.9896851;0.7343974113;0;15.34959698;
1.692229629;53.43034744;100;80;411.4546509;0.7343974113;0;15.44958973;
-0.19585751;1.679142475;53.71152115;100;80;410.0298767;0.7187719345;0;15.54959393;
54.00432968;100;80;408.4779358;0.6797082424;
54.25945282;100;80;407.0379333;0.7187719345;
1.632310152;54.55025482;100;80;405.4702148;0.6875209808;
15.89963055;-0.259067744;1.615932226;54.80612183;100;80;404.0155945;0.6250190735;0;15.94960976;
1.597683787;55.06013489;100;80;402.4319763;0.3593859673;0;16.04961014;
16.099617;-0.2938877642;1.581112266;55.16472626;100;80;400.9640808;0.1406292915;0;
1.564167738;55.17113876;100;80;399.3711243;0;0;16.24962044;
1.549711585;55.10462189;100;80;397.9005432;0;0;16.34962845;
-0.3395035863;1.535496473;54.98887634;100;80;396.3093262;0;0;16.44962502;
0;16.49962616;-0.351200968;1.523799062;54.87155151;100;80;394.8433533;0;0;16.54963303;
1.512668133;54.74473953;100;80;393.258606;0;
-0.3712582588;1.503741741;54.62802124;100;80;391.7989502;
1.495336294;54.50245667;100;80;390.2210999;0;0;16.8496418;
16.89964676;-0.386774987;1.488224983;54.41599655;100;80;388.7677307;0;0;16.94964409;-0.3901889324;
54.33596802;100;80;387.1957703;0;
17.09965897;-0.4005166888;1.474483371;54.2652359;100;80;385.7467957;0;0;
54.19055939;100;80;384.1792603;0;0;
-0.4132597744;1.461740255;54.11053085;100;80;382.7342224;0;0;
1.455435038;54.01889801;100;80;381.1712036;0;0;17.44966316;
1.44980216;53.93414307;100;80;379.7307739;0;0;
1.443900585;53.842659;100;80;378.1727905;0;0;17.64967728;
17.69967651;-0.4363623559;1.438637614;53.7583046;100;80;376.73703;0;0;17.74967384;
53.66696548;100;80;375.1841431;0;
-0.4467624128;1.428237557;53.58283234;100;80;373.7530518;0;0;17.94968224;
53.49183655;100;80;372.2052612;0;
-0.4564038217;1.418596148;53.40795135;100;80;370.7788391;0;
53.31723404;100;80;369.2360535;0;
18.29970932;-0.4652923346;1.409707665;53.23361969;100;80;367.8143005;0;0;18.34970093;
1.40538013;53.1431694;100;80;366.2765503;0;0;
1.401563764;53.05981064;100;80;364.859436;0;
52.96967316;100;80;363.3267212;0;
1.394160032;52.88655853;100;80;361.9142151;0;
52.79668045;100;80;360.3865051;0;0;18.84973335;
-0.4875118732;1.387488127;52.71382523;100;80;358.9786072;0;
1.384290814;52.62423706;100;80;357.4485779;0;0;19.04972458;
19.09975243;-0.4934575856;1.381542444;52.54269028;100;80;356.0525818;0.04687643051;0;
52.4821701;100;80;354.5347595;0.1328165531;
19.29973793;-0.4986866117;1.376313448;52.45969772;100;80;353.1351013;0.2109439373;0;19.34973907;-0.4998365641;1.375163436;
-0.5011375546;1.373862386;52.4575882;100;80;351.6121826;0.242194891;
19.49975014;-0.5031991601;1.3718009;52.46686554;100;80;350.2277832;0.2500076294;0;19.54974556;-0.504339695;1.370660305;
0.2656331062;0;19.59977341;-0.5052732825;1.369726658;52.47877502;100;80;348.7120056;0.2656331062;0;19.64978027;
1.36798203;52.49478912;100;80;347.3125305;0.2656331062;0;19.74976158;
-0.5087240934;1.366275907;52.50999451;100;80;345.79599;0.2656331062;
52.5251503;100;80;344.3956909;0.2656331062;0;19.94877434;-0.5107705593;1.364229441;
52.54154205;100;80;342.8782654;0.2656331062;0;20.04878235;-0.5120211244;1.362978816;
52.55711746;100;80;341.4771423;0.2812585831;0;20.14880371;-0.513004303;1.361995697;
52.57578278;100;80;339.9588013;0.2656331062;0;20.24877739;-0.5138853192;1.361114621;
52.59119415;100;80;338.5567627;0.2656331062;0;20.34877777;-0.5145282745;1.360471725;
52.60749435;100;80;337.0374451;0.2656331062;0;20.44878197;-0.5150402188;1.359959841;
52.62252808;100;80;335.6345825;0.2656331062;0;20.54878616;-0.5153416991;1.35965836;
52.63886261;100;80;334.1143494;0.2656331062;0;20.64879227;-0.5154826641;1.359517336;
52.6538887;100;80;332.7106323;0.2656331062;0;20.74879456;-0.5154418945;1.359558105;
52.66999054;100;80;331.1895142;0.2500076294;0;20.84879684;-0.5152128935;1.359787107;
52.68048477;100;80;329.7849731;0.1953184605;0;20.94881058;-0.5148293376;1.360170722;
52.67713547;100;80;328.2631226;0.1562547684;0;21.04880714;-0.5142287612;1.360771298;
52.66649628;100;80;326.8584595;0.187505722;0;21.14880753;-0.5135022402;1.36149776;
52.65868759;100;80;325.3370361;0.1718802452;0;21.24880981;-0.5125709772;1.362429023;
52.65018082;100;80;323.9328003;0.187505722;0;21.34881401;-0.511700213;1.363299727;
52.64222336;100;80;322.4118042;0.1718802452;0;21.44882202;-0.511043191;1.363956809;
52.63369751;100;80;321.0080261;0.187505722;0;21.54882431;-0.5115345716;1.363465428;
52.62711334;100;80;319.4875183;0.187505722;0;21.64883232;-0.5137642622;1.361235738;
52.62228775;100;80;318.084137;0.1953184605;0;21.7488575;-0.5175228715;1.357477069;
52.61833572;100;80;316.5639648;0.1953184605;0;21.84884453;-0.5235355496;1.351464391;
52.61486816;100;80;315.1608582;0.1953184605;0;21.94883728;-0.5309103727;1.344089627;
52.61210251;100;80;313.6408997;0.2109439373;0;22.04884338;-0.5407916903;1.33420825;
52.61351395;100;80;312.2379761;0.242194891;0;22.14885521;-0.551514864;1.323485136;
52.62155914;100;80;310.7180786;0.242194891;0;22.24885368;-0.5642308593;1.3107692;
52.6304245;100;80;309.3148804;0.2265694141;0;22.34886932;-0.5762927532;1.298707247;
52.63774872;100;80;307.7945251;0.242194891;0;22.44886398;-0.5894116759;1.285588384;
52.64421082;100;80;306.3909302;0.242194891;0;22.54886436;-0.6014598012;1.273540258;
52.65093994;100;80;304.8701477;0.2265694141;0;22.64889336;-0.6143679619;1.260632038;
52.6559906;100;80;303.466217;0.2265694141;0;22.74886703;-0.6261245012;1.248875499;
52.66123199;100;80;301.9451294;0.2265694141;0;22.84889412;-0.638679266;1.236320734;
52.66603851;100;80;300.5408936;0.2265694141;0;22.94887352;-0.6500972509;1.224902749;
52.67126465;100;80;299.0195007;0.2265694141;0;23.04888725;-0.6622812152;1.212718844;
52.67608643;100;80;297.6150208;0.2265694141;0;23.14888382;-0.6733565331;1.201643467;
52.68374252;100;80;296.0933228;0.2656331062;0;23.24889183;-0.6851693392;1.189830661;
52.69989014;100;80;294.6884766;0.2812585831;0;23.34889221;-0.6959038973;1.179096103;
52.72039032;100;80;293.1660767;0.2812585831;0;23.44890213;-0.707351625;1.167648435;
52.73947144;100;80;291.7602539;0.2968840599;0;23.5489006;-0.7177505493;1.157249451;
52.76621628;100;80;290.2366943;0.3593859673;0;23.64890862;-0.7288345695;1.14616549;
