sep=;
unknown1; unknown2; currentSpeed; currentLimit; nextLimit; distance; gaspedal; brakepedal; timestamp


0.2751797438;100;80;512.0562744;0;0;0.1000058502;-1.407511445e-005;1.874985933;
0.4468691945;100;80;512.0479126;0;0;0.2000111938;-1.011375116e-005;1.874989867;
0.597671032;100;80;512.0345459;0;0;0.300014466;-7.825457828e-007;1.874999166;
0.7520412803;100;80;512.0187378;0;0;0.4000172317;4.420745881e-006;1.875004411;
0.8879847527;100;80;511.9974976;0;0;0.5000497699;4.821402399e-006;1.875004768;
1.031559348;100;80;511.973938;0;0;0.6000207067;6.940715139e-006;1.875006914;
1.160723209;100;80;511.9444275;0;0;0.700025022;1.106408308e-005;1.875011086;
1.29683423;100;80;511.9135742;0;0;0.8000360131;1.699611676e-005;1.875017047;
1.419351459;100;80;511.8763428;0;0;0.9000454545;2.284660877e-005;1.875022888;
1.54864502;100;80;511.838562;0;0;1.000039577;3.027215826e-005;1.875030279;
1.664883852;100;80;511.7940063;0;0;1.100043297;3.939432645e-005;1.875039339;
1.787707448;100;80;511.7496643;0;0;1.200043559;5.131782746e-005;1.87505126;
1.898175716;100;80;511.6981812;0;0;1.300055504;6.457475683e-005;1.875064611;
2.014775515;100;80;511.6476135;0;0;1.400056243;8.16316533e-005;1.875081658;
2.119654179;100;80;511.5895691;0;0;1.500061631;0.0001008412437;1.875100851;
2.230416775;100;80;511.5330505;0;0;1.600071073;0.0001245614694;1.875124574;
2.329952478;100;80;511.4687805;0;0;1.700083017;0.0001502089872;1.875150204;
2.434922695;100;80;511.4066467;0;0;1.800073028;0.0001824217761;1.87518239;
2.529335499;100;80;511.3364563;0;0;1.900080323;0.0002166757477;1.875216722;
2.628857136;100;80;511.2690125;0;0;2.000101089;0.0002585053153;1.875258446;
2.71822691;100;80;511.1932068;0;0;2.100114584;0.0003024807083;1.875302434;
2.812547684;100;80;511.1207581;0;0;2.200083494;0.000355550088;1.875355601;
2.897259235;100;80;511.0396118;0;0;2.300098181;0.0004104922409;1.875410438;
2.986550808;100;80;510.9623718;0;0;2.400102854;0.0004767472856;1.875476718;
3.066851854;100;80;510.8762207;0;0;2.500111341;0.0005441315006;1.87554419;
3.151469231;100;80;510.7944641;0;0;2.600102901;0.0006246241392;1.875624657;
3.22756958;100;80;510.7035217;0;0;2.700108767;0.0007061148062;1.875706077;
3.307795286;100;80;510.6174622;0;0;2.800107956;0.0008023965056;1.875802398;
3.379914284;100;80;510.5220032;0;0;2.900129557;0.0008989999769;1.875898957;
3.455965996;100;80;510.4318848;0;0;3.000118494;0.001012578257;1.876012564;
3.524298906;100;80;510.3321533;0;0;3.10012126;0.001126129297;1.87612617;
3.596346855;100;80;510.2381897;0;0;3.200127602;0.001258445322;1.876258492;
3.661015272;100;80;510.1343994;0;0;3.300144911;0.001389911748;1.876389861;
3.729240894;100;80;510.0367737;0;0;3.400155783;0.001542338519;1.87654233;
3.790463924;100;80;509.9291382;0;0;3.500135899;0.001692880644;1.876692891;
3.855079412;100;80;509.828064;0;0;3.60014081;0.001866958803;1.876866937;
3.91309309;100;80;509.7167969;0;0;3.700144529;0.002038117032;1.877038121;
3.974290371;100;80;509.6124573;0;0;3.800153971;0.002234830987;1.877234817;
4.029271603;100;80;509.4977112;0;0;3.90015316;0.002427510917;1.877427459;
4.087262154;100;80;509.3902893;0;0;4.000155926;0.00264831027;1.877648354;
4.139403343;100;80;509.2722778;0;0;4.10015583;0.002863868605;1.877863884;
4.194386959;100;80;509.1618958;0;0;4.200174332;0.003110025311;1.878110051;
4.243854046;100;80;509.040802;0;0;4.300189495;0.003349365201;1.878349423;
4.295999527;100;80;508.9276428;0;0;4.400167465;0.003622101154;1.878622055;
4.34291029;100;80;508.8035889;0;0;4.500170231;0.003886358347;1.878886342;
4.392374039;100;80;508.6878052;0;0;4.60018301;0.004186583217;1.87918663;
4.436796188;100;80;508.5609741;0;0;4.70021534;0.004476727918;1.879476786;
4.483676434;100;80;508.4426575;0;0;4.80018425;0.004805611912;1.879805565;
4.525753498;100;80;508.3132019;0;0;4.900193214;0.005122839473;1.880122781;
4.570093155;100;80;508.1925354;0;0;5.000212193;0.005481124856;1.880481124;
4.609897137;100;80;508.0605469;0;0;5.100197315;0.005826052744;1.880825996;
4.651800632;100;80;507.9376221;0;0;5.200211525;0.006215083878;1.881215096;
4.689599037;100;80;507.8033142;0;0;5.300201416;0.006590736099;1.881590724;
4.728951931;100;80;507.6782532;0;0;5.40020752;0.007009296678;1.882009268;
4.764379978;100;80;507.541687;0;0;5.500221729;0.00741218403;1.882412195;
4.80170536;100;80;507.4146423;0;0;5.600216866;0.00786491856;1.882864952;
4.83519268;100;80;507.276001;0;0;5.700220108;0.008298055269;1.883298039;
4.870504856;100;80;507.1470642;0;0;5.800228596;0.008783994243;1.883783937;
4.902243137;100;80;507.0064087;0;0;5.900231361;0.009247931652;1.884247899;
4.93564415;100;80;506.875;0;0;6.000229836;0.009767602198;1.884767652;
4.966670036;100;80;506.7331238;0.03125095367;0;6.100240707;0.01026570983;1.885265708;
5.009035587;100;80;506.6006775;0.1328165531;0;6.200235844;0.01082068682;1.885820746;
5.072189808;100;80;506.4552917;0.242194891;0;6.300240517;0.01135142241;1.886351466;
5.199065685;100;80;506.3198547;0.4140751362;0;6.400274754;0.01195189636;1.886951923;
5.440806389;100;80;506.1694031;0.6484572887;0;6.500267506;0.01254064217;1.887540698;
5.983585358;100;80;506.0233765;0.7578356266;0;6.600257397;0.01324411575;1.888244152;
7.375425816;100;80;505.7605591;0.9062776566;0;6.750257015;0.01442435384;1.889424324;
8.851358414;100;80;505.5426941;0.9531540871;0;6.850276947;0.01551661175;1.890516639;
10.24485302;100;80;505.3039856;0.8828394413;0;6.950273037;0.01675213315;1.891752124;
11.78703594;100;80;505.0046997;0.8828394413;0;7.050276279;0.01837003604;1.893370032;
13.20157814;100;80;504.6895447;0.8984649181;0;7.150280952;0.02015829831;1.895158291;
14.71450424;100;80;504.3057556;0.8672139645;0;7.250314236;0.02244476601;1.897444725;
16.12143517;100;80;503.9128418;0.8000000119;0;7.350336552;0.02490827627;1.899908304;
17.64955902;100;80;503.4448547;0.6093935966;0;7.450290203;0.02801017091;1.90301013;
18.62983704;100;80;502.9740601;0.3203222752;0;7.550293922;0.03128224239;1.906282187;
19.05444145;100;80;502.4384766;0.3203222752;0;7.650292397;0.0351459235;1.910145879;
19.33656693;100;80;501.9334106;0.3046967983;0;7.750303268;0.03898394108;1.913983941;
19.5220089;100;80;501.3760376;0.3046967983;0;7.850304127;0.04340546206;1.918405414;
19.7005291;100;80;500.8563843;0.3593859673;0;7.950306416;0.04771936312;1.922719359;
19.92826271;100;80;500.2876587;0.3515732288;0;8.050311089;0.05265975744;1.92765975;
20.13910103;100;80;499.7565613;0.3593859673;0;8.150318146;0.05747851357;1.932478547;
20.43174171;100;80;499.1747437;0.3750114441;0;8.250322342;0.06298834085;1.937988281;
20.79363823;100;80;498.6296692;0.3906369209;0;8.350318909;0.06838555634;1.943385601;
21.13069344;100;80;498.0283508;0.4062623978;0;8.450329781;0.07452667505;1.949526668;
21.40513611;100;80;497.4651794;0.4140751362;0;8.550335884;0.08042290807;1.955422878;
21.65703773;100;80;496.8467407;0.4453260899;0;8.650338173;0.08679388463;1.9617939;
21.85850525;100;80;496.2694092;0.4687643051;0;8.750356674;0.09224832803;1.967248321;
22.09244919;100;80;495.6378784;0.5000152588;0;8.85033989;0.09761481732;1.972614765;
22.34575081;100;80;495.0487061;0.578142643;0;8.950345993;0.1021244004;1.977124453;
22.66832161;100;80;494.4026489;0.6484572887;0;9.050362587;0.1065326482;1.981532693;
22.99760628;100;80;493.7979431;0.6875209808;0;9.150351524;0.1101351082;1.985135078;
23.36600494;100;80;493.1329651;0.7031464577;0;9.250368118;0.1135074124;1.98850739;
23.71621323;100;80;492.5097351;0.7187719345;0;9.350362778;0.1161094233;1.991109371;
24.11911392;100;80;491.8239746;0.7734611034;0;9.450371742;0.1183516383;1.993351579;
24.51348495;100;80;491.1805725;0.7890865803;0;9.550374031;0.1198628247;1.994862795;
24.96917343;100;80;490.4716797;0.8437757492;0;9.650372505;0.1208641976;1.995864153;
25.41202736;100;80;489.8055725;0.8672139645;0;9.750374794;0.121173434;1.996173382;
25.90763474;100;80;489.0706177;0.8672139645;0;9.850385666;0.1208040789;1.995804071;
26.3684597;100;80;488.3795776;0.8828394413;0;9.950401306;0.1197830588;1.994783044;
26.87154961;100;80;487.6170959;0.8828394413;0;10.05039024;0.1179584488;1.992958426;
27.34511948;100;80;486.9003601;0.8984649181;0;10.15039253;0.1156397015;1.990639687;
27.8577652;100;80;486.1173096;0.9062776566;0;10.25039673;0.1127868965;1.987786889;
28.39116287;100;80;485.3742981;0.9531540871;0;10.35040092;0.1099282056;1.98492825;
28.90530777;100;80;484.5544739;0.9531540871;0;10.45040798;0.1073272228;1.982327223;
29.46884727;100;80;483.7834473;0.9609668255;0;10.55040836;0.1045122966;1.979512334;
29.99129486;100;80;482.9325867;0.9609668255;0;10.6494112;0.1019186527;1.976918697;
30.51553535;100;80;482.1326904;0.9609668255;0;10.7494154;0.09933955967;1.974339604;
31.08546448;100;80;481.2503662;0.9609668255;0;10.84943008;0.09656508267;1.971565127;
31.61302948;100;80;480.4212952;0.9609668255;0;10.94943428;0.09402489662;1.969024897;
32.18585205;100;80;479.5072632;0.9609668255;0;11.04943562;0.09129847586;1.966298461;
32.71605301;100;80;478.6488342;0.9609668255;0;11.14943886;0.0888081789;1.963808179;
33.29187775;100;80;477.7029419;0.9609668255;0;11.24945354;0.08614349365;1.961143494;
33.82463837;100;80;476.8150635;0.9609668255;0;11.34945679;0.08371592313;1.958715916;
34.40343857;100;80;475.8371277;0.9609668255;0;11.44943905;0.08112680912;1.956126809;
34.93901062;100;80;474.9195862;0.9609668255;0;11.54944611;0.07877874374;1.953778744;
35.52066422;100;80;473.9094849;0.9609668255;0;11.6494503;0.07628004253;1.951279998;
36.05890274;100;80;472.9621582;0.9609668255;0;11.74945259;0.07402066886;1.949020624;
36.64347076;100;80;471.9196777;0.9609668255;0;11.84947014;0.07162944973;1.946629405;
37.18455124;100;80;470.9424133;0.9609668255;0;11.94946194;0.06947485358;1.944474816;
37.77203369;100;80;469.8674011;0.9609668255;0;12.04947281;0.06720486283;1.942204833;
38.31569672;100;80;468.8600464;0.9609668255;0;12.14947605;0.06517066061;1.940170646;
38.90621185;100;80;467.7523499;0.9609668255;0;12.24947357;0.06303805858;1.938038111;
39.45251465;100;80;466.7147522;0.9609668255;0;12.34947777;0.06113920733;1.936139226;
40.04774094;100;80;465.5742188;0.9765923023;0;12.44949436;0.05915136635;1.934151411;
40.60556412;100;80;464.506134;0.9609668255;0;12.54948711;0.0572656095;1.932265639;
41.19500732;100;80;463.3322754;0.9531540871;0;12.64949799;0.05505906045;1.930059075;
41.74538422;100;80;462.2336731;0.9765923023;0;12.74950886;0.05217985809;1.927179813;
42.35715866;100;80;461.026825;0.9609668255;0;12.84950256;0.04753563181;1.922535658;
42.91770935;100;80;459.8971558;0.9609668255;0;12.94949818;0.04172185436;1.916721821;
43.53697968;100;80;458.6564941;0.9609668255;0;13.0495224;0.03368809819;1.908688068;
44.11098862;100;80;457.4954224;0.9765923023;0;13.14951515;0.02459317632;1.899593234;
44.74359131;100;80;456.2202454;0.9765923023;0;13.24952316;0.01285563689;1.887855649;
45.33117294;100;80;455.0269775;0.9765923023;0;13.34953594;0.0002273900027;1.875227332;
45.98669434;100;80;453.7166138;0.8176592588;0;13.4495182;-0.01546300761;1.859537005;
46.52111816;100;80;452.490387;0.8000000119;0;13.54952526;-0.03181141615;1.843188524;
47.02103806;100;80;451.1462402;0.8317866325;0;13.64953899;-0.05146186799;1.823538184;
47.47203064;100;80;449.8927612;0.9165509343;0;13.74954319;-0.07115951926;1.803840518;
47.95685577;100;80;448.5209961;0.9765923023;0;13.84954453;-0.09355530888;1.781444669;
48.36087036;100;80;447.2424316;0.9765923023;0;13.94954586;-0.1148085222;1.760191441;
48.80028915;100;80;445.8452759;0.9765923023;0;14.04954624;-0.1383649558;1.736635089;
49.2078476;100;80;444.5441284;0.9765923023;0;14.14954185;-0.1605749726;1.714424968;
49.64810944;100;80;443.1222534;0.9765923023;0;14.24957848;-0.1851185709;1.689881444;
50.0552063;100;80;441.7985229;0.9609668255;0;14.34956169;-0.2082268149;1.6667732;
50.49221039;100;80;440.3522339;0.9765923023;0;14.44955921;-0.2337553352;1.64124465;
50.90133286;100;80;439.0059509;0.9765923023;0;14.54956532;-0.2577843368;1.617215633;
51.34506989;100;80;437.5351257;0.9765923023;0;14.64956665;-0.2843279541;1.590672016;
51.75500107;100;80;436.1661072;0.9765923023;0;14.74957371;-0.3093036115;1.565696359;
52.19796753;100;80;434.6706848;0.9765923023;0;14.84957123;-0.3368813694;1.538118601;
52.60890579;100;80;433.2789307;0.9765923023;0;14.94957638;-0.3627667129;1.512233257;
53.05443573;100;80;431.7588196;0.9609668255;0;15.04957771;-0.3911728561;1.483827114;
53.45845795;100;80;430.3442383;0.9609668255;0;15.14960003;-0.417391628;1.457608342;
53.89565277;100;80;428.7996521;0.9609668255;0;15.24959564;-0.4451782703;1.42982173;
54.30000305;100;80;427.3626099;0.9609668255;0;15.34959221;-0.4700616896;1.40493834;
54.73840714;100;80;425.7936096;0.9609668255;0;15.44959354;-0.4960889816;1.378911018;
55.14351273;100;80;424.3340759;0.9609668255;0;15.54962635;-0.5191937685;1.355806231;
55.58327866;100;80;422.7406921;0.9609668255;0;15.64960575;-0.5431916714;1.331808329;
55.99756622;100;80;421.2585754;0.9765923023;0;15.74960613;-0.5643664002;1.310633659;
56.44852448;100;80;419.6404114;0.9765923023;0;15.84961128;-0.5862272382;1.288772821;
56.86734772;100;80;418.1351929;0.9765923023;0;15.94961834;-0.6053894758;1.269610524;
57.32276154;100;80;416.4919128;0.9765923023;0;16.04962349;-0.625023067;1.249976993;
57.7447052;100;80;414.9633179;0.9609668255;0;16.14962387;-0.6421262026;1.232873797;
58.19511032;100;80;413.2946777;0.9609668255;0;16.24962807;-0.6596246958;1.215375304;
58.61087799;100;80;411.7428589;0.9609668255;0;16.34963226;-0.6750460863;1.199953914;
59.06858444;100;80;410.0491638;0.9765923023;0;16.44965363;-0.6916786432;1.183321357;
59.49105453;100;80;408.473999;0.9609668255;0;16.54969215;-0.707390964;1.167609096;
59.94612885;100;80;406.7549133;0.9609668255;0;16.64964676;-0.7249619961;1.150038004;
60.36783981;100;80;405.1563721;0.9609668255;0;16.74965858;-0.7417805791;1.133219481;
60.82664871;100;80;403.4119568;0.9609668255;0;16.84965134;-0.7607011795;1.11429882;
61.27176285;100;80;401.7560425;0.8220740557;0;16.94965553;-0.7792189717;1.095781088;
61.69446564;100;80;400.1222229;0.8000000119;0;17.04965591;-0.79961133;1.07538867;
62.02573395;100;80;398.3406982;0.828169167;0;17.14966774;-0.8190922141;1.055907845;
62.37211227;100;80;396.6870728;0.922731638;0;17.24967575;-0.8409116864;1.034088254;
62.68966293;100;80;394.8858337;0.9609668255;0;17.34967041;-0.8617167473;1.013283253;
62.99291229;100;80;393.214386;0.9609668255;0;17.44969368;-0.8848929405;0.9901070595;
63.27114868;100;80;391.3953247;0.9609668255;0;17.54968643;-0.9067173004;0.9682826996;
63.57389069;100;80;389.7083435;0.9609668255;0;17.649683;-0.9302828312;0.9447171688;
63.85644531;100;80;387.8722839;0.9765923023;0;17.74968719;-0.9513571858;0.9236428142;
64.16281891;100;80;386.1696167;0.9765923023;0;17.84969139;-0.9731731415;0.9018268585;
64.44717407;100;80;384.3165283;0.9609668255;0;17.94970322;-0.9922372699;0.8827627301;
64.75486755;100;80;382.598053;0.9609668255;0;18.04969978;-1.01162827;0.8633717895;
65.03442383;100;80;380.7278137;0.9609668255;0;18.14970207;-1.028321505;0.8466784954;
65.33709717;100;80;378.9936829;0.9609668255;0;18.24970436;-1.045075297;0.8299247026;
65.61665344;100;80;377.1065674;0.9609668255;0;18.34970665;-1.059288859;0.8157111406;
65.91953278;100;80;375.356842;0.9609668255;0;18.44971085;-1.073315382;0.8016846776;
66.19917297;100;80;373.4528809;0.9609668255;0;18.54971313;-1.084982514;0.790017426;
66.50357056;100;80;371.6876221;0.9609668255;0;18.64973068;-1.096269965;0.7787300348;
66.78451538;100;80;369.7575378;0.9765923023;0;18.74973297;-1.105281949;0.7697179914;
67.08979034;100;80;367.9765625;0.9609668255;0;18.84973526;-1.113663435;0.7613366246;
67.37090302;100;80;366.0480652;0.9609668255;0;18.94973373;-1.120092869;0.7549071908;
67.67268372;100;80;364.2515259;0.9609668255;0;19.04973984;-1.125538111;0.7494619489;
67.95280457;100;80;362.2874451;0.9609668255;0;19.14974594;-1.129330516;0.7456695437;
68.25764465;100;80;360.4752808;0.9609668255;0;19.24975395;-1.132177591;0.7428224087;
68.54187775;100;80;358.5036926;0.9765923023;0;19.34975243;-1.134162664;0.740837276;
68.84963989;100;80;356.6758728;0.9609668255;0;19.44975853;-1.136269689;0.7387302518;
69.12971497;100;80;354.6871948;0.9609668255;0;19.54976654;-1.138406754;0.7365932465;
69.43325806;100;80;352.8437195;0.9609668255;0;19.64975929;-1.141090155;0.7339098454;
69.71362305;100;80;350.8381653;0.9609668255;0;19.74976349;-1.143993258;0.7310067415;
70.01741028;100;80;348.9790955;0.9609668255;0;19.84976768;-1.147637844;0.7273621559;
70.2978363;100;80;346.9566956;0.9609668255;0;19.94977188;-1.151479483;0.7235205173;
70.60166168;100;80;345.0820618;0.9609668255;0;20.04978561;-1.156165361;0.718834579;
70.882164;100;80;343.0427856;0.9609668255;0;20.14978027;-1.160919547;0.7140803933;
71.18606567;100;80;341.1525879;0.9609668255;0;20.24978256;-1.166441202;0.7085587978;
71.46661377;100;80;339.096405;0.9609668255;0;20.34980965;-1.171550274;0.7034497857;
71.77057648;100;80;337.1906128;0.9609668255;0;20.44979858;-1.176535249;0.6984647512;
72.0512619;100;80;335.1175537;0.9609668255;0;20.54979515;-1.180396557;0.6946035028;
72.3553009;100;80;333.196167;0.9609668255;0;20.64980507;-1.183627605;0.6913723946;
72.63599396;100;80;331.1062317;0.9609668255;0;20.74981117;-1.185646653;0.6893534064;
72.94012451;100;80;329.16922;0.9609668255;0;20.84981346;-1.186739802;0.688260138;
73.2209549;100;80;327.0623779;0.9609668255;0;20.94982147;-1.186718225;0.6882817149;
73.52510071;100;80;325.1097717;0.9609668255;0;21.04984283;-1.185558915;0.6894410849;
73.8059845;100;80;322.9859924;0.9609668255;0;21.14982414;-1.183430314;0.6915696263;
74.11025238;100;80;321.0177917;0.9609668255;0;21.24982452;-1.179964781;0.6950351596;
74.39112854;100;80;318.8771362;0.9609668255;0;21.34983444;-1.17568624;0.6993137598;
74.69546509;100;80;316.8933105;0.9609668255;0;21.44983482;-1.169871211;0.7051287889;
74.97667694;100;80;314.7357178;0.9609668255;0;21.54983139;-1.163403511;0.711596489;
75.2816391;100;80;312.7362976;0.9609668255;0;21.64988518;-1.155195832;0.7198042274;
75.56358337;100;80;310.5617676;0.9609668255;0;21.74986458;-1.146498799;0.7285011411;
75.86950684;100;80;308.5466919;0.9609668255;0;21.84985161;-1.135854363;0.739145577;
76.15227509;100;80;306.3551941;0.9609668255;0;21.9498539;-1.124888301;0.7501117587;
76.4590683;100;80;304.3244019;0.9609668255;0;22.04987907;-1.11176157;0.76323843;
76.74265289;100;80;302.1158752;0.9609668255;0;22.14986992;-1.098484993;0.7765149474;
77.05030823;100;80;300.0693665;0.9609668255;0;22.24986076;-1.082843065;0.7921569347;
77.33473206;100;80;297.84375;0.9609668255;0;22.34988022;-1.067350626;0.8076494336;
77.64324188;100;80;295.7814636;0.9609668255;0;22.44988632;-1.049637794;0.8253622055;
77.92835999;100;80;293.5387268;0.9609668255;0;22.54987335;-1.033072829;0.8419271708;
78.23760223;100;80;291.4606018;0.9609668255;0;22.64987564;-1.016139627;0.8588603735;
78.52353668;100;80;289.2006836;0.9609668255;0;22.74988747;-1.002014279;0.872985661;
78.83363342;100;80;287.1066895;0.9609668255;0;22.84988403;-0.988704145;0.886295855;
79.12029266;100;80;284.8295593;0.9609668255;0;22.94988632;-0.9784811139;0.8965188861;
79.43125916;100;80;282.719635;0.9609668255;0;23.04989433;-0.9697643518;0.9052356482;
79.71870422;100;80;280.4252319;0.9609668255;0;23.14989662;-0.9639323354;0.9110676646;
80.0308075;100;80;278.2993469;0.9609668255;0;23.24990463;-0.9598847032;0.9151152968;
80.31929016;100;80;275.9876404;0.9609668255;0;23.34990883;-0.9580824971;0.9169175029;
80.63214111;100;80;273.8457336;0.9609668255;0;23.44990349;-0.9573076367;0.9176923633;
80.92140198;100;80;271.5166626;0.9609668255;0;23.54991341;-0.9568757415;0.9181242585;
81.23525238;100;80;269.3587341;0.9609668255;0;23.6499176;-0.9562918544;0.9187081456;
81.52528381;100;80;267.0122375;0.9609668255;0;23.74992752;-0.9553897381;0.9196102619;
81.83991241;100;80;264.8381653;0.9609668255;0;23.8499279;-0.9538520575;0.9211479425;
82.13083649;100;80;262.4742126;0.9609668255;0;23.94993019;-0.9518511891;0.9231488109;
82.4463501;100;80;260.2839966;0.9609668255;0;24.04993057;-0.9490136504;0.9259863496;
82.73797607;100;80;257.9025269;0.9609668255;0;24.14993477;-0.945759058;0.929240942;
83.04691315;100;80;255.6960754;0.8000000119;0;24.24994659;-0.9415361881;0.9334638119;
83.28164673;100;80;253.297287;0.8000000119;0;24.34996796;-0.936988771;0.938011229;
83.51515198;100;80;251.0766144;0.8804833889;0;24.44994736;-0.9313590527;0.9436409473;
83.73540497;100;80;248.6642914;0.957747519;0;24.54995537;-0.925504446;0.949495554;
83.95565796;100;80;246.431366;0.9765923023;0;24.64995003;-0.9184327722;0.9565672278;
84.15603638;100;80;244.0063171;0.9609668255;0;24.74997139;-0.9112256765;0.9637743235;
84.3529892;100;80;241.762207;0.7890865803;0;24.85000801;-0.9026746154;0.9723253846;
84.46858978;100;80;239.3256989;0.4140751362;0;24.94996643;-0.8940860033;0.9809139967;
84.50687408;100;80;237.0735474;0.335947752;0;25.0499649;-0.8840314746;0.9909685254;
84.51128387;100;80;234.6326294;0.3203222752;0;25.14997101;-0.8740512729;1.000948787;
84.5109024;100;80;232.3791962;0.335947752;0;25.2499733;-0.8624549508;1.01254499;
84.5151062;100;80;229.9378967;0.3515732288;0;25.3499794;-0.8510026336;1.023997307;
84.52057648;100;80;227.6842346;0.1328165531;0;25.45000839;-0.8377723098;1.03722775;
84.46537018;100;80;225.2426758;0;0;25.54998589;-0.8248736262;1.050126433;
84.33725739;100;80;222.9905548;0;0;25.64999199;-0.8104718328;1.064528108;
84.2033844;100;80;220.5543671;0;0;25.74999619;-0.7973807454;1.077619195;
84.05873871;100;80;218.3090973;0;0;25.85000038;-0.7851954103;1.089804649;
83.92543793;100;80;215.880661;0;0;25.95000458;-0.7771205902;1.09787941;
83.78024292;100;80;213.642746;0;0;26.05002594;-0.7726264;1.1023736;
83.64620209;100;80;211.2223358;0;0;26.15003014;-0.7729367614;1.102063298;
83.50210571;100;80;208.9918365;0;0;26.25001335;-0.7783772349;1.096622705;
83.36991119;100;80;206.579483;0;0;26.35001755;-0.7880598307;1.086940169;
83.22689819;100;80;204.3564148;0;0;26.45002174;-0.8030455112;1.071954489;
83.09498596;100;80;201.9521027;0;0;26.55002594;-0.8195773363;1.055422664;
82.95243835;100;80;199.7364197;0;0;26.65003967;-0.8391292691;1.035870671;
82.82112885;100;80;197.3400726;0;0;26.75003433;-0.8580381274;1.016961813;
82.67908478;100;80;195.1317291;0;0;26.85004807;-0.878913641;0.996086359;
82.54818726;100;80;192.7433014;0;0;26.95005417;-0.8982361555;0.9767638445;
82.40664673;100;80;190.5422363;0;0;27.05005455;-0.9190276265;0.9559723735;
82.27622986;100;80;188.1616974;0;0;27.15005302;-0.9379775524;0.9370224476;
82.13516235;100;80;185.9678955;0;0;27.25005913;-0.9581698179;0.9168301821;
82.00517273;100;80;183.5951843;0;0;27.35006714;-0.9764612913;0.8985387087;
81.86459351;100;80;181.4086151;0;0;27.45005798;-0.9958763719;0.8791236281;
81.7350769;100;80;179.0437164;0;0;27.55006409;-1.013416648;0.8615832925;
81.59626007;100;80;176.8643494;0;0;27.65006447;-1.031762958;0.8432370424;
81.46697998;100;80;174.529892;0;0;27.75008392;-1.048301339;0.8266986012;
81.32717133;100;80;172.1767883;0;0;27.8500824;-1.065242171;0.8097577691;
81.19823456;100;80;170.0082703;0;0;27.95008278;-1.079216599;0.7957834005;
81.05880737;100;80;167.6629028;0;0;28.04908752;-1.092049122;0.7829508185;
80.93034363;100;80;165.5014954;0;0;28.14908981;-1.101501226;0.7734988332;
80.79135132;100;80;163.3434906;0;0;28.2490921;-1.108930469;0.766069591;
80.66327667;100;80;161.0094757;0;0;28.34910202;-1.113085628;0.7619143724;
80.5249176;100;80;158.858551;0;0;28.44911003;-1.114640951;0.7603589892;
80.39763641;100;80;156.532196;0;0;28.54910469;-1.113526344;0.7614736557;
80.25989532;100;80;154.3883057;0;0;28.64910698;-1.110037208;0.764962852;
80.13284302;100;80;152.0695953;0;0;28.74911308;-1.105949759;0.7690503001;
79.9953537;100;80;149.9327698;0;0;28.849123;-1.102283955;0.7727160454;
79.86865234;100;80;147.6217041;0;0;28.94912148;-1.100512266;0.7744877338;
79.7317276;100;80;145.4919434;0;0;29.04911804;-1.100913882;0.7740861177;
79.60570526;100;80;143.1885376;0;0;29.14913559;-1.10367763;0.7713224292;
79.46949768;100;80;141.0658264;0;0;29.24913597;-1.109094381;0.7659055591;
79.34391785;100;80;138.77005;0;0;29.34914589;-1.115536571;0.7594634891;
79.20810699;100;80;136.6543732;0;0;29.44913864;-1.12346077;0.7515391707;
79.08292389;100;80;134.3661804;0;0;29.54914856;-1.131342411;0.7436575294;
78.94755554;100;80;132.2574768;0;0;29.64915657;-1.140232921;0.7347670197;
78.82283783;100;80;129.9768372;0;0;29.74915886;-1.148622513;0.7263775468;
78.68795776;100;80;127.8750916;0;0;29.84915352;-1.157820225;0.7171797156;
78.5636673;100;80;125.6019669;0;0;29.94915962;-1.166360259;0.7086397409;
78.42922974;100;80;123.5071487;0;0;30.04917336;-1.175633073;0.6993668675;
78.305336;100;80;121.2415085;0;0;30.14917183;-1.184197545;0.6908024549;
78.17136383;100;80;119.153595;0;0;30.24918175;-1.193469763;0.6815302372;
78.04788971;100;80;116.8954239;0;0;30.34917641;-1.202018857;0.672981143;
77.91437531;100;80;114.8143921;0;0;30.44919395;-1.21126616;0.6637338996;
77.7913208;100;80;112.5636597;0;0;30.54917908;-1.219788551;0.6552115083;
77.6582489;100;80;110.4894867;0;0;30.64920235;-1.229004502;0.6459954977;
77.53562164;100;80;108.2461777;0;0;30.74918938;-1.237496972;0.6375029683;
77.40298462;100;80;106.1788483;0;0;30.84920311;-1.246680856;0.6283191442;
77.28076172;100;80;103.9429321;0;0;30.94919777;-1.255142808;0.6198572516;
77.14857483;100;80;101.8824158;0;0;31.04920387;-1.264293432;0.6107065678;
77.02676392;100;80;99.65387726;0;0;31.14921379;-1.272724986;0.6022750735;
76.89504242;100;80;97.60015869;0;0;31.24921799;-1.28184247;0.5931574702;
76.77363586;100;80;95.37897491;0;0;31.34921837;-1.290243268;0.584756732;
76.6423111;100;80;93.33203125;0;0;31.44922638;-1.29932797;0.5756720901;
76.52133942;100;80;91.10754395;0;0;31.54921913;-1.307698846;0.5673012137;
76.39048004;100;80;89.07800293;0;0;31.64921951;-1.316750407;0.5582496524;
76.26925659;100;80;86.87145996;0;0;31.74924278;-1.325134635;0.5498654246;
76.1394577;100;80;84.82743835;0;0;31.84923363;-1.334110498;0.5408895016;
76.01865387;100;80;82.63877869;0;0;31.94925117;-1.342464209;0.5325357914;
75.88930511;100;80;80.60151672;0;0;32.0492363;-1.351407528;0.5235924721;
75.76950073;100;80;78.42009735;0;0;32.1492691;-1.359688401;0.5153116584;
75.639328;100;80;76.40010071;0;0;32.2492485;-1.368685365;0.5063146353;
75.51995087;100;80;74.20489502;0;0;32.34925079;-1.376936078;0.4980639517;
75.39082336;100;80;72.19161224;0;0;32.4492569;-1.38585794;0.4891420603;
75.27177429;100;80;70.01416779;0;0;32.54927063;-1.394003749;0.4809963107;
75.14224243;100;80;68.00756073;0;0;32.64926529;-1.402416348;0.4725836217;
75.02262878;100;80;65.83734894;0;0;32.74927139;-1.409210205;0.4657898247;
74.89308167;100;80;63.83739471;0;0;32.84928513;-1.41354382;0.4614561796;
74.77346039;100;80;61.67432022;0;0;32.9492836;-1.413142204;0.4618577957;
74.6439743;100;80;59.68087387;0;0;33.04927444;-1.407053947;0.4679460227;
74.5246048;100;80;57.52480316;0;0;33.14928055;-1.395676017;0.4793239534;
74.39540863;100;80;55.53781509;0;0;33.24928284;-1.376745462;0.4982545078;
74.27632141;100;80;53.38874054;0;0;33.34928894;-1.353013873;0.5219861865;
74.14757538;100;80;51.40820694;0;0;33.44930649;-1.320433736;0.5545662045;
74.02915955;100;80;49.26613617;0;0;33.54929352;-1.284012437;0.5909876227;
73.90225983;100;80;47.29207611;0;0;33.64929962;-1.237883806;0.6371161938;
73.78562927;100;80;45.15699768;0;0;33.74930191;-1.189491391;0.6855086088;
73.65935516;100;80;43.18938828;0;0;33.84930801;-1.132088542;0.742911458;
73.54319763;100;80;41.06132126;0;0;33.9493103;-1.075924635;0.7990753055;
73.41767883;100;80;39.10017776;0;0;34.04932404;-1.012545586;0.862454474;
73.30203247;100;80;36.97909927;0;0;34.14932251;-0.952195406;0.922804594;
73.17693329;100;80;35.02440262;0;0;34.2493248;-0.8851829767;0.9898170233;
73.0617218;100;80;32.91030121;0;0;34.34932709;-0.8220313787;1.052968621;
72.93707275;100;80;30.9620285;0;0;34.44933701;-0.7525449395;1.122455001;
72.82220459;100;80;28.85486984;0;0;34.54933929;-0.6877491474;1.187250853;
72.69778442;100;80;26.91300201;0;0;34.64934158;-0.6181663871;1.256833673;
72.58319092;100;80;24.81276894;0;0;34.74934769;-0.5554961562;1.319503784;
72.45925903;100;80;22.87726974;0;0;34.84934616;-0.4897980392;1.385201931;
72.34495544;100;80;20.78391457;0;0;34.94934845;-0.4315063655;1.443493605;
72.22090149;100;80;18.8547554;0;0;35.04935074;-0.4056209624;1.469379067;
72.10636902;100;80;16.76826859;0;0;35.14935684;-0.4056209624;1.469379067;
71.98959351;100;80;14.84545135;0;0;35.24937057;-0.4056209624;1.469379067;
71.92677307;100;80;12.72497177;0;0;35.34936905;-0.4056209624;1.469379067;
71.78884125;100;80;10.8077364;0;0;35.44936752;-0.218976751;1.656023264;
71.61521149;100;80;8.854902267;0;0;35.54937744;-0.184015587;1.690984368;
71.49619293;100;80;6.784150124;0;0;35.64938354;-0.1573308259;1.717669129;
71.3870697;100;80;4.877851963;0;0;35.74940109;-0.1341575831;1.740842462;
71.27809143;100;80;2.816546917;0;0;35.84938431;-0.1178811416;1.757118821;
71.15370941;80;60;0.9198189974;0;0;35.94939423;-0.1059561744;1.769043803;
71.03951263;80;60;638.048645;0;0;36.04940033;-0.09998793155;1.775012016;
70.91864777;80;60;636.1543579;0;0;36.14940262;-0.0986237973;1.776376247;
70.80770874;80;60;634.1054688;0;0;36.24940872;-0.1010675579;1.773932457;
70.68702698;80;60;632.2172852;0;0;36.3494072;-0.1063360497;1.768664002;
70.57566071;80;60;630.1751099;0;0;36.44941711;-0.112977758;1.762022257;
70.45555878;80;60;628.2930908;0;0;36.54941177;-0.12166816;1.7533319;
70.3449707;80;60;626.2576294;0;0;36.64943314;-0.1308119893;1.744187951;
70.22530365;80;60;624.3817749;0;0;36.74942017;-0.1417824924;1.733217478;
70.1149826;80;60;622.3529663;0;0;36.84942627;-0.1528159678;1.722184062;
69.9957428;80;60;620.4832764;0;0;36.94944;-0.1657035798;1.709296465;
69.88587952;80;60;618.4610596;0;0;37.04943466;-0.1784396917;1.696560264;
69.76704407;80;60;616.5974731;0;0;37.14943314;-0.1931314319;1.681868553;
69.65753174;80;60;614.5819092;0;0;37.24944687;-0.2075078487;1.667492151;
69.53912354;80;60;612.7244873;0;0;37.34944153;-0.2238785177;1.651121497;
69.42998505;80;60;610.7155151;0;0;37.44946289;-0.239568606;1.635431409;
69.31187439;80;60;608.8640747;0;0;37.54945374;-0.2566922903;1.61830771;
69.20301819;80;60;606.8616943;0;0;37.64945602;-0.2717231512;1.603276849;
69.08530426;80;60;605.0162964;0;0;37.74946213;-0.28660658;1.58839345;
68.97684479;80;60;603.0204468;0;0;37.84946823;-0.298800081;1.576199889;
68.85948181;80;60;601.1810913;0;0;37.94946671;-0.3101395369;1.564860463;
68.75136566;80;60;599.1917114;0;0;38.04948044;-0.318790108;1.556209922;
68.63442993;80;60;597.3583984;0;0;38.14947128;-0.3261470199;1.548852921;
68.52667999;80;60;595.3754883;0;0;38.24948502;-0.3310597837;1.543940187;
68.4101181;80;60;593.5480957;0;0;38.34948349;-0.3343401253;1.540659904;
68.30271912;80;60;591.5717163;0;0;38.44948578;-0.3354866803;1.53951335;
68.1865921;80;60;589.7503052;0;0;38.54951096;-0.334695518;1.540304422;
68.07971191;80;60;587.7803955;0;0;38.6495018;-0.3321857154;1.542814255;
67.96416473;80;60;585.9649048;0;0;38.74949646;-0.327681154;1.547318816;
67.8576355;80;60;584.0014038;0;0;38.84949875;-0.322398752;1.552601218;
67.74240875;80;60;582.1918945;0;0;38.9495163;-0.3164661825;1.558533788;
67.63630676;80;60;580.2348022;0;0;39.04952621;-0.3112174869;1.563782454;
67.52148438;80;60;578.4312134;0;0;39.14950943;-0.3060379922;1.568961978;
67.4156723;80;60;576.4804688;0;0;39.24952316;-0.3018880486;1.573111892;
67.30128479;80;60;574.6827393;0;0;39.34951782;-0.2981617153;1.576838255;
67.19583893;80;60;572.7383423;0;0;39.44952774;-0.2954711616;1.579528809;
67.08180237;80;60;570.9464722;0;0;39.54953003;-0.2933903933;1.581609607;
66.97672272;80;60;569.0084839;0;0;39.64955139;-0.2922456264;1.582754374;
66.86306763;80;60;567.2224121;0;0;39.74955368;-0.2918472588;1.583152771;
66.75835419;80;60;565.2907104;0;0;39.84955597;-0.2922565937;1.582743406;
66.6450882;80;60;563.510498;0;0;39.94957352;-0.2935379148;1.581462026;
66.54071045;80;60;561.585083;0;0;40.04955292;-0.2954907715;1.579509258;
66.42784119;80;60;559.8106689;0;0;40.14955139;-0.2984379828;1.576562047;
66.32381439;80;60;557.8915405;0;0;40.24955368;-0.3019213974;1.573078632;
66.21133423;80;60;556.1229248;0;0;40.34957504;-0.3065182269;1.568481803;
66.10765076;80;60;554.210083;0;0;40.44956207;-0.3115181029;1.563481927;
65.99555206;80;60;552.4472046;0;0;40.54956818;-0.3177497387;1.557250261;
65.89221954;80;60;550.5405884;0;0;40.64957428;-0.323118329;1.551881671;
65.7804718;80;60;548.7834473;0;0;40.74957275;-0.323118329;1.551881671;
65.67752075;80;60;546.8830566;0;0;40.84959412;-0.323118329;1.551881671;
65.58789825;80;60;545.0952148;0;0;40.94958115;-0.323118329;1.551881671;
65.5058136;80;60;543.1995239;0;0;41.04958344;-0.323118329;1.551881671;
65.38129425;80;60;541.4181519;0;0;41.14959335;-0.5286930799;1.34630692;
65.23073578;80;60;539.6744995;0;0;41.24960327;-0.5378416181;1.337158442;
65.13482666;80;60;537.7885742;0;0;41.34960556;-0.5470023155;1.327997684;
65.03371429;80;60;536.052124;0;0;41.44960403;-0.5576249957;1.317375064;
64.93370056;80;60;534.1735229;0;0;41.54960251;-0.5680572987;1.306942701;
64.82183838;80;60;532.4419556;0;0;41.64960861;-0.5801075697;1.29489243;
64.71913147;80;60;530.5693359;0;0;41.7496109;-0.5919325352;1.283067465;
64.60966492;80;60;528.8435669;0;0;41.849617;-0.6055040359;1.269495964;
64.5089798;80;60;526.9769897;0;0;41.94962311;-0.6187381148;1.256261945;
64.39948273;80;60;525.256897;0;0;42.04964066;-0.6338403225;1.241159678;
64.29850006;80;60;523.3964233;0;0;42.14962769;-0.6484825611;1.226517439;
64.18956757;80;60;521.6818848;0;0;42.24963379;-0.6651039124;1.209896088;
64.08921051;80;60;519.8275146;0;0;42.34963608;-0.681139946;1.193860054;
63.98056412;80;60;518.1185913;0;0;42.44964218;-0.6991483569;1.175851703;
63.88036728;80;60;516.2702637;0;0;42.54964828;-0.7161943316;1.158805609;
63.77196884;80;60;514.5668945;0;0;42.64965057;-0.7344526649;1.140547395;
63.67206955;80;60;512.7246094;0;0;42.74965668;-0.7501295805;1.12487042;
63.56402588;80;60;511.0267639;0;0;42.84968185;-0.7653546333;1.109645367;
63.46444702;80;60;509.1904297;0;0;42.94968033;-0.7775651813;1.097434878;
63.3567276;80;60;507.4981079;0;0;43.04968643;-0.7886278033;1.086372256;
63.25746536;80;60;505.6677246;0;0;43.14968109;-0.7967787385;1.078221321;
63.15010834;80;60;503.980896;0;0;43.24967194;-0.8033461571;1.071653843;
63.05117035;80;60;502.1564636;0;0;43.34968567;-0.8073121905;1.067687869;
62.94432068;80;60;500.4751282;0;0;43.44968796;-0.8094123602;1.06558764;
62.84595108;80;60;498.6566162;0;0;43.54970169;-0.8094630837;1.065536857;
62.73947144;80;60;496.9807434;0;0;43.64968491;-0.8079715967;1.067028403;
62.64132309;80;60;495.1681519;0;0;43.74969101;-0.8061726689;1.068827391;
62.53525925;80;60;493.4977417;0;0;43.84972382;-0.8044953942;1.070504546;
62.43750763;80;60;491.6910706;0;0;43.94970322;-0.80348593;1.07151413;
62.33173752;80;60;490.026062;0;0;44.04972839;-0.8031840324;1.071815968;
62.2342453;80;60;488.2252808;0;0;44.14971161;-0.8037329316;1.071267128;
62.12985611;80;60;486.5657043;0.007812738419;0;44.24971008;-0.8052703738;1.069729567;
62.03555298;80;60;484.770752;0;0;44.34972;-0.8075791597;1.06742084;
61.93089294;80;60;483.1164856;0;0;44.44972992;-0.8110513687;1.063948631;
61.83459091;80;60;481.3272705;0;0;44.54972458;-0.8151516914;1.059848309;
61.72958755;80;60;479.6783752;0;0;44.64977264;-0.8205906153;1.054409385;
61.63309479;80;60;477.894989;0;0;44.74972916;-0.8264785409;1.048521519;
61.52869797;80;60;476.2514648;0;0;44.84973145;-0.8338150978;1.041184902;
61.43505859;80;60;474.465332;0;0;44.94975281;-0.8414274454;1.033572555;
61.33229446;80;60;472.8356628;0.007812738419;0;45.04973984;-0.8506647348;1.024335265;
61.23952484;80;60;471.0637817;0;0;45.14974976;-0.8600139022;1.014986157;
61.13659668;80;60;469.3118286;0.007812738419;0;45.24977112;-0.8711339831;1.003865957;
61.04308701;80;60;467.6730652;0.007812738419;0;45.34975433;-0.8822641969;0.9927358031;
60.94292068;80;60;465.90979;0;0;45.44975662;-0.895255208;0.979744792;
60.84815598;80;60;464.284729;0;0;45.54876328;-0.9081044793;0.9668955207;
60.74666977;80;60;462.6622009;0.007812738419;0;45.64876556;-0.9229489565;0.9520510435;
60.65585327;80;60;460.9072876;0.007812738419;0;45.74878311;-0.9375016689;0.9374983311;
60.55804062;80;60;459.2898865;0.007812738419;0;45.84877396;-0.9541841149;0.9208158851;
60.46783066;80;60;457.5404663;0.007812738419;0;45.94877625;-0.9704266787;0.9045733213;
60.36952972;80;60;455.9281006;0.007812738419;0;46.04878998;-0.9889321327;0.8860678673;
60.27891922;80;60;454.1841431;0.007812738419;0;46.14878464;-1.006850004;0.8681500554;
60.18123245;80;60;452.5768738;0;0;46.24879456;-1.027161598;0.8478384018;
60.08961105;80;60;450.8383789;0.007812738419;0;46.34878922;-1.046738148;0.8282617927;
59.99237442;80;60;449.236145;0.007812738419;0;46.44881058;-1.068840384;0.8061595559;
59.9030571;80;60;447.5031433;0.007812738419;0;46.54879761;-1.090062141;0.7849379182;
59.8064537;80;60;445.9059143;0.007812738419;0;46.6488266;-1.113937736;0.7610622048;
59.71731949;80;60;444.1783142;0;0;46.748806;-1.13676393;0.7382360697;
59.61897659;80;60;442.5860901;0.007812738419;0;46.8488121;-1.16222465;0.7127754092;
59.52923203;80;60;440.8639221;0.007812738419;0;46.94881439;-1.186153173;0.6888468862;
59.43296051;80;60;439.2767334;0.007812738419;0;47.04881668;-1.211734891;0.6632651091;
59.34440994;80;60;437.559906;0.007812738419;0;47.14883041;-1.234294295;0.6407057047;
59.24864197;80;60;435.9776306;0.007812738419;0;47.24886322;-1.257257342;0.6177427173;
59.15968704;80;60;434.2661133;0.007812738419;0;47.34882736;-1.276933551;0.5980665088;
59.06401062;80;60;432.6886902;0.007812738419;0;47.44887161;-1.296498179;0.5785018206;
58.97602463;80;60;430.9824524;0.007812738419;0;47.54883957;-1.312905431;0.5620946288;
58.88082123;80;60;429.4098816;0.007812738419;0;47.64883804;-1.328877091;0.5461229086;
58.79310226;80;60;427.7089233;0.007812738419;0;47.74887085;-1.341954112;0.5330459476;
58.69820786;80;60;426.1412048;0.007812738419;0;47.84884644;-1.354320645;0.5206794143;
58.60855865;80;60;424.4454346;0;0;47.94885635;-1.364080548;0.5109193921;
58.50935364;80;60;422.8826294;0.007812738419;0;48.04885483;-1.372868419;0.5021316409;
58.42079544;80;60;421.1923218;0.007812738419;0;48.14886856;-1.379339218;0.4956607521;
58.32606506;80;60;419.6344604;0;0;48.24887466;-1.384582043;0.4904179573;
58.23555756;80;60;417.9494019;0;0;48.34886932;-1.387795568;0.4872044325;
58.13673019;80;60;416.3964844;0;0;48.44887161;-1.389524817;0.4854751825;
58.04696655;80;60;414.7169189;0.007812738419;0;48.54890823;-1.389511108;0.4854888618;
57.95242691;80;60;413.1690063;0;0;48.64888763;-1.387760043;0.4872399271;
57.86436462;80;60;411.4947205;0;0;48.74888992;-1.384548545;0.4904514253;
57.76744461;80;60;409.9516907;0;0;48.84888458;-1.379348159;0.4956518412;
57.67702866;80;60;408.2827454;0;0;48.94890213;-1.37296629;0.5020337105;
57.57917786;80;60;406.7447205;0;0;49.04890823;-1.364348531;0.5106514692;
57.48903656;80;60;405.0812378;0;0;49.14889908;-1.354827881;0.5201721191;
57.39150238;80;60;403.5482178;0;0;49.24890518;-1.342825651;0.5321743488;
57.30172348;80;60;401.8901367;0;0;49.34890747;-1.330271363;0.5447285771;
57.20458984;80;60;400.3621216;0;0;49.44892502;-1.315252185;0.5597478151;
57.11514664;80;60;398.7095032;0.007812738419;0;49.54891968;-1.300573826;0.5744262338;
57.02180862;80;60;397.1864624;0;0;49.64892197;-1.285100102;0.5898998976;
56.93572998;80;60;395.539093;0;0;49.74892807;-1.271855712;0.6031443477;
56.84214783;80;60;394.0208435;0.007812738419;0;49.84893417;-1.258893132;0.6161069274;
56.75714111;80;60;392.3786621;0;0;49.94894028;-1.248363256;0.6266368032;
56.66429901;80;60;390.8651733;0.007812738419;0;50.04893494;-1.238592744;0.6364071965;
56.57980347;80;60;389.2281189;0.007812738419;0;50.14894104;-1.231106162;0.6438938379;
56.48661423;80;60;387.7193298;0.007812738419;0;50.24894333;-1.224664211;0.6503357887;
56.40196991;80;60;386.0874023;0;0;50.34896088;-1.22025609;0.6547439098;
56.30761337;80;60;384.583374;0;0;50.44895935;-1.217140555;0.6578594446;
56.21944427;80;60;382.9566345;0;0;50.54898071;-1.215789557;0.6592103839;
56.12401962;80;60;381.4574585;0.007812738419;0;50.6489563;-1.215970635;0.6590294242;
56.03872299;80;60;379.8359985;0.007812738419;0;50.74897766;-1.21764791;0.6573520899;
55.94703674;80;60;378.3416748;0;0;50.84896469;-1.221077204;0.6539227962;
55.86160278;80;60;376.7253418;0.007812738419;0;50.94897461;-1.225620985;0.6493789554;
55.7713356;80;60;375.2357483;0.007812738419;0;51.0489769;-1.231888533;0.6431114674;
55.68802643;80;60;373.6245117;0.007812738419;0;51.14898682;-1.23827219;0.6367277503;
55.59751511;80;60;372.1395569;0;0;51.24901199;-1.245316386;0.6296836138;
55.51243591;80;60;370.5333557;0;0;51.34898758;-1.251798153;0.6232017875;
55.41871643;80;60;369.0530701;0;0;51.44902039;-1.258694053;0.6163059473;
55.33195114;80;60;367.4520569;0;0;51.5490036;-1.264891386;0.6101086736;
55.24166107;80;60;365.976593;0.04687643051;0;51.64900589;-1.271405816;0.6035942435;
55.1858902;80;60;364.3806152;0.1015655994;0;51.74901199;-1.277230144;0.5977699161;
55.15032578;80;60;362.908905;0.1406292915;0;51.84902954;-1.28333509;0.5916648507;
55.12881088;80;60;361.3155823;0.1718802452;0;51.94902039;-1.288782001;0.5862179399;
55.11367798;80;60;359.8454285;0.1718802452;0;52.04901505;-1.294478178;0.580521822;
55.10148621;80;60;358.2532349;0.187505722;0;52.14906693;-1.299548268;0.5754517317;
55.09148788;80;60;356.783844;0.187505722;0;52.24901962;-1.304837227;0.5701627731;
55.08349991;80;60;355.1922913;0.187505722;0;52.34903336;-1.309531689;0.5654683113;
55.07289124;80;60;353.7234192;0.187505722;0;52.44902802;-1.314413786;0.5605862141;
55.06420135;80;60;352.1324463;0.187505722;0;52.54903793;-1.318732619;0.5562674403;
55.05558777;80;60;350.6640625;0.187505722;0;52.64904022;-1.323208928;0.5517911315;
55.04782867;80;60;349.0735779;0.187505722;0;52.7490387;-1.327153683;0.5478463769;
55.03935242;80;60;347.6056519;0.187505722;0;52.8490448;-1.331224203;0.5437757373;
55.03152847;80;60;346.0156555;0.187505722;0;52.94905472;-1.334793687;0.5402062535;
55.02311707;80;60;344.5481567;0.187505722;0;53.04909515;-1.338459253;0.5365408063;
55.01532745;80;60;342.9586182;0.187505722;0;53.14905548;-1.34165597;0.5333440304;
55.0069046;80;60;341.4915771;0.187505722;0;53.24905777;-1.344916224;0.5300837755;
54.99914932;80;60;339.9024963;0.187505722;0;53.34907913;-1.347738981;0.5272610784;
54.99074554;80;60;338.4358826;0.187505722;0;53.44906998;-1.350595951;0.5244041085;
54.98300934;80;60;336.8472595;0.187505722;0;53.54908752;-1.353045464;0.5219545364;
54.97460938;80;60;335.381073;0.187505722;0;53.64907455;-1.355497837;0.5195022225;
54.96687698;80;60;333.7929382;0.187505722;0;53.74908066;-1.357574224;0.5174257755;
54.95852661;80;60;332.3271484;0.187505722;0;53.84908676;-1.359622836;0.5153771639;
54.95080948;80;60;330.7394714;0.187505722;0;53.94908524;-1.361327052;0.5136729479;
54.94245911;80;60;329.2741394;0.187505722;0;54.04911804;-1.362971544;0.5120284557;
54.93476105;80;60;327.6869202;0.187505722;0;54.14909744;-1.36430335;0.5106966496;
54.92643738;80;60;326.2220154;0.187505722;0;54.24910355;-1.365545154;0.5094548464;
54.91874695;80;60;324.6352539;0.187505722;0;54.34911728;-1.366505146;0.508494854;
54.91044998;80;60;323.1707764;0.187505722;0;54.44910431;-1.367344022;0.5076559782;
54.90277481;80;60;321.5844727;0.187505722;0;54.54912949;-1.367932558;0.5070674419;
54.89447784;80;60;320.1204224;0.187505722;0;54.64910889;-1.368369102;0.5066309571;
54.88515854;80;60;318.5345764;0.1718802452;0;54.7491188;-1.368586421;0.506413579;
54.8727951;80;60;317.0709839;0.1718802452;0;54.84913635;-1.368620157;0.5063797832;
54.86103821;80;60;315.4857788;0.1718802452;0;54.94913483;-1.368466735;0.5065333247;
54.84834671;80;60;314.0228271;0.1718802452;0;55.04914093;-1.368099093;0.506900847;
54.83665466;80;60;312.438324;0.1718802452;0;55.14912796;-1.367574573;0.5074254274;
54.82397079;80;60;310.9760437;0.1718802452;0;55.24915695;-1.366805077;0.5081948638;
54.8122673;80;60;309.3922119;0.1718802452;0;55.34915161;-1.365910888;0.5090891719;
54.79963684;80;60;307.9305725;0.1718802452;0;55.44914627;-1.364741564;0.5102584362;
54.7879715;80;60;306.3474731;0.1718802452;0;55.54914474;-1.363476515;0.5115235448;
54.77534485;80;60;304.8864746;0.1718802452;0;55.64914703;-1.361906409;0.5130935311;
54.76535034;80;60;303.3040466;0.1953184605;0;55.74916458;-1.360272646;0.5147272944;
54.76535034;80;60;301.8436584;0.2968840599;0;55.84915543;-1.35830307;0.5166969299;
54.78605652;80;60;300.2614746;0.3906369209;0;55.9491806;-1.35629952;0.5187004805;
54.83923721;80;60;298.800415;0.4609515667;0;56.04917145;-1.353927732;0.5210722685;
54.90602493;80;60;297.216095;0.5000152588;0;56.14917755;-1.351551414;0.5234485865;
54.992836;80;60;295.7518311;0.5547044277;0;56.24917221;-1.348774433;0.5262255669;
55.08192825;80;60;294.163147;0.5547044277;0;56.34918213;-1.346023917;0.5289761424;
55.18120193;80;60;292.6942139;0.5703299046;0;56.44919205;-1.342838883;0.5321611166;
55.27322388;80;60;291.1001282;0.6250190735;0;56.54918671;-1.339709759;0.5352902412;
55.37698746;80;60;289.6261292;0.6484572887;0;56.649189;-1.33611393;0.5388861299;
55.48676682;80;60;288.0264282;0.6640827656;0;56.74919891;-1.33260417;0.5423958302;
55.62036514;80;60;286.5466614;0.6875209808;0;56.84920883;-1.328592896;0.5464071631;
55.76552582;80;60;284.9399109;0.6875209808;0;56.94927597;-1.324694157;0.5503057837;
55.95567703;80;60;283.4526367;0.6875209808;0;57.04922104;-1.320256352;0.5547436476;
56.13156128;80;60;281.8361511;0.6875209808;0;57.14920807;-1.315960407;0.5590395331;
56.32212067;80;60;280.3392334;0.6875209808;0;57.2492218;-1.311063766;0.5639362931;
56.49665833;80;60;278.7123108;0.6875209808;0;57.34923172;-1.30638957;0.5686104894;
56.68700027;80;60;277.205658;0.6875209808;0;57.44921875;-1.301079392;0.5739206672;
56.86484909;80;60;275.5682068;0.7031464577;0;57.54924011;-1.295972109;0.5790278912;
57.06119156;80;60;274.0517578;0.7031464577;0;57.64925385;-1.290214181;0.5847858191;
57.24302673;80;60;272.3955383;0.7187719345;0;57.74923325;-1.284690619;0.5903093815;
57.44529724;80;60;270.868988;0.7187719345;0;57.84924316;-1.278479576;0.5965203643;
57.63315201;80;60;269.2095947;0.7031464577;0;57.94923782;-1.272501111;0.602498889;
57.82989502;80;60;267.6726685;0.7031464577;0;58.04924393;-1.265825868;0.609174192;
58.01073074;80;60;266.0102844;0.7031464577;0;58.14928055;-1.259448051;0.6155519485;
58.20677567;80;60;264.4552612;0.7031464577;0;58.24926758;-1.252303839;0.6226961613;
58.3877182;80;60;262.7738953;0.7031464577;0;58.34925461;-1.245490432;0.6295095682;
58.58358002;80;60;261.2168884;0.7031464577;0;58.44926453;-1.237869263;0.6371307373;
58.76437378;80;60;259.5246582;0.7031464577;0;58.54925919;-1.230612874;0.6443871856;
58.96014023;80;60;257.9575806;0.7031464577;0;58.64932632;-1.222508192;0.6524918079;
59.14082718;80;60;256.2544556;0.7031464577;0;58.74927521;-1.214801311;0.6601987481;
59.33652496;80;60;254.6773376;0.7031464577;0;58.84927368;-1.20620501;0.6687949896;
59.5170784;80;60;252.9633636;0.7031464577;0;58.94929123;-1.198041558;0.6769583821;
59.71266556;80;60;251.3762054;0.7031464577;0;59.04930878;-1.188946366;0.6860536933;
59.89058685;80;60;249.6513672;0.6875209808;0;59.14930344;-1.180318832;0.6946811676;
60.08008957;80;60;248.0542755;0.7031464577;0;59.24929428;-1.170718908;0.7042810917;
60.25997543;80;60;246.3188019;0.7031464577;0;59.34931946;-1.161621571;0.713378489;
60.45549011;80;60;244.7118378;0.7031464577;0;59.44930649;-1.151507139;0.7234928608;
60.63575745;80;60;242.9655304;0.7031464577;0;59.54930115;-1.141932368;0.7330676317;
60.83087921;80;60;241.3485413;0.7031464577;0;59.64931488;-1.131297469;0.7437025309;
61.01028061;80;60;239.5914001;0.6875209808;0;59.74930954;-1.121236324;0.7537636757;
61.19527054;80;60;237.964447;0.6484572887;0;59.84931183;-1.110073686;0.7649262547;
61.33938217;80;60;236.1968231;0.5156407356;0;59.94931793;-1.099526286;0.7754737139;
61.45369339;80;60;234.5612488;0.4609515667;0;60.04932022;-1.087842345;0.7871576548;
61.55433655;80;60;232.7861481;0.3203222752;0;60.14932251;-1.076819777;0.7981801629;
61.6047287;80;60;231.1447906;0.1171910763;0;60.2493248;-1.064624071;0.8103758693;
61.592659;80;60;229.3654327;0;0;60.3493309;-1.053142667;0.8218573332;
61.52563477;80;60;227.7233124;0;0;60.44934082;-1.0404706;0.8345293403;
61.43740082;80;60;225.9461517;0;0;60.54933929;-1.028561831;0.8464381695;
61.33407593;80;60;224.3080444;0;0;60.64934921;-1.015436172;0.8595637679;
61.23837662;80;60;222.5362244;0;0;60.74936295;-1.003115177;0.8718847632;
61.13474655;80;60;220.9033051;0;0;60.84936523;-0.9895482063;0.8854517937;
61.03913879;80;60;219.1371765;0;0;60.94935226;-0.9768227339;0.8981772661;
60.93575668;80;60;217.5095367;0;0;61.04935837;-0.9628196359;0.9121803641;
60.84053421;80;60;215.7491302;0;0;61.14937973;-0.9496943951;0.9253056049;
60.73751831;80;60;214.1267548;0;0;61.24938202;-0.9352609515;0.9397390485;
60.64258194;80;60;212.3720551;0;0;61.3494072;-0.9217405319;0.9532594681;
60.53990173;80;60;210.7549744;0;0;61.44937515;-0.9068815708;0.9681184292;
60.44530106;80;60;209.0059662;0;0;61.5493927;-0.8929702044;0.9820297956;
60.34293747;80;60;207.3941345;0;0;61.64938736;-0.8776892424;0.9973107576;
60.24863052;80;60;205.6508179;0;0;61.74939346;-0.8633906841;1.011609316;
60.14662933;80;60;204.0442352;0;0;61.84941101;-0.8476921916;1.027307749;
60.05261612;80;60;202.3065948;0;0;61.94939804;-0.8330104947;1.041989446;
59.95095825;80;60;200.7052307;0;0;62.04941177;-0.8168988824;1.058101177;
59.85725021;80;60;198.9732361;0;0;62.14940643;-0.8018370271;1.073163033;
59.7559166;80;60;197.3770905;0;0;62.24940872;-0.7853165269;1.089683414;
59.6625061;80;60;195.6507416;0;0;62.3494072;-0.7698786259;1.105121374;
59.56149292;80;60;194.0597992;0;0;62.44941711;-0.7529526949;1.122047305;
59.46840286;80;60;192.3390656;0;0;62.54942322;-0.7371434569;1.137856483;
59.36867523;80;60;190.7532959;0;0;62.64942169;-0.7199836373;1.155016303;
59.27587509;80;60;189.054657;0;0;62.74943161;-0.703807354;1.171192646;
59.17551422;80;60;187.3424072;0;0;62.8494339;-0.6860851645;1.188914776;
59.08302307;80;60;185.7644501;0;0;62.94942856;-0.66954422;1.20545578;
58.98297119;80;60;184.057785;0;0;63.04844284;-0.6514286995;1.223571301;
58.89077759;80;60;182.4849701;0;0;63.1484375;-0.6345270276;1.240473032;
58.79105377;80;60;180.9146118;0;0;63.24844742;-0.6160221696;1.25897789;
58.6991539;80;60;179.2161713;0;0;63.34846878;-0.5987620354;1.276237965;
58.59975052;80;60;177.6509247;0;0;63.44846344;-0.5798717737;1.295128226;
58.50812149;80;60;175.9580078;0;0;63.5484581;-0.56225878;1.31274128;
58.40906143;80;60;174.3978729;0;0;63.6484642;-0.5429869294;1.33201313;
58.31773758;80;60;172.7104797;0;0;63.74847794;-0.5250229239;1.349977136;
58.21897507;80;60;171.1554108;0;0;63.84848022;-0.505373776;1.369626284;
58.12794113;80;60;169.4735107;0;0;63.94847107;-0.4870628119;1.387937188;
58.02949524;80;60;167.9235229;0;0;64.04847717;-0.4670398533;1.407960176;
57.93878555;80;60;166.2471008;0;0;64.14847565;-0.4483857155;1.426614285;
57.84062958;80;60;164.7021637;0;0;64.24849701;-0.4279927909;1.447007179;
57.75019073;80;60;163.0312195;0;0;64.34849548;-0.4089987278;1.466001272;
57.65237808;80;60;161.4913177;0;0;64.44852448;-0.3882394433;1.486760616;
57.56222153;80;60;159.8258057;0;0;64.54850006;-0.3689200878;1.506079912;
57.46438217;80;60;158.2909241;0;0;64.64849854;-0.3480118513;1.526988149;
57.37383652;80;60;156.6308441;0;0;64.74850464;-0.3289726675;1.546027303;
57.27590179;80;60;155.1009827;0;0;64.84851074;-0.3097925186;1.565207481;
57.18563461;80;60;153.4463348;0;0;64.94853973;-0.294819653;1.580180287;
57.08796692;80;60;151.9214478;0;0;65.04850769;-0.2822199762;1.592779994;
56.99791718;80;60;150.272171;0;0;65.14851379;-0.2741919458;1.600808024;
56.90049362;80;60;148.752243;0;0;65.2485199;-0.269579947;1.605420113;
56.81088638;80;60;147.1083527;0;0;65.34854126;-0.2691299915;1.605870008;
56.71446228;80;60;145.5934143;0;0;65.4485321;-0.2726245522;1.602375507;
56.62796783;80;60;143.9549103;0.007812738419;0;65.54853821;-0.2792827487;1.595717192;
56.53922272;80;60;142.4448547;0.02343821526;0;65.64854431;-0.2892029881;1.585796952;
56.46318817;80;60;140.8114471;0.02343821526;0;65.74854279;-0.2999819815;1.575018048;
56.38179398;80;60;139.3058014;0.02343821526;0;65.84854889;-0.3130531013;1.561946869;
56.30668259;80;60;137.6769714;0.02343821526;0;65.94857788;-0.3262304366;1.548769593;
56.22538376;80;60;136.1755524;0.02343821526;0;66.04857635;-0.3415899575;1.533410072;
56.15054321;80;60;134.5512695;0.02343821526;0;66.14859009;-0.3567241132;1.518275857;
56.06958008;80;60;133.0540314;0.02343821526;0;66.24855804;-0.3741342127;1.500865817;
55.99493408;80;60;131.4342957;0.02343821526;0;66.34856415;-0.3911305964;1.483869433;
55.91417694;80;60;129.9412384;0.02343821526;0;66.44857025;-0.4105391502;1.46446085;
55.84006882;80;60;128.3260193;0.03125095367;0;66.54859924;-0.4293699563;1.445630074;
55.76336288;80;60;126.8371277;0.03125095367;0;66.64857483;-0.4507604241;1.424239635;
55.69351578;80;60;125.2263031;0.03125095367;0;66.74858093;-0.4714159369;1.403584123;
55.61797714;80;60;123.7413483;0.03125095367;0;66.84858704;-0.4947763383;1.380223632;
55.54833603;80;60;122.1347733;0.03125095367;0;66.9486084;-0.5172448158;1.357755184;
55.47303391;80;60;120.6537399;0.03125095367;0;67.04859161;-0.542562902;1.332437158;
55.40361786;80;60;119.0514069;0.03125095367;0;67.14859772;-0.5668318868;1.308168054;
55.32852936;80;60;117.5742874;0.03125095367;0;67.24860382;-0.5940924287;1.280907512;
55.25931931;80;60;115.976181;0.03125095367;0;67.34860229;-0.6201477647;1.254852295;
55.18444824;80;60;114.5029602;0.03125095367;0;67.4486084;-0.6493366361;1.225663304;
55.11544037;80;60;112.9090881;0.03125095367;0;67.54860687;-0.677164793;1.197835207;
55.04079056;80;60;111.4397659;0.03125095367;0;67.64861298;-0.7082669139;1.166733027;
54.97198868;80;60;109.8501129;0.03125095367;0;67.74861908;-0.7378551364;1.137144923;
54.89756393;80;60;108.3846817;0.03125095367;0;67.84862518;-0.7708560228;1.104143977;
54.82896805;80;60;106.7992477;0.03125095367;0;67.94863129;-0.8021905422;1.072809458;
54.75473404;80;60;105.3377075;0.03125095367;0;68.04862976;-0.8370764852;1.037923574;
54.68634415;80;60;103.756485;0.03125095367;0;68.14864349;-0.8701435924;1.004856467;
54.61236191;80;60;102.2988358;0.03125095367;0;68.24863434;-0.9068994522;0.9681005478;
54.54415131;80;60;100.7218246;0.03125095367;0;68.34864807;-0.9416861534;0.9333138466;
54.47036743;80;60;99.26806641;0.03125095367;0;68.44864655;-0.9802975059;0.8947024941;
54.40237045;80;60;97.69525909;0.03125095367;0;68.54864502;-1.016790628;0.8582094312;
54.32881927;80;60;96.24539185;0.03125095367;0;68.64865875;-1.057243466;0.817756474;
54.2610054;80;60;94.67679596;0.03125095367;0;68.74865723;-1.095429897;0.7795701027;
54.18767548;80;60;93.23081207;0.03125095367;0;68.8486557;-1.137710333;0.7372896671;
54.12005997;80;60;91.66643524;0.03125095367;0;68.94866943;-1.1775769;0.6974231601;
54.04692841;80;60;90.22433472;0.03125095367;0;69.04867554;-1.221670508;0.6533294916;
53.97951508;80;60;88.66417694;0.03125095367;0;69.14868927;-1.263204455;0.6117955446;
53.90660858;80;60;87.22597504;0.03125095367;0;69.24867249;-1.309097409;0.5659025908;
53.83939743;80;60;85.67003632;0.03125095367;0;69.34872437;-1.352285624;0.5227143764;
53.76644135;80;60;84.23573303;0.03125095367;0;69.44868469;-1.399963737;0.4750362337;
53.69883728;80;60;82.68403625;0.02343821526;0;69.54868317;-1.444793105;0.4302068353;
53.62424088;80;60;81.25366974;0.03125095367;0;69.6486969;-1.494240999;0.3807590306;
53.55643463;80;60;79.7062912;0.03125095367;0;69.74871063;-1.540696621;0.3343033493;
53.48402405;80;60;78.27992249;0.03125095367;0;69.84870911;-1.591899991;0.2830999494;
53.41743469;80;60;76.73682404;0.03125095367;0;69.94869995;-1.639970303;0.2350296527;
53.34321594;80;60;75.31439972;0.03125095367;0;70.04871368;-1.692916393;0.1820836365;
53.27575302;80;60;73.77563477;0.03125095367;0;70.14873505;-1.742587566;0.1324124038;
53.20291519;80;60;72.34986115;0;0;70.24871826;-1.797261238;0.0777387321;
53.12338638;80;60;70.82285309;0;0;70.34874725;-1.848514676;0.02648532391;
53.03265762;80;60;69.40886688;0;0;70.44872284;-1.844851136;-0.03014889732;
52.94979095;80;60;67.87970734;0;0;70.54872894;-1.79233098;-0.0826689899;
52.85943604;80;60;66.47064209;0;0;70.64872742;-1.734031677;-0.140968293;
52.77649307;80;60;64.94686127;0;0;70.74875641;-1.679714441;-0.1952856183;
52.68669128;80;60;63.54278946;0;0;70.84876251;-1.620052695;-0.2549473345;
52.60440445;80;60;62.02443314;0;0;70.9487381;-1.564522862;-0.3104771078;
52.51451111;80;60;60.61811066;0;0;71.04876709;-1.502946973;-0.3720530272;
52.43204117;80;60;59.10524368;0;0;71.14876556;-1.4456352;-0.4293648601;
52.34283066;80;60;57.7112999;0;0;71.24874878;-1.382746696;-0.4922533035;
52.26064301;80;60;56.20397186;0;0;71.34876251;-1.323959708;-0.5510402918;
52.17170334;80;60;54.81517792;0;0;71.44876099;-1.259482026;-0.6155179739;
52.08974838;80;60;53.31347275;0;0;71.54876709;-1.199235916;-0.6757641435;
52.00108719;80;60;51.92991257;0;0;71.64876556;-1.13318491;-0.7418150902;
51.91938782;80;60;50.43392563;0;0;71.74877167;-1.071494699;-0.8035053015;
51.83099747;80;60;49.05570221;0;0;71.84877777;-1.003886938;-0.8711130023;
51.74954224;80;60;47.56556702;0;0;71.94878387;-0.9407672882;-0.9342327118;
51.66143799;80;60;46.19281387;0;0;72.04878998;-0.8716184497;-1.003381491;
51.58026886;80;60;44.70869064;0;0;72.14878845;-0.8070835471;-1.067916393;
51.49236679;80;60;43.34157562;0;0;72.24881744;-0.736410141;-1.138589859;
51.41143417;80;60;41.86367798;0;0;72.34881592;-0.7117626667;-1.163237333;
51.32382584;80;60;40.50242615;0;0;72.44880676;-0.7117626667;-1.163237333;
51.24319458;80;60;39.03102875;0;0;72.54881287;-0.7117626667;-1.163237333;
51.15588379;80;60;37.67593384;0;0;72.64880371;-0.7117626667;-1.163237333;
51.07537842;80;60;36.21139908;0;0;72.7488327;-0.7117626667;-1.163237333;
50.98834229;80;60;34.86285019;0;0;72.84882355;-0.7117626667;-1.163237333;
50.90817642;80;60;33.40567398;0;0;72.94882202;-0.7117626667;-1.163237333;
50.82133865;80;60;32.06420517;0;0;73.04883575;-0.7117626667;-1.163237333;
50.74132538;80;60;30.61506271;0;0;73.14883423;-0.7117626667;-1.163237333;
50.65493011;80;60;29.2814045;0;0;73.24885559;-0.7117626667;-1.163237333;
50.57512665;80;60;27.84124374;0;0;73.34886169;-0.7117626667;-1.163237333;
50.48889923;80;60;26.51645279;0;0;73.44884491;-0.7117626667;-1.163237333;
50.40937424;80;60;25.08665085;0;0;73.54885101;-0.7117626667;-1.163237333;
50.32341766;80;60;23.77226639;0;0;73.64888;-0.7117626667;-1.163237333;
50.24417114;80;60;22.35487747;0;0;73.74887085;-0.7117626667;-1.163237333;
50.15857697;80;60;21.05325508;0;0;73.84889984;-0.7117626667;-1.163237333;
50.07940674;80;60;19.65142822;0;0;73.94886017;-0.7117626667;-1.163237333;
49.99298477;80;60;18.36613464;0;0;74.04886627;-0.7117626667;-1.163237333;
49.91316223;80;60;16.98448753;0;0;74.14889526;-0.7117626667;-1.163237333;
49.83204651;80;60;15.72034073;0;0;74.24889374;-0.7117626667;-1.163237333;
49.77416611;80;60;14.3386488;0;0;74.34887695;-0.7117626667;-1.163237333;
49.67435455;80;60;13.10356522;0;0;74.44887543;-0.7117626667;-1.163237333;
49.59045792;80;60;11.88889503;0;0;74.54888916;0.7716702223;-2.646670341;
49.49758148;80;60;10.57567787;0;0;74.64888763;0.8199616075;-2.694961548;
49.41514587;80;60;9.423092842;0;0;74.74890137;0.8654301763;-2.740430117;
49.34086609;80;60;8.230856895;0;0;74.84890747;0.901777029;-2.776777029;
49.25928497;80;60;7.203918934;0;0;74.94890594;0.9350438118;-2.810043812;
49.18270493;80;60;6.212079048;0;0;75.04890442;0.9600424767;-2.835042477;
49.09931946;80;60;5.464540005;0;0;75.14890289;0.9810227752;-2.856022835;
49.02378464;80;60;4.922889233;0;0;75.248909;0.9947788715;-2.869778872;
48.94284058;80;60;4.749717236;0;0;75.34896088;1.003616333;-2.878616333;
48.86800766;80;60;4.953656197;0;0;75.44891357;1.006210685;-2.881210566;
48.78725052;80;60;5.463565826;0;0;75.54891968;1.003020048;-2.878020048;
48.71330643;80;60;6.273943901;0;0;75.64892578;0.9945573211;-2.869557381;
48.63357544;80;60;7.18292284;0;0;75.74893188;0.9794418216;-2.854441881;
48.56029892;80;60;8.280526161;0;0;75.84893036;0.9600226283;-2.835022688;
48.48134232;80;60;9.362328529;0;0;75.94894409;0.9330922961;-2.808092356;
48.40893936;80;60;10.58374214;0;0;76.0489502;0.9028205872;-2.777820587;
48.33191299;80;60;11.74268913;0;0;76.14894867;0.8643208146;-2.739320755;
48.26166916;80;60;13.02212143;0;0;76.2489624;0.8237066269;-2.698706627;
48.18570328;80;60;14.21913719;0;0;76.34895325;0.7750489712;-2.650048971;
48.11595917;80;60;15.52880955;0;0;76.44895172;0.7269046903;-2.601904631;
48.0409584;80;60;16.74679375;0;0;76.54896545;0.671785295;-2.546785355;
47.97201538;80;60;18.07361412;0;0;76.6489563;0.6183142066;-2.493314266;
47.89767075;80;60;19.30345535;0;0;76.74897003;0.5576845407;-2.43268466;
47.82945251;80;60;20.63986969;0;0;76.84902191;0.4992824197;-2.37428236;
47.75627136;80;60;21.87628365;0;0;76.94897461;0.4334980547;-2.308498144;
47.68908691;80;60;23.21794891;0;0;77.04898071;0.3706644773;-2.245664358;
47.6166153;80;60;24.45791817;0;0;77.14897919;0.3010534048;-2.176053286;
47.55034637;80;60;25.80250359;0;0;77.24899292;0.2363146842;-2.111314774;
47.47944641;80;60;27.04456329;0;0;77.34899902;0.1660649627;-2.041064978;
47.41471481;80;60;28.3907547;0;0;77.4489975;0.1012091786;-1.976209164;
47.34511948;80;60;29.63368607;0;0;77.54901886;0.03101396188;-1.906013966;
47.28138733;80;60;30.9802475;0;0;77.64900208;-0.03369496763;-1.841305017;
47.21266174;80;60;32.22307205;0;0;77.74900055;-0.1036981121;-1.771301866;
47.14953995;80;60;33.5690918;0;0;77.8490448;-0.1682272255;-1.706772804;
47.08142853;80;60;34.81108093;0;0;77.94902039;-0.2380359322;-1.636964083;
47.01885986;80;60;36.15589523;0;0;78.04902649;-0.3023843467;-1.572615623;
46.95141602;80;60;37.39653015;0;0;78.14903259;-0.3720003366;-1.502999663;
46.88946152;80;60;38.73965073;0;0;78.24902344;-0.4361746311;-1.438825369;
46.82262802;80;60;39.97854614;0;0;78.34903717;-0.5056017041;-1.369398236;
46.76123047;80;60;41.31962585;0;0;78.44903564;-0.569601953;-1.305397987;
46.69506454;80;60;42.55650711;0;0;78.54904175;-0.6388419867;-1.236158013;
46.6342392;80;60;43.89527893;0;0;78.64904785;-0.7026719451;-1.172328115;
46.56867218;80;60;45.1299324;0;0;78.74904633;-0.7717278004;-1.1032722;
46.50841904;80;60;46.46620178;0;0;78.8490448;-0.8353832364;-1.039616823;
46.4433136;80;60;47.69847488;0;0;78.9490509;-0.9041324258;-0.9708675742;
46.38318253;80;60;49.03211212;0;0;79.04905701;-0.9672545791;-0.9077454209;
46.31839752;80;60;50.26194;0;0;79.14906311;-1.03455925;-0.8404407501;
46.25891495;80;60;51.59299088;0;0;79.24906921;-1.094755054;-0.7802449465;
46.19482803;80;60;52.82053375;0;0;79.34906769;-1.157493591;-0.7175064087;
46.13591003;80;60;54.14913559;0;0;79.44906616;-1.213048577;-0.6619514823;
46.07237625;80;60;55.37437439;0;0;79.54908752;-1.270617008;-0.6043829918;
46.01399612;80;60;56.70042038;0;0;79.649086;-1.321330428;-0.5536695719;
45.95103836;80;60;57.92324829;0;0;79.7490921;-1.373647332;-0.5013526678;
45.89324188;80;60;59.24663162;0;0;79.84908295;-1.419525623;-0.4554743469;
45.83086777;80;60;60.46695709;0;0;79.94908905;-1.466624379;-0.4083756804;
45.77360153;80;60;61.78758621;0;0;80.04911041;-1.507705688;-0.3672943115;
45.7124176;80;60;63.09407425;0;0;80.14909363;-1.549236059;-0.3257639706;
45.65566254;80;60;64.31046295;0;0;80.24909973;-1.585580468;-0.289419502;
