sep=;
unknown1; unknown2; currentSpeed; currentLimit; nextLimit; distance; gaspedal; brakepedal; timestamp

0.2888452709;100;80;512.0557861;0;0;0.0990030095;-1.417297426e-005;1.874985814;
0.4596779346;100;80;512.0461426;0;0;0.1989991069;-1.050400169e-005;1.87498951;
0.6099054217;100;80;512.0333252;0;0;0.2990090549;-1.693827812e-006;1.874998331;
0.7635366917;100;80;512.0157471;0;0;0.3990128636;2.513245818e-006;1.875002503;
0.8991371393;100;80;511.995697;0;0;0.4990253747;2.853683782e-006;1.875002861;
1.042465568;100;80;511.9696655;0;0;0.5990297198;4.582024303e-006;1.87500453;
1.171324849;100;80;511.9419861;0;0;0.6990237236;8.50165361e-006;1.875008464;
1.307169795;100;80;511.9081116;0;0;0.7990388274;1.294037793e-005;1.875012994;
1.429421544;100;80;511.8733215;0;0;0.8990585208;1.803176201e-005;1.875018001;
1.499341249;100;80;511.8546753;0;0;0.9490347505;2.152363959e-005;1.875021577;
1.616780758;100;80;511.8115845;0;0;1.049040675;2.875459904e-005;1.875028729;
1.740861297;100;80;511.7684937;0;0;1.149038792;3.847886182e-005;1.875038505;
1.852491498;100;80;511.7183838;0;0;1.24904716;4.869094846e-005;1.875048637;
1.970296264;100;80;511.6690369;0;0;1.349049449;6.25743487e-005;1.875062585;
2.076249838;100;80;511.6122742;0;0;1.449053288;7.797457511e-005;1.875077963;
2.188186646;100;80;511.5569153;0;0;1.54905498;9.778221283e-005;1.875097752;
2.288794756;100;80;511.493866;0;0;1.649058819;0.0001189599789;1.875118971;
2.394889593;100;80;511.4328613;0;0;1.74906671;0.0001454490412;1.875145435;
2.490283489;100;80;511.3638;0;0;1.849073052;0.0001737959974;1.875173807;
2.590927362;100;80;511.2974243;0;0;1.949068666;0.0002086951863;1.875208735;
2.681258678;100;80;511.2227173;0;0;2.049071312;0.0002450229076;1.875244975;
2.776573181;100;80;511.1512146;0;0;2.149096727;0.0002896232472;1.875289679;
2.862235546;100;80;511.0711365;0;0;2.249085188;0.0003356951638;1.875335693;
2.952491045;100;80;510.9948425;0;0;2.349090099;0.0003912707907;1.875391245;
3.033639193;100;80;510.909668;0;0;2.449146032;0.0004479589115;1.875447989;
3.119208574;100;80;510.8287659;0;0;2.549096584;0.0005156527041;1.875515699;
3.19609642;100;80;510.7387695;0;0;2.649093628;0.0005845164414;1.875584483;
3.277222633;100;80;510.6535645;0;0;2.749104261;0.0006659628125;1.875666022;
3.350083351;100;80;510.5589905;0;0;2.849102259;0.0007479159394;1.875747919;
3.426980734;100;80;510.4696655;0;0;2.949109793;0.0008440152742;1.875844002;
3.496031046;100;80;510.3707886;0;0;3.049127817;0.0009403136792;1.875940323;
3.568891048;100;80;510.2775574;0;0;3.149116755;0.001052951789;1.876052976;
3.634257078;100;80;510.1745605;0;0;3.249133348;0.001164816087;1.876164794;
3.703231096;100;80;510.0776672;0;0;3.349125862;0.00129456853;1.876294613;
3.76513958;100;80;509.9707642;0;0;3.44913125;0.001422879985;1.876422882;
3.830451012;100;80;509.8703613;0;0;3.54913187;0.001571459114;1.876571417;
3.889101267;100;80;509.7597961;0;0;3.649137259;0.001714527141;1.876714468;
3.950937748;100;80;509.6560974;0;0;3.749141216;0.001874990645;1.876875043;
4.006484032;100;80;509.5420532;0;0;3.84913969;0.00201935228;1.877019405;
4.065128326;100;80;509.4352112;0;0;3.949145079;0.002153951675;1.877153993;
4.117815495;100;80;509.3178711;0;0;4.049158096;0.002261701738;1.877261758;
4.173407555;100;80;509.2080688;0;0;4.149155617;0.002366807777;1.877366781;
4.224287987;100;80;509.0875549;0.02343821526;0;4.24916172;0.002456358634;1.877456307;
4.285114288;100;80;508.9749146;0.06250190735;0;4.349178314;0.002550846431;1.87755084;
4.352164745;100;80;508.8511658;0.0859401226;0;4.449185371;0.002634257544;1.877634287;
4.437767506;100;80;508.7350464;0.1171910763;0;4.54916954;0.002718948759;1.877718925;
4.53150177;100;80;508.6068726;0.187505722;0;4.649174213;0.002791955136;1.877792001;
4.658686638;100;80;508.4859009;0.2109439373;0;4.749178886;0.002865668153;1.877865672;
4.80610466;100;80;508.3512878;0.2656331062;0;4.849197865;0.002928668633;1.877928615;
5.008840561;100;80;508.2229004;0.2812585831;0;4.949194431;0.002991058631;1.87799108;
5.235812664;100;80;508.0781555;0.2812585831;0;5.049195766;0.00304271467;1.878042698;
5.517014503;100;80;507.9382324;0.3046967983;0;5.149202824;0.003091233782;1.878091216;
5.814237595;100;80;507.7788696;0.3593859673;0;5.249217033;0.003128131852;1.878128171;
6.20284462;100;80;507.6234436;0.429700613;0;5.349207878;0.003157677129;1.878157735;
6.644416332;100;80;507.4441528;0.4609515667;0;5.449204445;0.00317368214;1.878173709;
7.210687637;100;80;507.2663269;0.4453260899;0;5.549213886;0.00317544979;1.878175497;
7.774071693;100;80;507.0579834;0.4062623978;0;5.64921236;0.003159136977;1.878159165;
8.370451927;100;80;506.8503418;0.4062623978;0;5.749249458;0.003117581131;1.878117561;
8.910545349;100;80;506.6089478;0.4062623978;0;5.849230289;0.003053021617;1.878053069;
9.479610443;100;80;506.3711853;0.4062623978;0;5.94924736;0.002949314658;1.877949357;
9.989542007;100;80;506.0978394;0.4062623978;0;6.049232483;0.002817951841;1.877817988;
10.52492428;100;80;505.8313904;0.4062623978;0;6.149237633;0.002631404903;1.877631426;
11.00672054;100;80;505.5279236;0.4609515667;0;6.249248981;0.002414495219;1.877414465;
11.54446507;100;80;505.2343445;0.4062623978;0;6.349255562;0.002122988924;1.877122998;
12.05030346;100;80;504.9013367;0.4062623978;0;6.449250221;0.001798360841;1.876798391;
12.59052467;100;80;504.5799255;0.429700613;0;6.549250603;0.001380736474;1.876380682;
13.07480335;100;80;504.2149963;0.429700613;0;6.649255753;0.000922808249;1.875922799;
13.57066059;100;80;503.8663635;0.4453260899;0;6.749275684;0.0003498052538;1.87534976;
14.47832584;100;80;503.4744873;0.4453260899;0;6.849267483;-0.0002694213181;1.874730587;
15.26671314;100;80;503.0864868;0.4453260899;0;6.949274063;-0.001066747587;1.873933196;
15.57690716;100;80;502.6466675;0.4453260899;0;7.049265385;-0.001890619751;1.873109341;
15.8938303;100;80;502.2333984;0.4453260899;0;7.149274349;-0.002889396856;1.872110605;
16.20630455;100;80;501.7747498;0.4453260899;0;7.249299526;-0.003912081011;1.871087909;
16.53399849;100;80;501.3424988;0.4453260899;0;7.349280834;-0.005132920109;1.869867086;
16.8289547;100;80;500.8656311;0.4609515667;0;7.449304104;-0.006368654314;1.868631363;
17.17593002;100;80;500.4169617;0.484389782;0;7.549285412;-0.007833539508;1.867166519;
17.518507;100;80;499.921051;0.5000152588;0;7.649291515;-0.009310056455;1.865689993;
17.88675308;100;80;499.4538269;0.484389782;0;7.749296665;-0.01104770508;1.863952279;
18.2206459;100;80;498.9375305;0.5000152588;0;7.849301338;-0.01278702822;1.862213016;
18.59694099;100;80;498.4515991;0.5000152588;0;7.949302197;-0.01482567191;1.860174298;
18.94506645;100;80;497.9146729;0.5000152588;0;8.049308777;-0.01685499214;1.858144999;
19.31011009;100;80;497.4094238;0.4687643051;0;8.149310112;-0.0192202609;1.855779767;
19.62752914;100;80;496.8520203;0.4687643051;0;8.249311447;-0.02156121284;1.853438735;
19.96519852;100;80;496.3286743;0.4609515667;0;8.349319458;-0.02427406237;1.850725889;
20.2755661;100;80;495.7522583;0.4609515667;0;8.449331284;-0.02694666199;1.848053336;
20.61348724;100;80;495.2115479;0.4687643051;0;8.549333572;-0.03003077768;1.844969273;
20.93319702;100;80;494.616394;0.484389782;0;8.649327278;-0.03305945545;1.841940522;
21.29264641;100;80;494.0581055;0.484389782;0;8.749353409;-0.03654716536;1.838452816;
21.62415504;100;80;493.4432983;0.484389782;0;8.8493433;-0.03996199742;1.835037947;
21.98238182;100;80;492.8666077;0.484389782;0;8.949352264;-0.04388454556;1.831115484;
22.3130455;100;80;492.2319031;0.484389782;0;9.049371719;-0.0477142036;1.827285767;
22.81672096;100;80;491.6365051;0.484389782;0;9.14935112;-0.05211694911;1.82288301;
23.24044418;100;80;490.9773865;0.484389782;0;9.24935627;-0.0564318113;1.81856823;
23.61992264;100;80;490.3577576;0.4687643051;0;9.349359512;-0.06136583164;1.813634157;
23.91069984;100;80;489.6762085;0.4453260899;0;9.449363708;-0.06615934521;1.808840632;
24.13480568;100;80;489.0389099;0.429700613;0;9.54938221;-0.07160315663;1.803396821;
24.31734657;100;80;488.3423157;0.4609515667;0;9.649378777;-0.07685063779;1.798149347;
24.55015564;100;80;487.6940308;0.4687643051;0;9.749382973;-0.08278913051;1.792210817;
24.75652313;100;80;486.9850464;0.429700613;0;9.849373817;-0.08851352334;1.786486506;
24.95040321;100;80;486.3250427;0.4062623978;0;9.949393272;-0.09497249871;1.780027509;
25.11971664;100;80;485.6046753;0.3906369209;0;10.04940987;-0.1011749357;1.773825049;
25.29605675;100;80;484.934906;0.3906369209;0;10.14938927;-0.1081586704;1.766841292;
25.45849228;100;80;484.2044067;0.3906369209;0;10.2493906;-0.1148496866;1.760150313;
25.63401604;100;80;483.5255737;0.3906369209;0;10.34939575;-0.1223703325;1.752629638;
25.79585648;100;80;482.7852783;0.3906369209;0;10.44941139;-0.1295657754;1.745434165;
25.97289276;100;80;482.0974426;0.4062623978;0;10.54940891;-0.1376410872;1.737358928;
26.14930344;100;80;481.3473206;0.429700613;0;10.64941788;-0.1453595906;1.729640365;
26.35588646;100;80;480.6499939;0.4453260899;0;10.74943542;-0.1540181041;1.720981836;
26.55627251;100;80;479.8887634;0.4453260899;0;10.84941483;-0.1622927189;1.712707281;
26.77130508;100;80;479.180603;0.4609515667;0;10.94942665;-0.1715675443;1.703432441;
26.97351456;100;80;478.4074707;0.4609515667;0;11.04942131;-0.1804213077;1.694578648;
27.19471169;100;80;477.6881714;0.4609515667;0;11.14942932;-0.1903257072;1.684674263;
27.3985157;100;80;476.9028015;0.4609515667;0;11.24944019;-0.1996865273;1.675313473;
27.61893082;100;80;476.1722107;0.4609515667;0;11.34944534;-0.2099671811;1.665032864;
27.82240105;100;80;475.3746033;0.4609515667;0;11.44943619;-0.2190802544;1.65591979;
28.04734802;100;80;474.6326904;0.4687643051;0;11.5494585;-0.2281634808;1.646836519;
28.25576973;100;80;473.8226624;0.4687643051;0;11.64946842;-0.2359065562;1.639093399;
28.48121262;100;80;473.0691833;0.4687643051;0;11.74944687;-0.2439393997;1.6310606;
28.68801308;100;80;472.2466431;0.4453260899;0;11.84945869;-0.2513850033;1.623615026;
28.89872169;100;80;471.4816895;0.4453260899;0;11.9494648;-0.2595461607;1.615453839;
29.09136772;100;80;470.6471252;0.4453260899;0;12.04948139;-0.2671269476;1.607873082;
29.30029678;100;80;469.8713684;0.4453260899;0;12.14948177;-0.2753881514;1.599611878;
29.48888016;100;80;469.025177;0.3906369209;0;12.24947357;-0.2830643952;1.591935635;
29.66778183;100;80;468.2389221;0.4453260899;0;12.34947395;-0.29142946;1.5835706;
29.86523819;100;80;467.3820801;0.484389782;0;12.44948101;-0.2991988361;1.575801134;
30.1238327;100;80;466.5855408;0.5937681198;0;12.5494833;-0.3076794446;1.567320585;
30.43296623;100;80;465.7153015;0.6797082424;0;12.6494875;-0.3155810237;1.559419036;
30.81681442;100;80;464.9034119;0.7187719345;0;12.74950314;-0.3242380023;1.550762057;
31.18638802;100;80;464.0132751;0.7187719345;0;12.84949303;-0.3323235214;1.542676449;
31.58669662;100;80;463.181488;0.7343974113;0;12.94950771;-0.3411878943;1.533812046;
31.96673012;100;80;462.2692871;0.7422101498;0;13.04949665;-0.349465698;1.525534272;
32.3959465;100;80;461.416687;0.7890865803;0;13.1495018;-0.3585442305;1.51645577;
32.81325531;100;80;460.4811096;0.7890865803;0;13.24953842;-0.367030412;1.507969618;
33.26616287;100;80;459.6059265;0.7890865803;0;13.34952068;-0.3763406873;1.498659253;
33.67067337;100;80;458.6453552;0.7578356266;0;13.44952393;-0.3850411177;1.489958882;
34.10990143;100;80;457.747467;0.7734611034;0;13.54954624;-0.3945784569;1.480421543;
34.52650452;100;80;456.7624817;0.7890865803;0;13.6495266;-0.4034872949;1.471512675;
34.98210144;100;80;455.8416748;0.7890865803;0;13.74955368;-0.4132558703;1.46174407;
35.40253448;100;80;454.831543;0.7890865803;0;13.84952736;-0.4223814011;1.452618599;
35.83379745;100;80;453.8676758;0.7968993187;0;13.94953346;-0.4318029583;1.443197012;
36.29686356;100;80;452.8318787;0.7968993187;0;14.04954243;-0.4419203699;1.4330796;
36.72468185;100;80;451.8639221;0.7968993187;0;14.1495676;-0.4513682127;1.423631787;
37.19774628;100;80;450.8024292;0.8125247955;0;14.24954414;-0.4617233276;1.413276672;
37.65673447;100;80;449.8103943;0.8984649181;0;14.34956074;-0.4713944495;1.40360558;
38.22029495;100;80;448.7216797;0.9609668255;0;14.44955444;-0.4820091426;1.392990828;
38.77430725;100;80;447.7021179;0.9765923023;0;14.54955578;-0.4919465184;1.383053422;
39.37085342;100;80;446.5810547;0.9531540871;0;14.64956188;-0.5028632283;1.372136831;
39.90321732;100;80;445.5310974;0.9375286102;0;14.74957085;-0.5130741596;1.36192584;
40.47951508;100;80;444.377655;0.9375286102;0;14.84957123;-0.5242810845;1.350718975;
41.01360703;100;80;443.2981262;0.9375286102;0;14.94957542;-0.5347592235;1.340240717;
41.5936203;100;80;442.1125488;0.9375286102;0;15.04957962;-0.5462542772;1.328745723;
42.14389038;100;80;441.0033264;0.9922177792;0;15.14958096;-0.557000041;1.317999959;
42.77168655;100;80;439.7849426;0.9609668255;0;15.24959183;-0.5687966347;1.306203365;
43.33275986;100;80;438.6442261;0.9531540871;0;15.34958458;-0.5798251629;1.295174837;
43.93806839;100;80;437.3916931;0.9375286102;0;15.44958973;-0.5919228792;1.283077121;
44.48262405;100;80;436.2200012;0.8984649181;0;15.54960918;-0.6032245159;1.271775484;
45.07559204;100;80;434.9341431;0.8000000119;0;15.64960194;-0.6155877709;1.259412289;
45.55327988;100;80;433.7322083;0.8000000119;0;15.74960613;-0.6270880699;1.24791193;
46.02223969;100;80;432.4160461;0.8254073262;0;15.84960461;-0.6394770741;1.235522866;
46.42992783;100;80;431.1890259;0.8501697779;0;15.94960976;-0.6507011652;1.224298835;
46.80911255;100;80;429.8475952;0.8437757492;0;16.04961967;-0.6625772715;1.212422729;
47.13333893;100;80;428.5997009;0.7734611034;0;16.14962006;-0.6732523441;1.201747656;
47.45397949;100;80;427.2380371;0.7734611034;0;16.24962616;-0.6844818592;1.190518141;
47.76276016;100;80;425.9727478;0.8437757492;0;16.34962845;-0.6945260763;1.180473924;
48.1360054;100;80;424.5925598;0.8984649181;0;16.44963264;-0.7050525546;1.169947386;
48.50267792;100;80;423.3088379;0.8984649181;0;16.54963493;-0.7144421935;1.160557747;
48.8989296;100;80;421.907135;0.8984649181;0;16.64966202;-0.724255383;1.150744677;
49.26328659;100;80;420.6031799;0.9062776566;0;16.74964142;-0.732974112;1.142025828;
49.65429306;100;80;419.1795349;0.8515884876;0;16.84965134;-0.7420409322;1.132959008;
49.99347687;100;80;417.8554382;0.8437757492;0;16.94965553;-0.7500534058;1.124946594;
50.3481369;100;80;416.4108582;0.7890865803;0;17.0496788;-0.7583317161;1.116668224;
50.6555748;100;80;415.0682983;0.7734611034;0;17.14966774;-0.7655930519;1.109406948;
50.97901917;100;80;413.6187744;0.7890865803;0;17.24966049;-0.7729668617;1.102033138;
51.32929993;100;80;412.2593079;0.8515884876;0;17.34966469;-0.7799653411;1.095034719;
51.68243408;100;80;410.7767639;0.8984649181;0;17.44967079;-0.7860206366;1.088979363;
52.08179474;100;80;409.3983765;0.8984649181;0;17.54967117;-0.7921328545;1.082867146;
52.45042801;100;80;407.8941345;0.8984649181;0;17.64867973;-0.7974053621;1.077594638;
52.81943512;100;80;406.4953918;0.8984649181;0;17.74869728;-0.8023225069;1.072677493;
53.21995163;100;80;404.9689636;0.8984649181;0;17.84868431;-0.80751127;1.06748879;
53.58992004;100;80;403.5497131;0.8984649181;0;17.94869041;-0.8124687076;1.062531352;
53.99098969;100;80;402.0010376;0.8984649181;0;18.04870605;-0.8181254864;1.056874514;
54.36138153;100;80;400.5612183;0.8828394413;0;18.1486969;-0.8236560225;1.051343918;
54.75989151;100;80;398.9903259;0.8828394413;0;18.24872589;-0.8300126791;1.044987321;
55.12384796;100;80;397.5300293;0.8828394413;0;18.34869957;-0.8362275958;1.038772345;
55.51700974;100;80;395.9371033;0.8828394413;0;18.44870567;-0.8433442116;1.031655788;
55.88113022;100;80;394.4566345;0.8828394413;0;18.5487175;-0.8502733707;1.024726629;
56.27689362;100;80;392.8417969;0.8828394413;0;18.64871979;-0.8581761718;1.016823769;
56.64356995;100;80;391.3410645;0.8984649181;0;18.74872208;-0.8658412099;1.00915885;
57.04937363;100;80;389.7041626;0.8828394413;0;18.84872818;-0.874556005;1.000444055;
57.41819382;100;80;388.1828308;0.8828394413;0;18.94873619;-0.8829812407;0.9920187593;
57.81845093;100;80;386.5236206;0.8828394413;0;19.04874611;-0.8925158978;0.9824841022;
58.1963501;100;80;384.981781;0.8984649181;0;19.1487484;-0.9017020464;0.9732979536;
58.59930801;100;80;383.3001099;0.8828394413;0;19.24873924;-0.9117960334;0.9632039666;
58.97396469;100;80;381.7374573;0.8828394413;0;19.34874344;-0.9211354256;0.9538645744;
59.37738037;100;80;380.025116;0.8828394413;0;19.44876099;-0.9306899309;0.9443100691;
59.77038956;100;80;378.4499207;0.8000000119;0;19.54875183;-0.938980639;0.936019361;
60.18006516;100;80;376.7226563;0.8000000119;0;19.64875984;-0.9473036528;0.9276963472;
60.50639343;100;80;375.117981;0.8182246685;0;19.74877357;-0.9542529583;0.9207470417;
60.83593369;100;80;373.3615112;0.8613011837;0;19.8487606;-0.9610073566;0.9139926434;
61.11692429;100;80;371.7393188;0.8828394413;0;19.94877815;-0.9665022492;0.9084977508;
61.38615799;100;80;369.9736328;0.8828394413;0;20.04879379;-0.9716297388;0.9033702612;
61.63458633;100;80;368.3368225;0.8828394413;0;20.1488018;-0.9755885005;0.8994114995;
61.90454483;100;80;366.5560303;0.8828394413;0;20.24877739;-0.9790176749;0.8959823251;
62.15353775;100;80;364.9052429;0.8828394413;0;20.34878731;-0.9813747406;0.8936252594;
62.42296219;100;80;363.109436;0.8828394413;0;20.44878197;-0.9830440283;0.8919559717;
62.65882492;100;80;361.4448242;0.7968993187;0;20.54879379;-0.9837594628;0.8912405372;
62.88454056;100;80;359.6345215;0.7343974113;0;20.64880753;-0.9836258292;0.8913741708;
63.06116486;100;80;357.9577332;0.5703299046;0;20.74882317;-0.9826585054;0.8923414946;
63.19908524;100;80;356.1359863;0.3750114441;0;20.84880829;-0.9806839228;0.8943160772;
63.27099991;100;80;354.4509277;0.1562547684;0;20.94881439;-0.9779908657;0.8970091343;
63.2804184;100;80;352.6234131;0.007812738419;0;21.04880714;-0.9741152525;0.9008847475;
63.22619629;100;80;350.9363403;0;0;21.14882088;-0.9696442485;0.9053557515;
63.1374855;100;80;349.11026;0;0;21.24884415;-0.9638149142;0.9111850858;
63.04053879;100;80;347.4268494;0;0;21.34882164;-0.9575161934;0.9174838066;
62.93395996;100;80;345.6060181;0;0;21.44882774;-0.9496978521;0.9253021479;
62.83563614;100;80;343.927887;0;0;21.54882622;-0.9415652156;0.9334347844;
62.72916794;100;80;342.112854;0;0;21.64884377;-0.9317668676;0.9432331324;
62.63101578;100;80;340.440155;0;0;21.74884605;-0.9218133092;0.9531866908;
62.52489471;100;80;338.631012;0;0;21.8488369;-0.9100509286;0.9649490714;
62.42712402;100;80;336.9637451;0;0;21.94884682;-0.8982940912;0.9767059088;
62.32136154;100;80;335.1604614;0;0;22.04885864;-0.8845874071;0.9904125929;
62.22390366;100;80;333.4985962;0;0;22.14885521;-0.8710434437;1.003956556;
62.11849213;100;80;331.7012024;0;0;22.24885559;-0.8554097414;1.019590259;
62.02137375;100;80;330.0447388;0;0;22.34886169;-0.8400963545;1.034903646;
61.91630173;100;80;328.2532043;0;0;22.44888687;-0.8225548863;1.052445054;
61.81950378;100;80;326.6021423;0;0;22.54887009;-0.8054957986;1.069504261;
61.71476364;100;80;324.8164368;0;0;22.64887238;-0.7862235308;1.088776469;
61.61792755;100;80;323.1707764;0;0;22.74887466;-0.7679550052;1.107044935;
61.51315689;100;80;321.3908997;0;0;22.84888649;-0.7485585809;1.126441479;
61.41656876;100;80;319.7506104;0;0;22.94893456;-0.732452035;1.142547965;
61.31241608;100;80;317.976532;0;0;23.04891014;-0.7177092433;1.157290816;
61.21657562;100;80;316.3415833;0;0;23.14891243;-0.7067949772;1.168205023;
61.11288452;100;80;314.5732422;0;0;23.24889565;-0.697627604;1.177372336;
61.01730347;100;80;312.943573;0;0;23.34889793;-0.6908506751;1.184149384;
60.91395187;100;80;311.1809692;0;0;23.44891548;-0.6849063039;1.190093756;
60.81870651;100;80;309.5566101;0;0;23.54890633;-0.6805387139;1.194461346;
60.71567535;100;80;307.7997742;0;0;23.64891815;-0.6768778563;1.198122144;
60.62075806;100;80;306.1806946;0;0;23.74892044;-0.6744229794;1.200577021;
60.51809311;100;80;304.4295654;0;0;23.84891891;-0.6727319956;1.202268004;
60.42348099;100;80;302.8157654;0;0;23.94892311;-0.6720468998;1.2029531;
60.32114029;100;80;301.0703125;0;0;24.04892349;-0.6722432375;1.202756763;
60.22684479;100;80;299.4617615;0;0;24.14892769;-0.6732853055;1.201714754;
60.12482834;100;80;297.7220154;0;0;24.24892998;-0.6753404737;1.199659467;
60.0308342;100;80;296.1187134;0;0;24.34894562;-0.678088963;1.196911097;
59.92916489;100;80;294.3846436;0;0;24.44894028;-0.6819851398;1.19301486;
59.83545685;100;80;292.7865601;0;0;24.54894447;-0.6864233613;1.188576698;
59.73414993;100;80;291.058136;0;0;24.64896202;-0.6920545697;1.182945371;
59.64069748;100;80;289.465271;0;0;24.74895668;-0.6978615522;1.177138448;
59.5395813;100;80;287.7424622;0;0;24.84895897;-0.7042815089;1.170718551;
59.44636917;100;80;286.1547852;0;0;24.94896507;-0.7093788385;1.165621161;
59.3456192;100;80;284.4375916;0;0;25.04898834;-0.7135378122;1.161462188;
59.25284576;100;80;282.855072;0;0;25.14897537;-0.715988934;1.159011126;
59.15253448;100;80;281.1434326;0;0;25.24897957;-0.7170733213;1.157926679;
59.06004715;100;80;279.5660706;0;0;25.34897995;-0.7168722153;1.158127785;
58.96003723;100;80;277.8600159;0;0;25.44898605;-0.7159482241;1.159051776;
58.86787796;100;80;276.2877502;0;0;25.54898262;-0.7146571279;1.160342932;
58.76818848;100;80;274.5872498;0;0;25.64898872;-0.7128978968;1.162102103;
58.67632294;100;80;273.0201111;0;0;25.74899292;-0.711014688;1.163985252;
58.57696533;100;80;271.3251648;0;0;25.84900284;-0.7087310553;1.166268945;
58.48540115;100;80;269.7631226;0.007812738419;0;25.94900131;-0.7064118981;1.168588161;
58.39599991;100;80;268.0736389;0.02343821526;0;26.0490036;-0.7036785483;1.171321392;
58.32016754;100;80;266.5163879;0.06250190735;0;26.14901543;-0.7009550929;1.174044847;
58.25528717;100;80;264.8316345;0.04687643051;0;26.24901009;-0.6977877617;1.177212238;
58.19483948;100;80;263.2781067;0.06250190735;0;26.34903145;-0.6946635842;1.180336475;
58.13269806;100;80;261.5969849;0.06250190735;0;26.44902611;-0.6910608411;1.183939099;
58.08140182;100;80;260.0467529;0.1015655994;0;26.54901886;-0.6875351667;1.187464833;
58.04291534;100;80;258.3688354;0.1328165531;0;26.64902878;-0.6834977865;1.191502213;
58.01681519;100;80;256.8209534;0.1406292915;0;26.74903107;-0.6795678735;1.195432067;
57.99608612;100;80;255.1448975;0.1953184605;0;26.8490448;-0.675090313;1.199909687;
57.98559952;100;80;253.5982819;0.2109439373;0;26.94903564;-0.6707529426;1.204247117;
57.98091125;100;80;251.9230957;0.242194891;0;27.04904938;-0.6658322215;1.209167838;
57.98498154;100;80;250.3768768;0.2656331062;0;27.14904404;-0.6610848904;1.21391511;
57.99763489;100;80;248.7016907;0.2812585831;0;27.24904633;-0.6557187438;1.219281316;
58.01430893;100;80;247.1550293;0.3203222752;0;27.34905434;-0.6505593657;1.224440694;
58.04296875;100;80;245.4789734;0.3593859673;0;27.44906425;-0.6447455883;1.230254412;
58.07892227;100;80;243.9311066;0.3906369209;0;27.54906464;-0.6391717196;1.23582828;
58.1278801;100;80;242.2531433;0.4140751362;0;27.64906311;-0.632907033;1.242092967;
58.17739868;100;80;240.7030029;0.4140751362;0;27.74906731;-0.6269145608;1.248085499;
58.23141098;100;80;239.0222168;0.4140751362;0;27.8490715;-0.6201958656;1.254804134;
58.28039169;100;80;237.4693604;0.3750114441;0;27.94907951;-0.613784492;1.261215448;
58.32353973;100;80;235.7856445;0.4140751362;0;28.04907799;-0.6066108942;1.268389106;
58.36865997;100;80;234.2303467;0.3750114441;0;28.14914703;-0.5997792482;1.275220752;
58.41135406;100;80;232.5440826;0.3515732288;0;28.24908829;-0.5921505094;1.282849431;
58.43708801;100;80;230.9864655;0.2265694141;0;28.3490963;-0.5848989487;1.290101051;
58.40712357;100;80;229.2984009;0;0;28.4491024;-0.5768187642;1.298181176;
58.32378769;100;80;227.7411194;0;0;28.54909897;-0.5691622496;1.30583775;
58.22459412;100;80;226.0565796;0;0;28.64910507;-0.5606579781;1.314342022;
58.13389969;100;80;224.5040131;0;0;28.74910927;-0.5526157022;1.322384238;
58.035923;100;80;222.8247833;0;0;28.84911728;-0.543697238;1.331302762;
57.9450264;100;80;221.2772369;0;0;28.94912529;-0.5352763534;1.339723587;
57.84673309;100;80;219.6034393;0;0;29.04911804;-0.5259504318;1.349049568;
57.75630951;100;80;218.0608978;0;0;29.14916039;-0.5171560645;1.357843876;
57.65850067;100;80;216.3925323;0;0;29.24913788;-0.5074275136;1.367572427;
57.56834412;100;80;214.8549957;0;0;29.34913635;-0.498262763;1.376737237;
57.47079468;100;80;213.1920624;0;0;29.44913864;-0.4881510437;1.386848927;
57.38061905;100;80;211.6595306;0;0;29.54913712;-0.4788300991;1.396169901;
57.28295898;100;80;210.0019989;0;0;29.64915466;-0.4689640105;1.406036019;
57.19290161;100;80;208.474472;0;0;29.74915123;-0.4611538053;1.413846254;
57.09552765;100;80;206.8223724;0;0;29.84915733;-0.455260247;1.419739723;
57.00577545;100;80;205.2998352;0;0;29.94916916;-0.4525289536;1.422471046;
56.90871048;100;80;203.6531219;0;0;30.04917908;-0.4527128339;1.422287107;
56.81954575;100;80;202.1355743;0;0;30.14918137;-0.4557985365;1.419201493;
56.72328186;100;80;200.494278;0;0;30.24917603;-0.4621646106;1.41283536;
56.63450623;100;80;198.9817047;0;0;30.34917259;-0.4702316821;1.404768348;
56.53844833;100;80;197.3457642;0;0;30.44918442;-0.4803450704;1.394654989;
56.45002747;100;80;195.83815;0;0;30.54918098;-0.4904697537;1.384530306;
56.35435486;100;80;194.2075653;0;0;30.649189;-0.5020700097;1.37293005;
56.26617432;100;80;192.7048798;0;0;30.74919701;-0.513235569;1.361764431;
56.17078781;100;80;191.0796204;0;0;30.84918976;-0.5257617235;1.349238276;
56.08290482;100;80;189.5818329;0;0;30.94918633;-0.537697196;1.337302804;
55.9878273;100;80;187.9618835;0;0;31.04920197;-0.5510179996;1.323982;
55.90019989;100;80;186.4689789;0;0;31.14920235;-0.5636704564;1.311329484;
55.80542374;100;80;184.8543243;0;0;31.24920654;-0.5777601004;1.2972399;
55.71808243;100;80;183.3663025;0;0;31.34923744;-0.5910850167;1.283915043;
55.6235199;100;80;181.7569122;0;0;31.44922829;-0.6057418585;1.269258142;
55.53633499;100;80;180.2737427;0;0;31.54921532;-0.6192501783;1.255749822;
55.44203568;100;80;178.6696014;0;0;31.64921951;-0.6330618858;1.241938114;
55.3551445;100;80;177.1912689;0;0;31.7492733;-0.6446297765;1.230370283;
55.26128387;100;80;175.5923462;0;0;31.84925652;-0.6558132172;1.219186783;
55.1747818;100;80;174.1188049;0;0;31.94922638;-0.6648596525;1.210140347;
55.08071518;100;80;172.5250549;0;0;32.04924393;-0.6737188101;1.20128119;
54.99489975;100;80;171.0486603;0;0;32.14923859;-0.6813420057;1.193657994;
54.90163803;100;80;169.4677429;0;0;32.24924469;-0.6892753243;1.185724616;
54.81567001;100;80;168.0037689;0;0;32.34924698;-0.6963295341;1.178670406;
54.72220612;100;80;166.4127808;0;0;32.44924545;-0.7037687898;1.171231151;
54.6364975;100;80;164.9611969;0;0;32.54925156;-0.7104005814;1.164599419;
54.54377365;100;80;163.3829803;0;0;32.64926147;-0.717374444;1.157625556;
54.45835114;100;80;161.9209595;0;0;32.74925995;-0.7236215472;1.151378512;
54.36592865;100;80;160.3479004;0;0;32.84926987;-0.7301841378;1.144815803;
54.28074646;100;80;158.8982086;0;0;32.94927597;-0.7360535264;1.138946533;
54.18861389;100;80;157.3302765;0;0;33.04928207;-0.7422091961;1.132790804;
54.10370636;100;80;155.8853149;0;0;33.14927673;-0.7477046251;1.127295375;
54.01186371;100;80;154.3224945;0;0;33.24928284;-0.7534570098;1.12154305;
53.92721176;100;80;152.8822479;0;0;33.34929657;-0.7585813999;1.1164186;
53.75127029;100;80;149.8889771;0;0;33.5492897;-0.7686890364;1.106310964;
53.65998077;100;80;148.3363342;0;0;33.64929581;-0.7736436725;1.101356268;
53.57585526;100;80;146.9054565;0;0;33.74930191;-0.7780356407;1.096964359;
53.4848671;100;80;145.3578796;0;0;33.84931183;-0.7825972438;1.092402816;
53.40100479;100;80;143.9316864;0;0;33.94931412;-0.7866272926;1.088372707;
53.31028748;100;80;142.3891602;0;0;34.04931641;-0.7907986641;1.084201336;
53.22668457;100;80;140.9676208;0;0;34.1493187;-0.7944712043;1.080528855;
53.13625717;100;80;139.43013;0;0;34.24932098;-0.7982563376;1.076743722;
53.05292511;100;80;138.0132141;0;0;34.3493309;-0.8015732765;1.073426723;
52.96276093;100;80;136.4807434;0;0;34.44933701;-0.8049759865;1.070024014;
52.87966919;100;80;135.0684662;0;0;34.54933548;-0.8079411983;1.067058802;
52.79066849;100;80;133.5410004;0;0;34.64934158;-0.8109362721;1.064063668;
52.70093536;100;80;132.1479797;0;0;34.74934387;-0.8137657046;1.061234236;
52.61823273;100;80;130.625473;0;0;34.84936905;-0.8162041306;1.05879581;
52.52877045;100;80;129.2223816;0;0;34.94936752;-0.8186590672;1.056340933;
52.44634247;100;80;127.7048416;0;0;35.04834747;-0.8207545877;1.054245353;
52.36400604;100;80;126.299057;0;0;35.14835358;-0.8226857781;1.052314281;
52.27495575;100;80;124.7937546;0;0;35.24835968;-0.8245931268;1.050406814;
52.19289017;100;80;123.3998184;0;0;35.34837723;-0.8261853456;1.048814654;
52.10411835;100;80;121.8921814;0;0;35.44836426;-0.827727437;1.047272563;
52.02228928;100;80;120.5028;0;0;35.54838562;-0.8289832473;1.046016693;
51.93379974;100;80;119.0000916;0;0;35.64839172;-0.8301633596;1.04483664;
51.85223007;100;80;117.615242;0;0;35.74837875;-0.8310860991;1.04391396;
51.76400375;100;80;116.1174545;0;0;35.84838486;-0.8319073915;1.043092608;
51.68267822;100;80;114.7371368;0;0;35.94838715;-0.8325007558;1.042499185;
51.59469986;100;80;113.2442398;0;0;36.04838943;-0.8329657912;1.042034268;
51.51364899;100;80;111.8684311;0;0;36.14839172;-0.8332320452;1.041767955;
51.4259491;100;80;110.3804169;0;0;36.24840546;-0.8333454132;1.041654587;
51.34513474;100;80;109.0091171;0;0;36.34840012;-0.8332882524;1.041711807;
51.25769424;100;80;107.5259705;0;0;36.44842529;-0.8330518603;1.04194808;
51.17711639;100;80;106.1591492;0;0;36.54840469;-0.8326743841;1.042325616;
51.08997345;100;80;104.6808548;0;0;36.6484108;-0.832092464;1.042907596;
51.00963593;100;80;103.318512;0;0;36.7484169;-0.8313964605;1.043603539;
50.92274475;100;80;101.8450546;0;0;36.84844208;-0.8304725289;1.044527531;
50.84265137;100;80;100.4871674;0;0;36.94843674;-0.829462111;1.045537829;
50.75602722;100;80;99.0185318;0;0;37.04842758;-0.8281978965;1.046802163;
50.67616653;100;80;97.66509247;0;0;37.14845276;-0.8268759251;1.048124075;
50.58981705;100;80;96.20127106;0;0;37.24844742;-0.825276196;1.049723864;
50.51020813;100;80;94.8522644;0;0;37.34844208;-0.8236449957;1.051355004;
50.42410278;100;80;93.39322662;0;0;37.44844055;-0.8217120767;1.053287983;
50.34473801;100;80;92.04863739;0;0;37.54845047;-0.8197752833;1.055224776;
50.2589035;100;80;90.59439087;0;0;37.64844894;-0.8175121546;1.057487845;
50.17985535;100;80;89.2542038;0;0;37.74845505;-0.8152723908;1.05972755;
50.09459686;100;80;87.80471802;0;0;37.84846497;-0.8126825094;1.062317491;
50.01630402;100;80;86.46891785;0;0;37.94846344;-0.8101425767;1.064857483;
49.93191528;100;80;85.02414703;0;0;38.04852295;-0.8072289228;1.067771077;
49.85438156;100;80;83.69268036;0;0;38.14848328;-0.8043913245;1.070608735;
49.7708168;100;80;82.25259399;0;0;38.24847412;-0.8011566997;1.073843241;
49.69406128;100;80;80.92542267;0;0;38.34849548;-0.7980245948;1.076975465;
49.61130524;100;80;79.48996735;0;0;38.4485054;-0.7944728732;1.080527186;
49.53531647;100;80;78.16705322;0;0;38.5484848;-0.7910479903;1.08395195;
49.45339584;100;80;76.73617554;0;0;38.64850616;-0.7871807218;1.087819338;
49.37815094;100;80;75.41747284;0;0;38.74849319;-0.7834668159;1.091533184;
49.29704285;100;80;73.99114227;0;0;38.84850311;-0.7792868018;1.095713258;
49.22251511;100;80;72.67660522;0;0;38.94849777;-0.7752857804;1.099714279;
49.14220428;100;80;71.25476837;0;0;39.04850388;-0.7707967162;1.104203343;
49.0684433;100;80;69.94436646;0;0;39.14850998;-0.7665112615;1.108488679;
48.98891449;100;80;68.52697754;0;0;39.24851227;-0.7617157698;1.11328423;
48.91585541;100;80;67.22066498;0;0;39.34852219;-0.7571480274;1.117851973;
48.83712387;100;80;65.80768585;0;0;39.44852066;-0.7520473003;1.1229527;
48.76479721;100;80;64.5054245;0;0;39.54852295;-0.7472006679;1.127799273;
48.68683624;100;80;63.09680939;0;0;39.64853668;-0.7417985797;1.13320148;
48.61523056;100;80;61.79854965;0;0;39.74853516;-0.7366741896;1.13832581;
48.53802109;100;80;60.39426041;0;0;39.84853363;-0.7309731841;1.144026875;
